1732396106
2045014575
-1488464344
33956312
-867268466
-304250826
-565857224
-100459152
-34186136
604900821
-75691571
1266723730
-1539450617
2138123484
870024010
-1712798099
1846288090
301848714
-1637007739
862876906
615203394
649623089
-2037127015
-289278485
-888287351
1137261594
36791547
-876225577
-1756095983
1230480037
-1041411637
-344204202
-973419824
457786293
2086534508
-1182246823
1321165307
-1660629942
1079157078
-1172840356
-1428250623
-2059410322
537261610
-1176356625
-1642329670
-1360449195
333280518
1069196145
1061223392
1773000127
1221253658
1070952223
-189464131
-357821279
-1045775237
-1662577076
1438147366
1121647107
-850112713
-356422671
-1411048025
919154219
834379688
-581460632
1781120255
1758680827
-2134317811
-1906701196
1236584142
-1911247977
446477654
1193756036
-1048662644
-715481526
1143092030
1155503672
1435205309
1485750442
491620767
1027409956
1457307746
-493337095
1769359361
-1935031341
1604268466
-1477916722
455242867
1965760526
1470587658
-855756556
-1802475874
-1034428067
-2029299423
-430050671
211468310
1425305037
248950655
-1892948086
-1787619853
1631058163
-1648759249
-121533914
-983228512
-1452676047
-412285261
80764913
-224559374
1404505911
76033079
1323614178
-1626573445
-1978518324
-1659536631
533485247
-97641696
1173123022
2102469449
-541717056
-116987415
734860407
-919270692
1628911474
977056536
1553074657
2076711590
-1732499746
-635350660
-1750782005
-1174885641
-1255631638
839232774
-352592739
-246627515
1523480574
-998186084
-1216235607
-399892196
1239953897
-423580883
-1025477709
723728978
942487558
-88784635
-290837069
1876274814
-228157030
-935560607
-2130414632
498719657
1247479936
160746054
-2142357296
-1492481466
853559303
-90550130
-904186042
1659298911
542778907
1742554690
1518569900
1296051217
499999394
-1413326033
-1016169927
1145562426
2016356648
1641207987
2020331317
-718641552
-1056964419
-1804886569
857675636
1714226484
-1328851427
1415006370
-227230945
-100249242
1246225
634462380
-1676618566
179966972
599817749
1882429168
-1829279
682231022
1605075259
778989286
1507016532
1881631860
1616932687
-611457839
-1591614026
1138828147
1934538810
-245537451
957978769
-2142460108
338294187
214280780
1718787613
-220187562
1439603955
-986754855
1234424385
-488694522
1185246000
-1490010948
-887920294
-136786324
-762384467
1348164839
-1371890886
-2029110936
1897060489
-143678126
-387286414
66622077
-1406868074
1654411787
23100372
-462971635
-460610174
1784530832
-583175629
492631494
-1156357828
1003988064
2048524908
-2043867044
-478553712
-20588593
320852906
-221913992
1973795604
-899165670
1624178660
-276412945
-846795705
-1083825734
-863270742
1745945655
-802481674
199496188
-1996041183
-1976013546
-1083955743
-940302639
-1353353652
1036533403
1259625374
1153389026
1992411788
483234898
302944190
891084007
-814734999
-179536974
1924566317
878216505
-1913551214
945150938
930116830
-1531202395
-1406246110
-93870980
179565479
-1000979582
719487012
690780185
-1937608087
-1732161531
-629658279
-1437645458
-1655856013
-211306797
-894922696
963281965
-615639001
612696279
-1574740171
123865328
757050846
-456861099
2061536582
2129765482
1903433993
-914725057
-1461540446
-936771105
1443483544
252184775
-1604782133
37255381
-501740642
1300588597
-511933489
-143800821
1078379317
2117786361
-999049527
-968695894
-1001145698
-1570343933
1513893806
-1973790534
1727272109
-30386606
-2125274043
493881303
26477923
-1426514741
835636855
688907556
1502382812
-880383157
-719148600
-1039641730
-1853796245
-935396097
-302086875
-451196684
1310138371
451462130
487730399
1555368567
-749369896
-1653543449
-1409437449
-1062834483
-1878226363
1601102440
-1194488932
2118900939
247571952
1737526815
640953329
-1201047357
-1774889941
-1171288221
-544544494
-1785187014
147122077
-1707861995
1472242008
2040969950
-805141215
1717803181
2147256796
353131446
51865837
814123151
-1709182406
213616027
153278966
1186062243
481951894
-813406234
-284528749
1186338084
1974249956
-2079342486
-1739158176
-243353674
1995598435
-1903885404
385890660
491451070
32014953
778982449
1824764022
-1151822610
-2122728602
127925631
64838875
-1658819554
-1631454942
-485464633
1934431028
1205602914
-2038228151
-1578587334
-300566122
-805681064
71824169
-1125818246
-1146241798
447289537
-1566944839
-274588597
-1674118953
-2031058606
578646492
31576202
995816717
2068040908
-1213316377
1536236637
722640389
-1792325046
255809376
39783851
175037205
-1074123303
-1019315192
1285293518
-571889880
-1700174259
1282292508
1943385479
2099089309
-1121354670
318623702
-308124622
-1086603920
1477103297
80629306
696055354
-1971917673
-1484996556
729547534
-625580338
-1927547474
-375805476
2052018217
345549012
-2022257195
821995409
1420331248
807543582
640491736
353079594
-995192035
629160923
1537599889
169391374
-1472180286
-622680241
1856482442
179644427
732237965
-39293498
-87213850
953794149
779656525
-1786585915
1862996864
-1742077390
-602698315
1647957891
494792788
-367150364
226032478
-1350550889
1079827998
-813508057
1943982098
100550385
-395311040
2037441005
276182087
-1734129650
873935592
-1815865402
-462560792
-1867585177
1895388529
1841830260
-746561701
754315050
-2010581238
1344186046
2013030079
-1058191828
-752930411
308851844
-1319764619
-381575395
-508985648
1560616211
1513291746
628164860
-603671622
614039994
684598642
-2093007155
-1155412433
995045789
-524828449
825531529
565672149
-940103224
-810827598
-605884586
-309499589
-622493049
-190270455
1571460344
-1080230850
-1803166220
283891611
