-445800826
2104800431
-1750094896
1781690105
-1522144672
-721256398
450516630
-455021034
-500274848
-540875160
1958653389
-944457975
-539032753
1368491600
-1410063971
1772974096
1411239578
-63339030
1659741093
-98093608
1908379460
-1851074531
-1952235253
-1024512517
280801566
1302559961
225626580
-1196409399
1298084150
-890626176
-174909067
-273815222
803285644
-1574324351
-1139092311
-442524029
2132474379
1330908998
-2041270140
1440674040
-145019465
678122832
1479055047
255822194
1500623650
1005656991
-1425917066
-1693463038
2023422244
-1472501418
-2045577304
1328383557
-544278326
1037484703
-1286210147
34209768
1354979726
2509516
328940053
724399982
992945352
-1226742594
55473887
-310261456
-556680092
1126200714
-1359637841
-962023771
-500823851
-1314869928
-1430658508
1478626275
1321603657
469826191
-117567894
-1471475355
-1894614754
-1036481746
1514341420
176633358
200573332
1856602236
-1984706292
-1821356690
1476961987
674805988
1188645222
402341443
-2014648114
-1996631015
1802793907
2035490113
-46314920
1135400321
227423514
-1291538411
-963366602
-1743976241
-424531124
1378917543
16490086
-1243149070
323100560
-1155872609
-880578240
-2146555603
891133724
-1026446037
963652075
1422348422
750404775
2098242302
-678371567
-1475184796
-662796485
-819172709
1410489046
1837178739
-1795546545
619730
1630704389
-997245493
-558601452
2131734411
834072716
-1306402992
1492789007
-519578942
-717546966
773926747
1369028583
1175103953
429209190
-1822833511
1763029120
795489525
2028460226
-601139149
1858283336
872578826
-2134307280
-1236710609
1909086671
-186248295
963198149
-1389126123
139818397
1881669908
-1961112916
-1403699499
1990367807
332706655
-800145316
1092538599
-1653905245
1145008786
2031999501
289625012
-345656411
-287143427
1736490087
1269713716
1304831465
174873452
-287620995
-1172222249
-1327042326
-579607893
-760083719
-270458199
-910042797
-1544327860
1572135575
-1380401488
-334613363
-934245721
-2022475306
1729816728
-993481832
-1146849247
-483876883
898712465
653514526
1785236913
-1202516740
-248382856
1035864261
-86085984
-1651360381
1958963252
-1926638140
-1715207537
1521553687
-859348382
639383225
-2074117442
-818995118
-1742861772
1569476792
-1393563766
1781857803
-1047902314
-1916912729
2085823031
653187014
-513781102
-583837240
-1988489489
1879845230
-1740050700
2123371670
558922506
769292353
-2054537679
811602645
676207504
794577162
-1225700476
547306468
-29724677
656197014
-1803176359
2139036757
1694862656
1536410976
-119333138
-1807384641
154408208
-1477104242
-425051848
-1214622766
-1115890341
1753340960
-969561597
761800875
404425749
-870346138
1524437596
114549352
1061137211
-681536845
1590881586
1610969087
-281413352
846914895
-2041568454
-289105077
1084094660
-549816143
1217034515
-1148565913
1394935533
-587689747
1428241323
1742187071
-1417906471
-229229973
-780284192
-945132957
-218989653
-1507937319
22807145
436048414
-1875779100
1838285666
-1568124681
1924452039
-1270784724
1034365727
874540439
542145366
1862495826
-1311199027
1870971738
111038777
-423615087
-2063242048
451922742
646173288
655508757
52089880
-309175250
1195163831
690325436
-1277349327
-1184736847
-264685974
-1043591136
-881490593
1505453119
1902916622
1439515605
-474746149
-976785326
-2087405690
1647351535
1282475511
77555579
1343795300
-1586820154
-2123944295
-311281718
1101686137
2004773628
1535193830
-1979517581
-2124013650
847607743
-1439594435
1941238445
815738389
-216488885
-2110666906
-1788415523
1399887674
-592770382
-1454854133
-1127426573
-1667822657
-1447580193
-1113034906
1460237588
1432284711
1452492503
-1570890181
2084598137
-37059599
943137346
610707977
384973974
-691952664
916312618
-192111237
-328030082
-1017285191
-1131235327
-327844828
-1511216251
343414470
1029810920
142386540
-1418970586
1003567161
1944337966
-1486556476
-963552473
-1080685989
-96572394
197756193
-1759651333
1428949285
-696997667
214529446
180435814
-536642025
-1574854150
-1829675613
1235015783
1479527240
456273319
1461774782
204751697
-774843458
82980512
978971759
-1541645510
322573567
605909034
172598193
1493021081
1098466791
-363610538
640951797
765797930
581406396
-1249919354
-168482214
-416817899
-1735545217
-1028371408
-1337417701
-389156018
634691972
-2114167327
1774242121
1690932542
1099013444
-2049591675
-1443443527
-1443472477
-1189776014
97445605
-606211265
1144459956
-2037072309
-867867792
1475413019
-439988345
-29409230
1674097213
-1233881933
-164595785
-1793945477
-1384909488
-1266720894
1710497601
1453122438
1994347803
-1691847088
1580196014
1533176848
-1335947448
-1806474333
1351816055
-1301750843
324939189
795758453
792265892
-1918772968
687811007
20347686
1953273269
-2094629289
51183555
1872111795
-1983093306
432223737
-1326745886
2099069224
-618272531
-277575622
-1612865277
-1715900845
-438300186
-1184190999
98948893
-412509255
942961138
1613954176
284341686
-51113266
234877691
486768501
2101403046
1835378271
-371027972
-535407921
370244896
1553178962
-1292390497
1623692027
1733420274
1178692754
-404290265
268563935
-36655605
572923972
-374858865
431186223
845230910
-98732994
693169907
-1547431424
-619289788
1284686776
-1226164177
1302342042
-657838329
-1695803324
-1043706171
1946989457
1320622109
-442077189
-1482570492
385775894
708682642
-1523338504
879960677
867841418
1111995626
-893514742
1432444983
-1981087661
-866642587
905681060
1087835263
-1076559885
-1049318524
-1065835496
-1572718823
-1382565290
1660823244
-496115196
-1128297182
-757819798
-1217387575
479943692
1758545561
37970677
758189141
-990378295
-471545277
-1660422494
-1236715495
-862899712
1463036880
423181660
-2024992428
1123305494
-457250757
1698383582
373178843
573608131
-1360558986
965945994
803482720
-1524241658
1475998277
-571157382
-1420020234
-1682918824
-1397170327
-373813291
-525949996
-594394332
-1102163199
1289970275
134025560
-822553995
1860058413
2060488034
-921976241
-1266643727
381672692
-78133351
-1023978125
-1145884411
1229791335
1621886126
-1129538764
1101699169
495280902
-1478238796
-2138008389
181265575
-1699533215
902819592
1937956651
-1779940514
-904208126
-629620900
-1920659671
760446252
1588748170
-928283628
243122334
-1629502396
826291225
228480720
-1279893829
-540707300
-331169805
1948889161
790554685
-1652243357
98984799
-1734460320
-1873595407
1382185266
-1990475822
1394301812
1427208570
-747615615
-1840416691
666625267
462037586
436367580
-1085860861
-1825308877
-521328882
-631540395
685041469
1490296962
1108966629
410151612
-1522588030
1234341243
261576562
-1723398643
-1170176014
-1006770021
1766736568
-1099281879
-1455745294
-1341085933
2113165671
-233194807
1970544141
1359380191
1984174941
