735954368
-986648889
1692306791
-1537420807
1192739133
1010047005
-1940690631
-1881748227
-1444703491
2044007393
-1692864188
1958292793
-682605462
-275226871
2123609381
313682039
624969139
249013041
-1323758839
1031182731
-1995354433
961001081
-1525425204
87317723
-1859331235
1795437998
-375284670
115110177
447198911
230169767
-1074460717
322707567
2039106088
-1139998479
-2020511668
-43600525
767730404
-754920786
894088948
904560892
693920633
240928697
1394819806
353514428
-576056293
75650318
-1092450179
-1824812977
802063972
-1233954199
1205073533
660126075
-2134097852
157606956
1120361424
-1723752263
-1121181131
2046371717
1533614854
-1949345548
-72631117
-1406165809
345620193
571691408
1417087211
1222270009
600949800
2006498733
41449650
1744445605
-954749765
1035905964
2038796728
1092424914
1591455719
69046513
1172146173
234540732
-2039636997
-674017814
1456638851
-1437983422
66501915
-1715671472
-825377468
477334537
-1389699757
-833246803
-781648026
-1886535264
-1786727953
-1620645859
-1135012692
2118065124
-420263415
942493528
613794607
-1577963866
-598519198
-1135404049
768929358
1350633610
-1119337867
-1990178091
-364323869
374694449
361678537
-1387964640
1658919095
-1170596966
-603784058
-72511471
1750118455
1157409733
-539340213
-1424864431
34843495
-675060071
-1269161410
576223101
366545686
-353911545
-493528733
-1537846556
106279250
980540270
1720500273
-667465073
-1881674210
256199232
1051900002
412108161
171615074
-2098957082
59540490
-950607809
-1638779870
-1179960607
1446537707
923950226
-2015579406
717156145
1229015815
-1580906102
2141324201
-671847943
1553825141
8071110
721937492
-1462562717
-180354952
-1017803277
1781076333
-320473407
1870683597
-1918332527
-2101479091
-1191542540
-1425093565
1550743549
404271838
1660822801
-1401985135
1263989675
912075668
-1222429631
877695331
1983279538
1010417821
-1458647576
-708980810
-304202867
1643362134
-1420795640
-1838039963
414085407
-237090559
-1870307353
-1650533886
482287351
-460704331
-627963408
-223321623
-1685195563
-1788407147
-1081970730
-1677631598
1509056621
980338500
1865750015
379170087
-1292758934
-167317864
1797445919
1223009622
1965826997
-188019059
279836962
743874151
422676726
2091768699
-123965874
304579216
-276475302
-15795573
301984936
1667373448
-815267433
-1220151449
-1777321577
-923347111
272437292
-1443208912
866301895
-1014872966
-829802515
-1297333579
1446268240
813191964
260325310
-481334816
-735508458
-316721724
-1424666466
-1324404109
-600365966
1816693529
-1467672857
410503156
-785819119
1934684927
497759187
362615526
796824348
1792762083
-1743207614
27706681
1210806681
1899937624
-1691485767
-777242110
-517716208
754039011
165486253
-96330642
-576953743
-710297070
657221378
986122740
1196546100
-123764526
-1180929074
-1701076023
772483266
-1598239486
1404139873
-196754535
886991123
463210051
-1690742135
-28981389
-1808805481
-109319407
-238484463
-2107627260
1037031258
-573137641
797996171
-2121477113
2088711010
-1855152450
1313561679
803270652
1268874331
-1433823738
1224913347
-941682409
357381750
1179773081
-155052581
719651963
-26051187
1128629533
-426179357
-1943163993
1220521354
1393913289
-361246852
542153520
444443913
95344698
-118186013
328233136
-1810645444
-1439172985
-872083591
686035966
192739855
-370688622
1484591231
431380383
2113395084
1164131489
535572512
-1910854533
1507488127
-455058900
-260148044
-1242768173
603735133
1324812792
-451519422
-935525774
-942616991
-955821980
657047367
113781794
-1789120521
195798786
-599549003
441542241
-1361208738
-2062248343
-693564354
1773542228
2007065224
1403230536
-1547702319
1540619772
539418180
367566014
-1078327964
-1559890777
-1075548258
998683113
1693417460
-748636504
1018585733
-1246116675
981489353
-1573973687
564887726
1199598614
830723582
-2135357440
883720120
1812604687
243413824
2103460833
849980817
591109012
1449929429
-674265516
1590460183
656386613
-956241696
-694021369
685827330
1664445245
-623721757
-1178385115
-469464320
-1661441789
-1927314044
471188424
-2031590111
1157737343
431577747
1811220907
-1932316811
1727359263
-1920365749
-65326045
5882866
-1118146341
-452549929
1755336015
1487694491
2058723718
864793880
-177764978
1587972063
1679098471
-384381531
664932401
-1447015106
937120008
265341715
576100209
886591538
-145352627
404826741
1767340963
-104518836
-1078614841
355764006
1040273833
-1090679396
1084189258
-1123757371
549344427
1051155542
822652604
-228685440
1759690503
1615121073
529567280
1968072341
-717144443
1614842898
-1351766990
-1290314474
1645606863
-787970967
1601513060
-1165436692
937020703
1652071131
-754607031
-2138469347
-1049174982
877499041
-973447072
-752137135
-1301125220
829558319
980952692
1273021585
1043308276
-92921704
2057683762
-71958702
-340657454
1336152368
2121847035
1794706610
880615326
-1389677198
2145865211
1490045184
-1801749556
263460
-1286830214
-1290795134
1823741261
2126433465
2011227762
-881220239
1487616584
-392125963
-100044448
1772767560
-1664022263
-1115128105
1480398687
278909501
1952187193
-1806653774
1619728497
2015280143
1025318991
436124060
28253984
-1381238014
1228804934
-1403577844
1951719237
-1434840025
263305104
76449982
-386511321
198768097
1107941705
1025448666
2044512199
1722569891
702860464
1182002772
545174905
-865824770
2086176978
-613334891
788040118
892494810
1709717895
1595198299
452535600
-806491645
-118719326
163875805
1550252327
-1465012249
-500842909
497047602
1887730427
-1550654307
-2035062480
-812849422
1068481793
-1373904087
-1692279676
1693789469
-918404967
111058174
938237735
245970491
64181631
329296067
1005551775
101702341
-781149598
64682330
-199516698
-984418109
344289970
538149149
-125928100
595858101
-1000110658
-1445509782
-1531562497
355563703
350984957
1774429793
-1538337320
-1631428641
-1393072213
-977936660
-1917879368
-1703769111
-1474682473
-1222377217
1062393892
-1507037418
-212407493
609415712
-1638774387
1477108816
113863948
-1739510743
-502659132
-1724258414
825110547
-975813044
-368045396
1082126470
-1828876867
-1801221544
1226758192
506450799
-1901770514
537008698
70239607
752700488
932848731
1002400197
1074870102
1932302381
465308184
64032949
-1400472058
-440942342
1729927280
634730737
-776476650
-1165328591
-1293867020
-80401137
379848866
-1134569951
-101277994
-217855203
1956818117
1088081475
-220289673
-66461794
404567115
346419686
37949501
-1508987693
1621574059
-2131005425
-948596054
495657531
-1243744973
701630874
-405860438
1255835739
-635230331
-116839260
-918349013
-1780243263
-609396927
1269883436
-995000078
-1251894714
-2034483709
-1188007433
1992877228
-1515976300
-2075311985
-891756363
132828995
1242707432
-827707829
-207704991
-374162061
1060450839
1004536813
-846697747
-658046052
751393237
-455957132
-1156174051
884185817
681024309
-1317158053
1354749874
-1828967600
-405056405
1329749772
-1947816757
127133643
234998233
2335379
-1418137720
-121696632
-1730381752
-1328742509
827080688
-1874123956
2083506037
1919338876
69074196
1699231421
-182722352
601734910
393675636
-784412943
24489599
-946522440
1252158880
1602438466
67258024
-1379736780
549272354
-838816413
-991475984
1814979095
1943994779
1776458168
1103553598
821955220
-1564865493
19288289
-1155091773
-1428312286
-451703530
-779007849
-114529730
-865909138
1180353955
-2028734021
1085024892
-1772048495
951076935
-1937940052
121111582
-1005517435
605862147
1255458008
1234749854
1342387669
-943149046
-353073515
-401314669
-393556332
-1677876570
1264200241
-2023331020
1503344527
-1378748837
-20131513
-527232486
-276772155
383820364
-1061369004
-586770871
-718372841
1317995229
525601417
1409108848
1494097979
359252889
-2108124702
977435248
-273927434
-1068760234
-562089866
-634938342
1266162826
-1366157673
-1881268719
2137914428
929308268
-557085648
420760831
1979255006
1186475833
-428451792
145982762
1522520521
1243995627
898058490
-2000118681
1624800328
-1336232889
337783477
775839756
685813554
439471257
1646673125
1686963141
1001536295
-8614237
-480649638
1190209959
-1031568616
73779154
172659528
679663493
445081869
-1074687309
1571080631
1496706434
-921124062
357548452
35192861
-1806503449
-877028142
-1159872306
-870698424
-1097841098
1961805943
638591826
-887377791
1273043327
-259750639
1380667330
833799406
-2138002447
525417541
-315228206
627231544
1268103091
-128475991
-2071492785
-1809801619
1249055476
-1015442370
-1157687729
117735718
-1900552384
-721293507
458255017
1198515180
2072173077
2036506390
1537582247
-262230569
-611212618
1239543221
1109209850
-151917705
-1885468354
2110857478
-2052716051
1035732984
-1504134409
210457275
504076765
875885696
-1536040980
-1289519028
1294350568
-918625829
1628798396
-1986717889
154924004
-351637414
1531622321
-1497726551
1357445779
-365725193
1543644176
75593460
-1029301484
937286333
-1198448974
252515553
-1200160613
-1590961306
-1893965613
-168688432
984688996
-1008852411
-347177431
1723412799
-1503148060
-1970844058
1122191160
-6697072
-1541930174
-121921293
408076516
-1054621170
1962167045
55007449
-1820622521
-1986030031
400863757
335324330
1574274500
897164065
-297958201
-967553340
917755484
560073848
1787596443
1613399987
1168935487
1159966028
-1259289943
714306259
-1029439066
-36688021
-948487243
-1604757190
-982423329
1929368296
1026803551
342927060
-270542679
-1580750378
1199206551
147592654
-1120884799
-655274925
151174479
-1614959560
-143081028
1898662088
-32205967
-172527643
-1636034793
-375794578
1449785618
-2130119531
977762956
832798739
-395303960
-278583211
-2030403674
-1269959395
289770489
533594662
-734515561
-600113457
-1065749099
1899624157
-1563516599
-241802294
-1519343994
1965119561
-1684873806
-649505833
-174835067
1465909914
477069676
-690983453
1099877102
-860226560
1366954628
-1134714294
-206545481
-854070638
952895889
801076568
903401374
-1602583439
1981409544
-635738613
1893313953
334650925
2144597455
-2061402850
1570222515
-388252826
1212245263
-1640282046
-1334126932
-2106309194
-88075442
664323502
-315148416
1725615566
-178251588
1545733082
-1964495437
-1494779170
-1565274420
-830703226
-1843764468
-1639117766
-467526906
1891588608
-1896297848
-1856368326
328340251
442657191
-1935952751
1908095841
1361333817
-257485142
-1028099473
-435278144
2015328160
-1284253163
1340292351
-1826196324
712701557
-912906994
1601983137
2145154126
1842069206
-337682853
1048346742
1196988010
872718382
852866086
1692699339
407565859
1337763017
-956709372
1305880783
1268925678
63133354
-2077332685
93620108
-1587887004
-235668068
98572579
-1240102892
136870508
1387670150
257797687
-1079235334
-1152515176
1454056451
1655481548
1458039556
-1692162097
1944913970
1681846905
1783353630
-152529619
1362999241
1938888600
624671632
-1280154330
-2133795216
2082153221
-1599273357
1659719665
1530768460
-949506523
-921996447
-1524518365
-287697703
-1529866966
-1164298645
970573977
428517116
-1383239788
-1918607793
-1781741925
-802205096
-1463677702
-246477846
1663216189
814132704
-1021871607
-367842069
787903240
-169438292
-1664527923
1728818633
-512581926
264381968
-810197201
849368822
-1120005878
-2015194645
-242363714
-2031826604
900581327
1320755772
-1261268815
2005290472
1133642721
1803974906
-503129300
-1717932851
884721248
226230563
835247298
810254186
-1665021707
-4592107
485807931
2071966183
-866495433
-1923261411
137755286
376055772
1779537999
1240950349
-1814353839
381499467
-1183159331
-553695854
-1681512729
2100294864
930190621
-1386296059
-1386215015
-1535610858
1089077573
341432193
-2130325391
-2013300851
-264597966
-1442416011
-1236237181
-1096174503
-1857271230
-560655878
-1895017355
-614635635
2039631491
-268142041
1340503362
-72665704
-1818061044
-523236956
-267269318
-931941121
165248427
1189749117
-962683060
600486988
-1779975488
1244620344
1564599431
2113170245
-1631252376
1739322921
-1324559906
275254113
1769997277
2060267779
710792235
2089182071
-972732133
-332405582
-228582282
-345339208
1166001351
-1872497816
100617846
1747306207
-962836404
-453261578
1082725207
-719904346
-83203001
-1194384036
1536070845
1394762107
457583908
2059287203
-1707858936
-309241484
-800313847
297462761
339579353
-895105921
412403186
1051445180
-1391855147
1586569181
-1529857252
-1373821013
211420840
1072380112
-1952395097
1911183130
149418573
1226269074
-667579786
324129622
-192362869
-460095095
410176345
-1719338776
553820610
1781232825
-897306258
552907310
2008810471
-1279365510
562386115
698481446
-2010880052
-521448598
-1281012672
-539865459
2096540836
752107172
201530564
-269135832
-1988488250
-1082612175
-37783923
629819488
45012657
942199486
-962435876
715736340
1000315216
-141779313
1148834776
1404892075
-1612628866
-924667981
-1824517966
-432568217
1876874443
-1027825287
-1721260023
-1159837951
-131610240
315609378
899434128
1374453873
1808949216
-575028777
-1273069586
1376262668
-2107296080
-1777185827
-740646939
940503508
803108345
-854258938
1119414709
-2040155125
-644368628
-707870614
128444866
-1410992631
691136711
-380462249
-1513636492
-569202097
1873064981
1246141829
-651725474
1293369819
-1841224518
525700750
15988130
193400509
-500196784
34091676
-1626736494
890747881
1894598028
695122019
-1345120357
-672469425
1640871365
1897828946
158334558
-1062706392
365509303
-2070401276
-592434145
-68477037
-1809244541
