-1275412263
-1124915266
-10191950
1304649688
898842161
1447074014
1164935725
-270602085
-996419543
-475331059
-1672199556
-1062742443
-1777967592
-135528412
-1096962199
-1398770308
-772021994
254077420
1909074867
-1469342783
1012254891
1089896638
-1371271203
894038864
-1907949879
-2013934743
217856322
652535382
735536892
-263810217
1295382125
-2031765821
-1421667105
-1862153230
-1909136217
-176173488
1869739473
1569754179
-1972202800
50432707
684974569
-209027364
-167051918
-1779496334
1681410086
154201080
-1519634413
660520197
-721950229
-426917408
1967577034
478657662
-499492439
-506445937
109179668
-1259457922
1166553309
-1795742312
1238289127
1486507456
-2039074499
-109932217
-341479161
-1114993686
-1824209619
-1268390393
-466288743
-1755686012
336761719
903112963
-2073610763
-870163896
-990373317
1418294030
717262528
2116531099
-1102215900
1647795399
-2048711880
1598317403
683356892
1297516792
-1341394991
-2125831973
801676737
-352308930
340217345
977270315
-794518568
2023151855
-1668106408
1282656156
1327311362
1976076855
485434834
-1521791102
124532332
831865220
-607607440
177656379
333585996
2059807523
-515052796
-1855844752
-657599799
1810405163
-694942644
-622252646
982374714
-22427751
-2145684157
-1194477368
-1196123501
278854844
-1505405262
-383806050
1222489627
-1906875437
-1080931828
1099583392
-344372382
927714292
879122043
-1892208208
531459954
-1474673362
949355318
452522965
-1866645180
1052380658
754598677
-1621229251
1248350581
-801738066
1209992550
1284676228
430723385
-1085963334
34177025
1959548982
1467890831
-1460025993
-649034087
-1349725806
-2102430794
-820232523
-2137881771
-1298044015
-930711585
-2001827499
804906142
430085158
-539345117
384485679
-1606806470
-1475023418
-1812311113
840019253
1484540825
-747426006
-1432538531
-1011556648
1213520239
697285458
-978215907
-2043771990
-951145342
1361655245
-964243660
2027730244
-1104922684
1316853559
-2037720243
1086460777
-6683740
-2007267837
1646101742
60478571
1365278880
-336988294
-1226216396
310900685
-844632290
-363176701
-1340314941
-1217888471
-1519751044
-734404188
1391680759
-1223503532
-1088580251
-27624504
-191051169
153004991
-1497498266
-594225342
179904874
-166574561
138206144
-751805550
-1997112734
885754960
-713001601
1758384741
-743369318
-634875274
-224006965
76378722
1214318819
2021697381
256109949
-958049757
-1137651644
-911103678
1196625653
-604928127
1319089641
-1264877462
1801060138
-211716332
-187808421
-1742871406
-490157310
700585977
289553905
273338414
240113635
2016489429
-690833274
415385111
-944479607
-818296038
-1555794837
-1756213913
309171993
-137792119
-1440120929
910182311
-1854761354
-1776158985
1645653565
-1538325204
-1001194285
-1633445805
276075829
333921213
490257802
-544721690
1649998910
1358840697
2081122347
627547101
1177615115
1219575287
-1646646570
-421394940
-1311558212
340331438
1278420429
1180017620
-569054057
-708988009
325313604
-749697105
-344730889
739647760
-1710748037
-2000654231
907141508
342580227
1292413198
-1795803126
-1453353053
1864671047
1920955787
229305041
-1465622480
2054418758
823609413
-1735341444
408685930
-1452203297
431712103
-1730494010
1750835246
-1129621364
66406219
-1345778639
1327418984
-1276673593
-478595060
1777473029
113441990
-1958452567
-866658215
686479512
323723181
241374164
-598515316
-1721616690
-485017744
-591586157
-1070259974
-185131549
1697340351
-515929281
753971852
-1790349721
544311901
2127867876
-618147698
-415108726
-2107265771
-235119325
1769655494
177069721
1314032366
1865208665
1547634376
-1911638840
256350365
1152694784
821425032
-20484815
-1581851590
1333316437
-294352336
-539211492
-1117726665
-630319557
-1722537420
533381249
2015342989
593230431
-1404875102
-44870454
360842551
981418651
-430071106
1441221596
-516349725
1750729119
68701134
-1811376296
40211175
999429326
-221742031
1982491677
386418033
-2105904795
-1063803978
42290705
1485674754
-821977118
-2078682838
-1975938015
533410333
1786907043
485497138
977774725
-551522757
1737948364
2066355803
-2087351992
1341436929
-2065462674
-625551761
-2136126201
1288573620
-219766043
1952893194
1482207224
99476716
-1966467968
-1006271636
-1678119634
1124625031
1120948327
-198480497
2009229338
-997749280
2027887033
-506155909
-1377047980
-1860679615
853770996
-1395925543
1025603995
-1002088043
-1985094246
-204703546
-107935206
-270973087
-878018544
-987109398
-2014342932
787273461
1539737032
1678094536
374160098
-165251362
605941154
1206926422
-399520893
2080525214
-2046641521
108336336
-1639618476
1027724190
-943523209
214740168
-563981224
-803383709
109959004
1895498626
983588826
-1950313728
-164227393
2118367870
-2036395927
-734043701
731032386
-1638829995
206554403
1690713427
656686222
-1745390392
-1498850506
899016337
-827274890
-615372267
-732752221
-2003265444
-604714916
1518053261
2131678021
-514687454
-23369261
-1286639262
-358170094
-891919915
-291118714
-1156490811
-274516321
461554978
2089015639
-1384587472
122767593
567990760
1000174283
-958161920
2011909969
-1022226969
-986613084
847682374
490763496
-99082824
-1167019313
1251976925
1548283885
1885266684
-1209444736
-551230785
183016595
-1485680168
-672908133
-796767852
-1057357818
-1626449504
1334262869
-589701493
-1328023632
1172675793
698791963
808757357
-600008521
-1090046907
1282044594
-1738552849
313525194
2046882209
1653084830
1024609095
2032808221
-608250607
538441672
1370319105
-2093549391
1224714807
-1003534502
1488092178
-451159336
-2076049312
-441167379
-1893282003
-2139927304
-1349783048
697350118
-791743147
162107022
-1046253760
-1263079395
1924167091
-788313482
-1250688963
732370110
-119414615
-443119511
884617715
628693620
1285464614
-1474121018
2078024403
-802105917
-518707909
-818105196
-413539727
1904374453
-1917117202
303068102
716675193
-1468775752
1700595278
-347526207
-126966045
867501254
1725642695
-1362727908
-1315816603
1145834438
282595767
182173606
229049385
1857742642
-104848320
-852148308
116718528
1677619705
-87138721
-1269065861
1620410453
710372261
-63202755
1299594275
-252761563
1637941184
1407851205
1922227326
1349784878
-1434591372
332582518
1285901680
1754173990
-519384719
-746361991
-1511819665
-1661766994
-45097965
-44451594
-2125135291
1498440903
-208179774
-1776707166
-72951788
-775941756
1600464796
-918508644
1540268186
-724241663
-2093207983
1196659065
1611324342
-173599341
-1073797809
311310493
1905281579
-765446080
112343070
-1558073140
-1224888414
1132789873
-2130061812
465529088
2008756469
955331814
917963788
1926948220
-386215254
-1905773591
1762420954
705184544
342088637
1106909382
-1163561117
745479167
-657776479
-175029127
-1620354204
1286512942
452360841
973290921
-1997960111
1124662750
-1484132637
-1204085803
1973299831
-75933779
1545685796
1136849356
101747300
163119160
1149319370
1280633698
-1304784250
-1670534156
234294686
158601824
-1015558383
-1039941058
-1498489798
1452797628
217538598
240458416
-180647734
930444809
484189745
292404149
906290710
-979173840
-1928802158
-893030817
-452190529
846997344
-632573313
-1570882697
-625545528
486928707
-2055699928
262481365
-564760232
-1159565455
1782343195
636728818
-517568835
-261697239
-44370711
-983160133
349116084
366850110
1036585738
1168335783
1631630055
-1440031922
1812241149
-2072979445
1666866614
-458944710
1331092403
1421750188
543062329
-62041135
-744457939
830034069
1176052357
148041678
-500847773
-1154157013
-184910545
-984733692
1858754407
632890750
1150006029
-729072169
395091658
607523553
-1949455293
-966631186
1477345598
-1119400772
-763575427
1278248998
216364156
1954430880
237304441
1129342409
-865003928
1929930651
312898248
1857153791
-748135054
1836499661
-1853739308
-2019422588
-329323714
1727093051
-1841078492
1354484378
-1183160954
-1418007070
1759100894
1477871169
682228031
1217801487
150850189
1448435110
187722746
1591667693
1744814116
-1971454504
-613195891
624905567
1693372227
-38467647
-1509381134
-1198399473
-367666504
1500065363
-417008786
-2046883385
-291527609
2102756353
2048709877
-2072685569
-200515666
-1940477072
-1747164980
-1618907722
490664419
-292167826
1498329968
-725354875
478699679
944244258
1844042422
311453424
-948160993
-579976315
1127311667
-215897601
-88023767
-1343701232
-364618787
-511296499
-1178912436
-586968905
-1297009166
86958815
-1104871572
900794645
-267028712
-869772553
1586598525
807651559
1354485701
-205957590
954034318
632183742
-792807456
950290288
314588169
-1409988112
-714388568
753137658
393907512
-1747200561
-1577413932
766071178
-233097205
-1167927267
-814377476
-891270658
945955352
-281776194
268101175
-1495794644
1729184994
-921798481
2145549060
-2112685579
365795421
1692991031
2007435885
-1174262892
-1966759503
-2133517221
-162906263
2059259959
-43275714
1650721942
-1218743678
-1728744496
1877861088
-651355703
538888375
-477565396
1626797939
1745180528
-825434974
2026487619
-958015847
2045343766
-1950263843
-1685758766
-481054278
1371508490
418452130
-856799961
-441747124
-450098861
912705457
-880612549
-435791532
100747744
-1525728650
292474885
582285867
-1836034813
-636716694
-1479320308
1125484933
-23838944
-161892679
-1792322498
-1647128657
2077840033
-687888092
-590026496
-1884760809
-1503911636
1001625384
1375458950
110091281
-1700006888
45707359
1507723107
-1141460265
975130652
-477914841
-436559261
-1413373486
2116059209
1544637569
1197772952
626227735
-1245488070
1236711482
779014322
607815731
1848950153
-486000817
-159765612
930311979
1520916612
542396045
-636412381
751841213
-1972835297
-1733406856
-2131227552
-1976442900
-2029650643
491111789
-2052779592
-332933445
-267284278
-102428406
-1561066854
24072248
-376858084
1781781965
-1692372150
-1459958341
1009258298
503324155
257480692
-723995025
-1753491093
1302026434
953881092
600112145
-1415310189
8820385
582745780
-1918253064
792416745
-2038716409
-612312346
823096404
-1264070163
1670840890
1623887923
-121875014
-69146215
-566194566
1656766275
-439805729
839452374
649054053
-1712874658
-1015629661
37685297
-2033596259
1307503427
-1554034607
570481614
-471976793
-271203528
-93630939
-89876068
-189655786
-1155609502
-1786197490
-2012443447
597039336
830877014
-390396748
2114838648
137876783
-933402641
-1074507077
961078193
2108943347
795263073
-410191799
413997209
-2123809450
1947697550
-1907509051
970097378
-1939110151
-1161186664
-2060640542
-2030769788
-294251106
-19197513
-179650341
-655032404
-1406833393
-62887861
195298559
495888629
2101938749
502369332
-1749931408
-382546731
562865067
-1375493535
-690382297
1072065881
1540000780
59537063
244237370
1215296788
1699683115
-1866269485
445975905
-734597036
-1670430454
1585336066
1744867510
1808377239
55748430
578141487
-1326728773
-683720387
-420215591
-122043892
744356513
-907769730
-1319073864
939979030
1240539847
-1928575075
-1754695360
-1995361821
-1114171008
-843321507
-7765901
-1678320450
-575012583
1333794228
1341204135
-1578070923
-1324546535
1933299134
1254392425
1028372848
-1845207350
-1501492492
1808673950
1678471685
-665895176
-835746915
1753867243
-882129909
1561773048
687523460
883655254
-1053185108
158407915
-2091943958
-663934675
-725968001
-1884785852
-1592071746
892978982
-1459883562
1542018951
-1435008245
653745351
-1626083501
400864850
292793009
-2037996793
1835205313
2066586016
-1471141545
-1824262091
-92439008
-1076151732
-2081540449
2142222105
206768385
-461625900
1291101596
-148743080
1068131348
-504398752
-21568384
-1043128804
-832744961
1636141826
-329268327
1740495348
-2060863120
236537405
-1769130114
878673144
-643148683
-706189109
883526277
51268144
-681934582
-485999974
1495380343
673555253
-324139277
-2119089128
1029683078
-460114151
-394336564
-293834320
-1251248769
-2117223548
1906345566
793799571
-1434253253
1243321374
1065930291
-1067047493
455064155
2123500596
-2131424148
1605889068
-990685901
-2019817835
1702473937
2090758012
-977990394
1616988093
910767657
1804834197
424967284
-2024423883
-227554101
525013690
178021167
281701689
-259614092
-1127412025
-2051662859
969923994
-1531272357
1480547004
228195770
-1806419738
-1288654718
-1211237765
-1652024285
-2023394619
-577714353
1508640464
1902648123
-98425691
-468122021
-1473107022
-223999392
191496089
-129959032
951076552
1980594814
1309210750
234080088
148630062
562250623
522621535
-235363972
2141046648
-107893502
-176887014
629576363
-878950666
1975643722
-2127466941
-1049004107
1879166777
-84330120
-909946297
208380375
-656310058
-1681996292
870466516
-1890015152
-112891287
-1833726391
888267640
-1314701516
-602048292
450606280
65337736
-1197398145
-688478231
-823868402
-1882880957
1030589549
-1781123363
1133723216
-2043870154
653484551
1796007325
-2060111850
46836449
723949825
1485995502
-744572370
1120620442
310131651
-625333008
-149895453
902909617
287230149
169111787
-776380818
812168916
-1285726689
-1403281587
411061933
734423221
464095840
-23836941
164239890
-1704522519
-1050618211
-1520766297
1694917085
-1022557165
-304325171
1206718441
561921933
166376769
-502135468
-283968014
1898594707
1958272661
-1346884899
-1628600075
1956577097
-800142297
1318443884
-1710664281
-761628639
390895914
-1900615758
-515964671
-945049055
1606803276
198994339
1863252036
-1945023602
-1679984541
-621310139
982797629
1719858151
-1255590331
151371467
-1642460470
-446365675
-155273994
948070370
1947389340
1948552671
-1271354616
1494488649
1122673982
2070801059
-1491706817
291477927
-1859681963
131477826
2110591603
-2042276200
-406016216
1588351836
-1694646086
-1837492984
-717608094
859111869
1975465157
-1364336700
654887958
1255680022
-2146469238
42518862
-1980725500
872280047
-461023709
-1292981776
1272338458
1556381404
-360384523
796404499
1643351101
-476650514
-557232363
1092662224
1541436488
792782956
524656102
68029127
543736916
-308103229
1668887814
-279985873
1118839610
-220032326
-1215727510
348240687
1100066389
1982464489
1863619271
-367105685
-259164788
-404800661
-957252813
402819040
-1119669361
-1625116718
423112972
-177375756
514442847
-1671171493
-1489546728
-882476088
-1608045548
-866095006
-1347784979
-1642032943
312805338
1964092439
248955283
-1132759130
620360508
-1674056078
678046311
-2057682150
734011300
1351197796
-1571645631
-919299955
724962338
1247730510
847395033
-1630977153
1011766124
-1976332106
-1040766362
-248648091
1692390949
-1714239177
-1549570169
350295231
-1304967838
1000841913
-264475545
1044415082
1499681129
1909511650
-20497381
1192752178
1503592635
1600543436
-819361459
539012523
1739977556
287843576
1448922399
-8120256
352032304
1657285249
1566316617
-1811890292
1177455377
443624084
-624768380
-1905115416
1044105343
-934353121
-845882326
-697174972
449132048
-1024211512
-66085347
-204501958
-2067838743
-1228731360
233575400
721271648
716006532
491137816
610946085
-1618954019
71107506
-1262039629
-703636707
2050051646
1283190243
-806445315
-1233790027
-1694461814
15072421
1539898171
-567600505
605394579
-1135921814
-2020474781
697388879
534757519
760691597
-2138983986
-1302230904
1783456998
-1383113065
460923691
-739365546
-1207962036
-1624454979
711122614
1894857126
1112798994
-91450963
-1435043158
817862803
94653881
-1622689399
-1230597644
-1553121013
899010248
-1650372557
-310799320
923007154
984682463
1394166987
-1360715592
1302913285
845010955
886495605
-1672486558
-1549061438
397721946
-729475233
777852906
1060686727
-707731534
-1402364158
141447945
-266636871
76841182
-1372831577
743898789
-1364462937
-999204375
1362872620
12337985
206995182
1979037103
-634138873
-1521555274
668854558
468023472
-127677557
-1464586205
-633230691
1539247655
1373111402
1741543713
-519777589
-436628902
-1656157830
744539707
-707640217
-968176076
-195114309
1025307804
-1671633616
-1172776944
-738162024
570473226
1277207503
1227124183
205205613
1094485011
1452505075
1740004428
-1310998711
-111446139
27508926
-479492186
24376564
-2134325470
609461599
-1721734818
1515935027
269521556
773282815
1597380426
-660658870
1589024414
-879330591
-579328021
855120833
-513008748
1120843716
713820162
-167458709
-686696691
-677856885
1724355944
-596379485
1334424790
108388383
-1512697057
1018862553
1864874793
546842260
611306147
1956965452
852524573
797148042
-992350586
164290584
-2033789344
45771733
-2048290245
1340876403
873582372
-857908384
-1466053839
-1145555661
-914423977
-910194610
1561480995
1305160339
1960100374
2054235233
-1983044690
1861257013
-1307901341
694276255
-713084125
675873899
-1332179436
-1782307022
-461841762
1476463281
1833837582
-192577649
1703986519
-1575383938
1360507315
1689997530
1464641847
-1398978245
-309365864
-1483090295
-218056530
1136180371
1725295995
1730009927
294903235
1556823533
-1445139085
-993145318
568595052
1810633782
-1769795991
-644577849
-56137185
-171539997
1489006022
1929008756
-363093848
-732164810
-755201939
-953721457
111100477
-395540289
-256871700
1248077807
510443727
1329045541
720888045
-461629896
358681250
356773158
1541844978
-1128848510
2126280223
1863571675
144697665
-698944964
845551336
-261042880
-1736020196
266158926
1512493101
-25593101
11454773
1931492222
1892857917
-936888516
1899807840
1972574996
2037162336
-1462585779
-1244735094
91245503
-390538269
-1200314934
-1782280215
1675356345
1165067635
-89461878
1682722420
-1813764822
-476055122
-1621259105
-1644670827
-189319991
-1413203977
-344817517
1633792541
-1195599159
-5483895
-188484364
1834731128
-1111883022
1114323662
2000209171
950611745
-1576400627
-1610645775
-1048172024
-2142804649
1114477188
-1859138383
1796073208
427600657
1768332874
2049723768
297563546
-417360082
-560615688
870395819
1795094262
-179392272
276902712
1909977411
639691887
390188715
-943681434
-1102430308
1692269828
122039225
368751475
1021477005
1492404946
1150380464
-1883091955
-405579592
390601948
2091315414
-1000860164
2075181858
586277134
-1446091820
1677579471
-1979019771
278645375
-1664017750
319481271
175198437
-316370954
18864355
530418610
1787572192
-1915679057
518075145
802314731
1366753354
1689179487
1903974234
689791072
-1643797895
-312091788
1379610043
-1929969979
1141023964
-707270496
1624900332
-37191256
-1890810798
-19894120
1586115324
-1625100843
-1911153224
-1410341096
-296712449
1074568699
1522803908
1395249195
654260735
1272485518
724218897
-1814228824
1385617712
398767087
998984313
-670940417
1272476518
1741297354
1088735658
-412871627
143051723
-1243778368
1026312691
1905388844
1551598540
-1970068667
-1575037089
-142775256
1787850835
-688575798
1103719428
-38309234
-1951625669
-342392803
-807027812
-2075538707
1699170816
853102096
-1308646316
628534082
514592438
-234354343
-1488955164
829921143
-93106116
-519864136
-654731297
-1494652883
1598391473
-1605350562
735872075
237730235
-1823489755
-596100723
74249076
1305757557
270069139
158247803
150684669
1472067376
-1948138481
-72813956
-42200521
-1521379067
1101598523
-1929830305
1932942773
1994399573
-191833089
-482612969
1421210655
-1992010994
-302476680
-1395623267
251213126
-688306133
1114319408
-1260687595
1219396729
579147393
-272634480
-305906385
1623653142
-1613768009
-1983938414
2104412880
-1008127901
-2063907947
-1048174918
1521026544
363342494
-1982910590
-369671098
-1335973947
202362194
454303303
-265931100
-274495967
593058027
-42173671
81403939
1338447640
1102040972
1179255509
1401664237
1772751589
1494569760
1861012108
-1230665931
-1145495539
-1124609873
548252226
-273700692
-1266772540
2064944370
1850609651
-945682632
-2064785264
-1456511448
396590806
-685719833
2007205164
1813765930
919944932
-81761503
160251310
-35436611
742850715
-2019559139
286051563
968136231
-1650231041
-1291276906
350888986
436192772
36059617
10244541
-1567637833
417845337
578046563
1516551025
894851241
-766275351
-1991818310
1117201580
-1252826458
-2104021817
-1943603659
-326040000
-43001642
-1170944468
-55977345
-38049340
1556307894
-1479751286
-344665312
972875464
-259404993
-901611551
582419017
-181289137
-1329105850
1738314320
375830480
-22753410
1813184549
1316764398
961592184
66798736
-314474853
-915349798
-1352960138
2041597708
2048655856
841624976
-1150040272
-1084406726
-2095835812
-1076076162
-1833865657
-119676206
459191721
1431270870
983399383
1780985591
-315379689
-1588894299
375725565
-1247372957
1097436031
-1801402332
-630740583
1264608738
713318330
1429102158
-550053292
1967359236
1674592067
-1841732174
-1727230236
-2112006899
1401296666
-1384659830
791250318
-1744896464
1434724587
445145867
1942281452
530013692
-518945937
-980990466
2037144816
-1485064682
-1045029614
909131407
-1573794776
-1480584664
-542673706
-1998830748
-1207839421
-19162855
-2115773066
-1764571407
-1740291885
400833918
2031408846
-1255563510
2008385364
-621772465
-789374599
302207417
978976620
975519965
-194168644
-995828911
-818729868
-69158653
964427426
1255752130
-1284640458
1540570268
-1969363353
782928175
2119215864
82398516
-5940967
2145181117
-1448052551
1945242369
874221692
1444021934
1121792698
-232247277
-1321974738
-1337428307
567727679
1718815434
-496204533
1305120106
143092118
1335372681
2024893138
-254288279
1038654552
1475197352
1855027208
1436258583
-106125330
1470669743
-893003748
-710922722
678835286
-186573120
-477176885
-1843237383
-1625078489
-1021630125
120674245
1269423306
-378834222
650642729
-1298609776
208103275
760345642
-552543110
-1325635924
440870338
-1779418075
-259389840
-861701640
1990456921
-718917661
1903271640
-205016236
-1990148307
1225341168
320038166
-1822798458
-1928042555
1874573253
253171290
1180380769
1462952070
-1763009900
-1440893168
297755939
720292677
600251461
-899317860
483830559
1026857246
-1188106309
678649927
-218772837
1423520131
-1273668773
-1942204300
-953806853
-1054640489
-2040264499
-97002218
1006119198
-1954989380
-21852924
-60249499
-895805689
-194151574
1671425148
-1694573361
-482470464
-1309215422
-729178174
-1711039188
1070505594
292775266
-1022370759
482094134
-7215111
-1249047558
-1181801190
-2023343816
2853166
-1688386529
1857251516
-204050428
1838752293
-327138081
1305030165
-1734512087
-1195036895
-1032101996
-759851392
1541844837
2043767300
-736604291
398866368
1720176984
1247501812
1416457866
-1223290300
-806441350
1392775483
1853088630
693446572
-2079918001
950921583
1820990747
1553233291
-535815976
-948818478
38940417
-1617930130
1978594124
1300351995
1849746231
-1123050723
638483464
356205237
1747686758
1334687264
-1180869693
-33958106
-1871697118
-1010105468
958796293
1690335283
1630780803
155577054
-110998823
-1826294749
1709819892
-1370732144
1224825793
-637115262
-1373704118
-1165714614
-1994056726
-1864108985
1553972248
1791141587
1993837472
139945016
-1127954623
1676915465
1760493315
1485369741
573788109
-1255503834
452837370
-106396973
-856020224
1116979524
1447385960
-1898823917
971012008
-392220126
-462090850
-377294029
1581031862
-936155864
-394395120
1596123547
-721450224
-158567000
658463306
1232345115
-1861685851
-38286746
1333211172
1343932427
748112577
-1179487142
-1115355340
-1555686221
-403244126
-1303890509
257778052
-1041427
800667466
-416451297
-1764398204
1937972489
2113216918
1789829449
-9899199
-919813648
1470248847
871614627
1879842519
621076107
1480371455
1551853925
-457337308
45150821
-673607865
-511984172
900010942
-325904242
-203832977
-522581817
1037406502
1209897410
768091518
-931420570
1099530813
1641172171
-1881110772
-1294670539
908252150
-100134621
1216486165
620096336
-56647092
1493512156
-22435569
-35247112
1154472310
-275128636
515682621
-620547763
1806120537
-1352490556
-105896891
-1193558435
-1396024770
628975240
-1909817344
-1475572387
-701700667
1912747620
216688017
171191861
-276705512
272278133
-860357448
-1201157823
94267234
94457351
800634984
2062207573
1191428994
442841910
-1990045546
1703393282
-1849066501
-1144865321
180553043
-1928807657
1734342703
-1052886888
396525340
1966250602
1330624717
-1880422299
-1151344527
-477286697
444487046
-1263844851
-1515791197
242258825
1004085766
-1644485083
-1637947406
-1988192648
-992956894
1504014124
-1965763370
-1121702606
856659277
1089199599
1297117853
238481885
-2071310000
276932654
827130165
1233054843
1319961657
-1351897728
-2103144885
490548335
1749511572
-1431005581
-93614188
-591137215
321289944
1512129015
171658857
-264402531
760103716
-1913379589
-1015088999
-385170527
1908280874
1167360088
1027631738
2045976920
282338923
483954926
1563362881
-1913395584
939876004
402660876
-915657581
1897163923
-2098179448
526322197
1565403739
-1065230843
-1139066194
-1718761121
-1392267299
1922359753
-182023220
267379550
806298891
1351088921
1949160741
-205594111
1647472407
1254990198
-1850502592
1674203995
853080905
39933166
-1358175270
319013254
764879634
358560413
1678074908
536331460
-265077408
1474415989
-758216176
734237670
1696461107
1272860481
1577668689
1311291120
1233427823
1337140710
1575359234
-1974026243
1300359668
194887916
-1321608960
790441568
2023609835
1452286780
1712553051
-2085232628
-569387166
-752399061
630613505
1517991221
1481302043
-502283594
2014892220
-1830860234
1401183137
-1204440561
1945028446
1446112181
1348762267
-1326285224
-1976937927
1832200452
-65052828
-1623084371
741115860
-1848268598
-1759772710
2032378216
711619804
508961762
273076341
1307849631
1535381337
478521986
914066587
-538923791
838510881
171087775
-1135431629
1242523522
-105409136
-565258608
1783920248
-189215677
208336504
174087921
-1185123825
1453394806
534111318
-1742533942
2014712410
206985585
311584199
-1175508241
-198465010
160412577
773777978
1875541417
390515458
-1002147375
-1894106139
1765763989
-895874230
1674913708
1375214844
1467002572
-560363644
757242496
-1035598816
563988547
1493743217
-1896362172
1343925269
850323317
-287743545
-1795656484
-1581094216
-1767561154
717281348
-493539686
308642607
892750602
1109765382
798720776
545580898
-508998866
1633261593
487551716
1006443689
-1719961707
-1690809263
-413598613
-2113521723
1772876191
276649562
1253052122
-240966636
2013640261
229660941
-195710415
-1688098304
1755223424
480787204
785475385
393210040
977517547
2107316592
1968571336
-333236446
351449766
1689916457
585207619
-2141741040
-569902722
1102399238
685761381
667839921
-1799708854
1601537134
1196430654
-282757047
17726615
1226745135
-1847006595
543697956
-2049117049
-1622769266
-1833378063
1406565064
1982750709
-1032198242
1199734348
26028905
354191069
-538303787
-1008855510
1669217953
-132592645
1202907355
-348781487
1927240032
1408691889
1523695525
2067998010
-2078315744
1741129517
-18534206
1174611664
-2016148643
-1147428661
542858740
-914701450
153225796
-419621193
-165885182
1479682383
1512886442
-1854040362
490303692
1333399992
-397300929
158887654
1022061984
-1133753063
-878342909
809600995
1151592139
-1501378851
1653429495
1237201836
-468979855
-1697888834
849396504
235581670
288131233
628517957
-1768732536
-392591072
411963043
-1931952751
-1529010418
-1217909448
793814932
1101310550
-1752001600
1622569980
88377140
1067117096
712888574
-597369069
-1373496322
-1184455431
1819046818
-1577596386
40860025
1430466784
1659848565
-75765735
-2086562866
1863936027
1339000548
1516942087
-522379111
68016983
208886259
745779662
-1952173821
1531536430
-1533620112
-1392920481
-889530096
878304240
1851640684
190940697
1767798837
1159789221
1427540455
-666802577
1267758893
1814274642
-582234934
-900220985
-588345588
7084667
-1086274023
2049473701
-2027950700
-1437204503
1876969320
-25142520
796904134
-926749523
-489954418
1327345172
-1708964932
1889737828
-2117142632
-744059408
1373736629
-240283461
1103417088
-2044923407
1537399921
-1630045643
-767535329
-277851913
715881151
-1949112021
-952691233
81683479
2027818067
1859717908
-505915468
1942679418
1514727901
-813402106
315934924
1104196996
-67108778
-725330819
-1276514940
1045166136
1820704924
356076378
-1144508898
-1413403430
-719653823
-1025924051
1033988529
-1198996011
141986719
-456525386
2014921824
-246204705
-370951889
1428968616
-1657822002
1269208922
819326490
746565297
-1722739503
-592869635
-2048422896
-1253695050
-1438647963
-811255629
271671385
21514083
-96152094
-505231422
-1036633047
-1708094238
-1874653583
489044784
494878263
1637973737
1295179196
-246686879
-1598381680
-1516875270
-363302428
1051901444
-1627904601
1426926310
-1264884553
-1737905104
616260529
-2098271342
1205928738
-1665022263
-1303534289
1780516861
-1266739228
-12808920
-1489104948
-1712969855
402926980
-436131334
177748584
92313176
-722633851
-648074648
54951796
1500629857
-1179520297
1671627640
-2053726080
744326692
-1039327857
-186447438
-80965871
-1656272621
-722745894
-541999354
-1827115337
1967076370
1359452207
-1425237267
1703027807
1940095801
828257475
1101836493
716048101
-1842039336
-1803328446
424728737
1162052845
-1785290309
-174758981
-1947255335
-1258826765
2008610478
378895323
-1288275842
-297010017
944109123
-1722394787
-224095079
-550578083
2078172114
1632947393
1878830037
-1136077779
2044063936
-588837061
1531573603
-926905161
-376198908
981039854
-1859555299
-1348167775
-1863441433
-967872423
-1308521747
1545080357
1813216522
1504834321
-1050579088
2032446685
302602669
-52625488
674747093
-319906591
1725005357
-325595891
355168523
439564819
302233550
-629969748
-1638033893
1740466872
-965337413
-294748552
1233213905
1158634571
-1449593782
829680559
817394082
1999288717
398172547
890625309
1985002697
358460896
1640274402
356868236
495709874
93080021
-1187109284
400191866
1296890780
-1898767101
1563843743
-356034292
18688889
1775835418
-846149986
-1072850621
-407570664
-1930161609
-1488159156
-1522935955
-1303178363
1621389433
724156839
-2037417507
401493935
1948378835
-314162441
1533275357
-520804277
-1426308317
-403195561
1018479331
773338616
24161155
178287988
1342383107
-188032604
-834347809
1186070164
-500023131
553110317
201277128
1036909530
533576567
-1826787765
-110370682
-1137316409
351813284
383783340
-406080653
-1900119036
110211141
-1637974944
-2062772602
2072206174
2066201112
1551330679
1597900590
-320532464
339384431
2046095848
-580940960
1999245384
-2104794006
-243485516
-438097677
-827258140
-1178055320
-630018742
-435192277
255481468
339637690
-168964051
-1139650670
-1465201500
1300260505
1890887123
290299662
-1291152014
1181437786
1815210960
947298352
1722197821
82084831
1286579251
1958682057
-1771831640
-1454641584
-148293840
1370956995
767546078
1782016011
-353662210
538839085
971524638
-2016006696
1967404546
-810085737
302871161
-2103778463
2112827181
-626558817
-289242406
1472059872
-1677418335
1093165259
390309959
-1324315110
723435674
900797594
-1376459931
-1615425141
25810059
-278221099
-944588223
-504933662
-1597062521
-1811948758
-1814707635
-836798033
1409996002
-1880065286
-380221784
-1319122598
-1584557032
1589265265
277712545
-712851626
-648029460
1604626647
1558612093
261185687
-555382572
571452197
1722276984
-409802175
-1292011884
-1442162725
-14832631
1524259233
-1004957400
-1259399920
1628012906
1385168736
-855425306
2064714186
2023961431
157585909
-1617005852
-530106481
1105051925
1480487771
-784330090
1607932219
1162832565
-1047978492
-263024196
881449748
-867399271
-791024372
-246552454
-1479245797
-541528777
807187378
2041989064
-638809948
-217333731
-1884432381
-584634356
-1926762967
-365020876
49210583
682020356
941656154
639475016
-901921023
-975715863
134229879
1660769479
755378625
-1067600687
985411554
1917721032
908568189
-567582636
-698621201
1818985039
23247792
-1112085390
-674266881
-1522439473
757710626
1702610867
1855553740
-125893393
-1068351655
-587244144
1004410885
1898286736
-369719217
-352301295
680636701
-1331890929
-358727836
885920183
-1464309153
458811591
-608154987
574691483
-432672187
-927128359
220165870
-425071658
-1513204470
-1718096082
564564541
1401934371
-370307202
141956285
-1098912760
-58855229
-1714095336
562292233
2054123968
765986208
1445652305
954398701
943053365
673062837
1188688943
378842267
1479971917
2144926124
116589087
1385548001
1258384624
-1067525432
-350369017
-221800018
1392255046
777724421
324106396
990342613
1853311524
-2055151748
-95433744
1050503184
-398628413
-2068635636
1240640078
-1657279162
1382149298
1827917623
2080711497
-315018480
1359049997
-465284279
1767785490
1836102265
-1476145425
-223262786
495275018
2041742085
990071076
-1351288347
-1450436968
-195370508
-796629725
884116416
-297415109
-219387449
1558450746
1007018286
1775058146
-774128125
-1122899957
1799535435
-1884336773
-1148997836
814683190
-1988123113
2068026057
1147738932
-1803423913
657431637
1510336378
598085037
-1707512526
1926727093
-1922991240
633857243
-1585783763
488305460
-1718689153
719617686
-441997314
346930627
-1221855249
2053550479
-1552936028
728656678
-1873957918
-1470982439
1319313050
734493983
-180810367
616982443
-604305078
-1229713717
1509041811
-813370524
1019817151
1101423690
-1180402602
1252192718
425400735
1851084965
684870034
-1992247898
1981690455
-1755343380
1484047850
1036911451
-1910098793
167945119
-1811345804
1592659990
-821139967
-518760625
808092556
1189997818
2104776732
-1773821053
-669732891
-937434452
1237743502
246300895
-344716064
-2070773483
-1576019318
1962921346
-57788384
-2117965978
705561223
-1866400080
507473502
760350812
-1099659982
1289210033
-892051591
918744773
1041092772
-1028415240
-844845104
-404732350
-223904041
-1059635578
1656994516
709012557
2141973590
1704164496
660761304
-1739485827
1278346803
-272940193
64371242
-1012493560
1030193982
1630706551
-890850969
-168041334
-2083980173
1756974843
1380185867
-719961596
752785588
1400094031
-1960950713
2041068070
57360311
2042283262
-117484777
893124816
610764865
-807016482
2105809299
-1207588394
520148372
2035354994
178677380
-849884157
-1134012379
-1810790513
-2144652486
143708256
-523967087
-186368703
-322716005
-1929940555
-1001006126
1595482094
498910591
1835085904
-368802899
2044612284
-369595333
-857358844
1250207342
-1919972304
-609964677
210675316
-1342420265
114616855
-1058446763
-1960659055
-248132267
346410920
-1947846758
807464544
-874592395
267632106
-1492507538
-1846088704
1854503573
-99453357
827536922
-1380239637
743289310
1747543985
1067369760
208915580
1614892913
-262896307
1646225295
-881473872
-1244661536
1322839117
-124832615
1123228208
259823327
1362361178
-636867230
865579150
1192139834
1477558402
400940826
979854031
1540900874
1252122974
446206541
1294112809
618813219
-477077129
-2045535367
-1181774579
-929244976
-1269175579
-1927700256
1533183590
-1988355390
1560902969
173205919
-950045405
-1847336892
-1360550244
-1754330624
452185587
1899124915
-1904104649
1069842699
238000463
-1025537747
-554615082
2043943778
787546045
-960684664
-474762041
52375374
-1350183343
-2119314298
-773207544
-1726151148
-1791299721
-1075119290
-1681429088
2047673997
-58117136
677489660
-611505331
237532405
-2062759910
-1827093532
-1931797410
512744450
930267507
1311491187
-2050522398
-260213960
-1890701217
-1393159217
1260483330
1778849403
-91389399
-1764929407
2129276587
-682646811
-1806336185
895528041
999692143
-726610726
563571169
-104955150
-867149139
2036581208
655098004
23109253
1485487086
-541051757
445999474
900915522
-371908206
697206720
1101416781
126829805
881772459
-916234191
1399622453
1348822566
1757232424
717733281
-1000170434
192089821
376672053
1532120529
298983302
1440117763
-1829353758
2081145683
318725749
2073696901
-546366206
-37665371
1667561798
90543989
-1848801195
-914010496
1239129030
1836949386
-895514135
-640645006
-66995620
-1099884086
-1719641156
-1514569046
-269247672
964176261
-76487258
1607683602
-928763857
-916102267
-1522000779
179328931
-1087667242
2019074690
1051176793
-150465549
-1251491794
224800475
1640212354
1750290450
412749968
190590339
1477565959
-174310505
-1518803896
1576766009
-35623927
847020021
-20621993
1721291003
-1256163048
1091893522
-469125260
-814961988
-1130034220
-160439526
-66874540
-1927089836
1659617495
544706959
1704694315
-340619593
1283427282
2092499876
796007793
225942377
-1268521226
-624236085
154121961
892104753
452531348
1638330508
-684438306
-738877684
464541447
-1244896104
-1456402769
528484196
368132817
-606043106
317490574
-663783039
1476366083
-906882724
875099524
-1974493889
-1916598302
499841656
1168198327
-2095050751
1061783495
-367777137
898701039
-726667803
905255494
-608380914
1921016662
613169721
432450962
-1906842559
794057343
-746071252
-1806174688
104276009
741478057
52108488
-1155700599
1261800081
-456073149
1346629407
-2001506892
-1264657565
850282675
1349473220
1132999988
-558632905
1080888658
948416125
-110769682
-1842287060
-1480188229
-808784586
-1183429378
1194536187
-854480827
1388755767
462846682
-601211064
-690809907
369636249
2053693112
-1470059461
-719649352
519030518
1071536173
626929231
-398551753
317802591
-670116074
-64058519
412304589
-2053941870
-2037943877
-1598727636
2111012622
50368108
350304560
-1360508789
-1261986904
456150940
1623617534
-1454458977
554414247
-2890599
1505888003
1321124026
1200272372
143680725
1318028438
-1673726021
-1597263586
618442802
744471022
1751482019
-1867114660
475938485
-622269756
-585482648
-130128942
-1525237895
1683966773
-2086971127
-725832685
627016421
1927084013
200026338
482528486
1037028385
-1685140350
-206020287
190857549
2013046213
1433254941
135406648
488498626
701122003
-1683845025
-644144716
1977363395
1828752615
-2060701055
1496847310
1348632977
390352044
1514070717
1167010912
-1877544397
-1162215022
1448411628
-58243109
-280935999
-1431440451
-1437576848
-519636648
1890388446
-991366336
-292237997
1636811756
1454545541
-954719350
-403405648
-381479617
-1813601527
1663142432
-841608111
-1750870689
1596778326
749098124
-1972000871
-1925144623
-1108703876
680462740
1102750628
1235220969
-1478979730
-57861713
-1239785300
-225895845
415235334
-348093772
2007143854
727258641
1903442507
1499953876
-1647551924
1035830846
-219032074
610883274
-1151147276
-383059022
-1462037453
-1444077744
-1026073790
-50932880
-1947965020
-968914476
1393394339
2137079933
224338602
-78428053
-415043782
995467002
724613862
1331815686
1382882054
477389941
-211179267
-1612538909
-712466621
1448821115
1486267035
921692485
-1290386927
1448429681
1285306
1837874790
-156714413
1726360995
1784155172
1203605932
-131052071
-2009008995
1588079158
-276513253
232762817
-1326735687
-938524186
609019403
-1487424230
-1546211591
1564690694
1966689562
1467870665
373856022
810699209
-126395037
-365166672
-1653972520
301883526
672648175
-1230737908
-96194904
129323452
1357975659
-1092925666
-523414941
-1503855531
956638235
-1813534195
1553805680
939404334
739228686
914179850
-385407212
720081111
-981372269
-1927594571
876416516
1855642775
-1702915093
1708129726
716783163
1631735730
1271366207
482872783
988419086
-1716702227
-1311775532
-758653783
-31042436
-1092744111
1685132924
-301006707
1821573834
1530756399
637634383
1596295388
454589263
125907044
-9828965
-1476770303
1980622732
-899270178
-1702813160
-389862514
-2044764289
1108263006
-1858329760
-1719717723
811879480
1116401279
-1640547171
453726873
-2082414676
1997631478
1962802051
-709714476
252097992
820772634
1368924545
926638330
1148580553
-1671379290
1181637682
-34476466
411136714
-920020034
-388132583
-346845356
2114838174
1301697583
520532109
771919544
-1702053409
1233632507
-1747696654
-1445561234
458341959
1967453459
1879976745
1013583897
1267865662
340070
-135840439
1455050161
2000836787
-685496550
-1426603890
-947859361
-184471506
-1852328680
-1538069103
-2010292309
1569343270
2141285838
143978937
1442919128
319670159
488581167
-1683348239
202409614
729705399
2039072510
-2031655269
672491705
263267922
-1277050548
-250161725
-582426959
-79251501
-826462401
-1533323113
874891675
-536296196
1235443476
2063640343
910896398
-1209449800
-987875738
2020920584
820624376
-731100376
-1364597841
2013484845
-125644861
1446096891
2100274191
-2110152775
2088578483
1557454338
1581293900
-1772163585
846610065
867100162
-1810748390
-102605461
645700749
1550827212
-326314341
1699463093
684399456
-901704565
785658664
1897655890
1634315953
1752578396
-1497023663
-86229202
-393489735
2079460132
-515529950
1382289560
635067177
-140189028
-1994482520
-2074697602
324062282
940695472
918671283
675979993
-533421466
418129673
100633052
-1976546454
1211050854
533849320
1067543241
-1633567066
-1745299780
-1053546187
978129071
-334160402
1183784834
500691159
1783007512
-559504638
500987107
558755910
316836325
-56328521
-1437875015
-1719405731
452245142
1047359208
1949797495
-1100224908
-1752795703
-1345437782
-356608951
199351470
-370730240
991538115
-746145671
951822222
133064871
-2114367397
412640532
1099027408
727101012
1554884595
1661183949
-990175370
-1213986992
-1721876329
-1331037152
-2119123680
1768062293
-243621553
-74041926
1596127392
-1646455911
-1505783078
-1140970217
-1463086898
-1005847029
-2038710370
295703149
-1518314856
1587054811
837410521
1609009864
-2136735396
-1078365120
-1591353571
811924342
483915897
714262645
1604699130
-219961436
1195045411
-420452861
-2039076100
1209107528
1466724214
870504006
-1643795497
-1518999998
1631141325
-935714775
-901150752
1839361725
436335956
-1655528141
1782144191
-799286821
-1426961188
1164200647
-112800157
-1842441327
590960366
-1161530457
307321909
62731982
-1210057694
-577794631
-286927472
626350818
-1428404560
825702414
1453072751
87642910
-1781181625
-1749138145
1348291943
-1932278601
133495581
87825753
-444131368
83113711
1449233223
2010465755
880896351
-645791370
768286026
-286322819
-257068658
1946500364
-1239587599
-197086700
937253599
674994795
-652212384
1522817011
-2063676956
283722596
-1227042967
-1230053963
462527427
-1418450360
1480872733
1455245882
-483944478
-254121079
-419504474
244531950
-1799288611
1887085983
-773801900
1272315985
-794464064
-2026935505
1565921781
-530348366
563530866
-1850920086
-812893336
-876730563
-1120855441
-299602765
644016756
-2000646856
-1875961671
-1390439036
-1702253611
-349250679
-1553437168
-22052974
-52768360
519937659
1659679328
628498734
-1438223704
-1720740415
-1092482438
390240493
-1397403737
-1095263558
1694845702
-386447477
-42684158
635184886
-1928014152
-878894068
1832489535
74333944
-1857115198
957722147
-1210405224
-1401043651
297620617
437199575
-741981491
-1252951683
-459886693
854906724
-936273866
1929979952
44745439
751820383
-1102205673
-1632317869
-737145331
-1482007780
-1431466441
1473492331
1377701984
541730643
-1178585677
366660553
-409078390
691908353
-1777794289
1418837264
-1977311768
-1048566133
-169926515
621448948
1728607735
262700841
-2110953022
-1091582396
-1902587643
-1175929471
-852383899
1596020777
543406891
-1621518702
-2133642134
1633217455
-1498253702
677934803
1159094350
-2028851323
221517683
1761367963
-776789324
-1099151360
575730876
961021635
-1356139471
-1257924251
51961361
1887880329
-182263709
-765234585
-1972810120
-381002825
-1031527096
1728797422
-1408758344
-1479534589
-1053363252
1814825753
255980811
-1035714887
410002851
-141537658
-1184576750
-818811497
650378329
-877242416
-765039864
165118967
-172147290
1208633433
-1535464646
-587859405
-455524090
-2032471992
-1115900234
-1925985468
-1363230071
176949973
1445449282
-1567468372
-493973785
-637961533
-765025136
-285290346
-1047896873
-114078930
-1094727249
-2064232902
1212114848
1878161542
1146673603
516312198
-148398353
1990378971
-1099865352
-1016472838
-1165131797
1574838874
886159027
1805477075
2041310087
-2030410985
-1111942646
-155088277
1254395414
-2028841716
-1566963338
1976020191
-763581404
-855676063
-55934009
686362610
-914790270
-565604883
-197554089
496219696
825350050
996592636
-283478910
587619158
696153125
16578386
-1970713515
1875325168
819120306
1987275632
-218891644
1454850372
-1970838775
2051245333
-213015647
2050923630
-1905826729
1985646087
1296181387
355185612
1410745035
-1832378094
-1493019613
-442333285
-384331672
-685749679
-1581731770
-1658942750
-2104763619
-207034453
-1203620362
726950286
-1319962094
1725828512
130370778
-420553506
-378184636
-1974373307
2121584104
1089788417
-507827117
-274386804
2004090208
-61085956
-1217307238
195182025
279687163
-1658465839
-104204672
-294675599
-2018504860
396723677
-112841715
754385700
1490661863
-1955996799
-143777088
-456099092
1588328807
-1139589628
855861406
702433223
-1563562603
-549237832
-1172800370
928449634
1148847455
2015614042
1732835044
1972625447
-845376603
955570622
1324558138
383076985
2132790066
132609707
235748230
-2020569538
-1319137815
948293635
591217769
-956489315
-22119618
474379303
-1921209659
-1967084024
-562499096
770428057
-16455023
-1325067140
-416679724
573998562
-1060329745
1463022087
-1765719204
259789237
-138843266
357001355
893961400
52471636
-98849043
-2041040960
-1001683276
-1039768014
1062202064
-619892098
-1839810653
-33980711
-1246176074
-1575928772
-1129765997
138118669
-772520838
-235439405
-356217663
1724798513
-429083687
1732237448
-757622961
-1052695830
-1988082875
-189238712
-2110899148
1355326209
1537032184
-729174475
356644723
2023060621
187901771
1091483233
249701775
-454418607
1130857287
1182030808
411059261
-1415292574
1499692156
-2060147228
-567080357
1845719565
872953105
841322891
1522436896
-1817180425
-1876606692
-684341924
572446869
-257464444
2033045555
677002602
-1628055228
-1259386244
2032032835
-958647399
1343505710
2082257388
-1693584993
-1436104680
-1704919551
-301770422
805528668
2133339693
-404670838
1066428892
911738587
55730487
1909923176
1160196441
108443046
-125590031
286523138
-720722225
1163873408
-950051853
-805956934
985303496
860084406
1898177406
1012492130
568870824
-334095173
-728589448
-800677138
-83209383
-1640941325
-582272075
1570867563
-1562717399
-1313567282
-1358164105
-1765507281
1668860146
1189227289
-983772104
1662351954
-139388806
-735813488
-599637850
779360092
1902579741
1518551991
334788590
1143457087
157964201
176963305
1886580029
888159367
1535273352
154860977
-1435206781
1665775055
861272612
-1651226024
1507505529
-333868169
1213657478
-1852264258
784052709
68121235
1849809728
893254253
361093148
-2041456858
1330245773
-981739542
1760915656
1187833743
-1694949194
493439822
1640759019
-454235326
861780918
-2127714282
-1263164125
1911914683
-1349147872
190921782
852040495
-1950237008
291579200
715585139
2094200753
1355330694
-1184504191
-1609982478
-1520086475
1074068997
225213710
1413246731
1974534513
370499150
1533649594
-74960542
-306316850
-1546152437
-439475932
187374392
1307349031
-2128746263
-1348019178
-1199368706
1174512847
590546499
868785709
801060907
-644089128
-102282977
937003967
-1907455922
-1290715246
-1306688675
214196216
1913609574
1351976530
-109262803
-666904506
-1432096655
209206388
793766337
-1462308362
864416578
342743458
1509072451
-1383801313
-1933819753
361615445
-1179156471
-1379807298
-1699546774
-1759477093
422665479
-317978590
-857234553
-1647231205
-360871547
-1077230198
-1675616930
1737787990
-1328272879
-450955252
-990086374
-1898760145
-1333876555
68149431
-1742659342
493820332
1688455533
-1598030084
2134355646
-2042739970
2103185875
1379463241
1926926540
-639226434
-797411300
-1457314314
-1436005900
449854329
-1886352057
-307718812
-1191654679
1468357742
-1920166254
-586168733
-1820300591
861331093
1748191792
-1064377388
2026984728
253143267
-24501447
1554821775
1306886273
-419338548
-430800670
1031770758
-186088579
-870225911
819791085
377024042
1159322048
916011163
353363298
1047378957
974483216
665924879
1226057087
-1737296184
1805222751
-1905025278
1961421292
1915694878
-255968228
-1000933913
526081074
1722850401
470054597
1764661255
1809109358
736710420
1978052800
-761925687
-2007488447
1055484369
-1963976597
-1685409485
-1826450934
-1307999123
1712003953
1496247216
1173568343
1588960601
1492780639
-906759149
-851409000
2091597130
1224837494
-117740837
-1025977323
411283740
1844852418
1217127096
1758983713
764247539
-77902485
1749740366
-1967527793
-1048153181
-950901174
784761912
434527333
1845100881
-956246593
-1376502706
-392683313
1226682458
1292424897
-1209237205
1019123286
1228925299
-637414603
948757225
866558289
-1736742896
297557379
571756590
-1441017957
212074506
-271339673
1249414764
445228422
797415803
-1680358908
493122147
1588610574
803768044
-1904716994
-675111702
-1409357231
1380227506
-154506168
-2052014097
1541004350
1271830676
776420731
-554455108
-214374259
-2143945551
1421632361
-1866152837
1919319022
-1372383072
5433650
2052411388
-1116283004
-578023976
-95183851
-739431500
462571668
-1381419950
-861633462
1666556680
-2052870279
-1407854483
124032782
-2087567925
531210715
2025091856
-1899497986
1711091461
-1845132256
-264519659
1890078632
401959926
-1929841119
-1090234651
207762782
1319677786
122179361
-461067937
668039758
308538605
1827955962
1028885757
-1630801969
813234481
325915288
-328748487
10162941
-160405138
-1195298389
-422793683
-840269945
2133520377
1516764056
1298954873
1521105862
-1425688391
1233847728
555126632
666972690
1531546086
2104970403
333184085
-111318191
1600433428
-464583882
1248469579
-176890160
-1679039377
-310568909
780399851
-1142756523
-1067519928
201762721
-1957436014
196857204
-1787729712
937806645
-78717766
422618913
-1033834462
-128156152
-939334240
-101454714
1491992710
-1528461431
884109351
1555515927
-2061706509
-363552332
1598508284
1213814754
741890517
1293307523
1849083898
-1578455509
-571954159
462622885
1201833166
1259810615
1187789893
-1010762899
345506270
1979292264
-434026412
-1339437555
84600166
1294777481
1945300257
307957251
876902628
-665923221
-2094749031
1712903378
-465242442
2069949104
384017399
151209205
523865600
196440038
1035280451
954849808
-487309101
79563735
835587867
-687404952
1770061963
1262131998
-422079051
-753803371
-1379554185
1531965437
2097211427
1975166069
-1714366785
-14254226
2021585625
1912772196
676688770
1562266487
1335793772
-1355918423
1510987326
2141626050
1486260124
-720006862
78815605
1922919788
395439508
1904875908
-373257076
-872190179
-1522694033
-356825364
178398197
1561282136
1656020478
-1357222662
311748496
-562345709
2034604744
848815407
-788305074
-2071019894
123428177
1113043701
-441688553
1847371343
675705247
913830607
-705127699
314530981
-827047687
745703632
373205073
20557839
1238923761
256295505
347359717
207305763
531772581
204398301
-592115630
743382435
197695297
-1502563216
1913574251
-384216115
-1922122041
-635968799
-344710510
-1166515471
-1420365806
1197165211
-1689962662
-559543228
-667331305
-833176941
618161774
1170943732
634571374
534579573
1015253680
816326268
-456883952
-743043552
1881605797
1999911480
690321506
-2116080811
-954402801
1561063995
1763906674
312238762
1098219995
-1095801504
220091519
328409796
1502826557
-384904033
-1819841090
-301513532
650754841
-705353823
647089755
-1629098751
-1110431068
-389734763
-1158230851
1137787640
-218848693
-923316924
362645262
-602196864
-600730157
403977059
1046656762
-523454399
-320246591
-1866004953
-928809546
1723482982
1951160315
-2124742881
316304451
-528652655
-1064084050
-2034351043
-842118157
121030159
1720041330
994229557
633760556
528146764
-865329492
386296330
892367467
-1627431543
1541866292
-1133375772
-1537210997
-20592693
-850089930
584468775
-1244613305
1339818518
600585053
-1591975486
1842808061
1973014491
-663569875
1946251460
3508404
-356108882
-1320109648
-2086164940
1909940064
-695820229
152364116
2092092449
692161892
1302660730
1016818195
-1226680841
-2124350633
-1143375071
1189027540
1600950548
-529326838
446095706
-1368644847
1166264986
606307530
1185003702
247591609
-458785146
-1260853535
515060832
646774358
-1745820671
1490047331
987369877
931017330
-1800705290
72195110
-781328045
537465143
-2038497564
-1022077679
-1971275440
1085751893
-1518656780
1355590809
-1861844947
1883946280
1806646093
-1372838263
-1868019477
-640290536
-840067161
-1611525375
-1548914274
545493059
-14937314
2000950208
-1798604449
-197271463
1481530696
955724197
-1874280058
-352340536
1595097225
1729513074
770551321
-493388520
2062757
-1916879149
352508286
-129567081
-1273629546
-1099368290
-1001238664
-1120892872
1071022751
1539424604
-586349744
1378699704
1186553248
-1110525688
-1076562606
-2118832383
-1263596372
435133718
440384379
1697969363
-1247707688
-1148534858
-399744657
717468577
669804885
-1730990247
1384305584
-756794184
915427777
-230993292
463620621
1243391398
-1641761351
1385102211
69690711
-906975783
1925400242
-1966327472
-938871717
-2039371131
-2039531255
1216505716
1067291659
325174475
-1676082857
-1946991842
-2130731266
-1139485161
-997190902
1957300242
-131063782
101555913
-843484112
-1007101451
-1514488690
1711969047
-629458282
-989004345
-1733310202
-1676633551
-1472575983
1984866223
1207762458
1665145765
-423048165
1338597630
1547206662
-131924220
1585023137
-1834595731
1827155360
568885702
-2030786534
-292438359
108685958
-1024587926
363380443
2138708241
1338300566
-1186838559
-310156887
-1196579650
-634342238
-356351956
-1874709617
238680003
-2046571932
-2142795453
-1520009998
-489734475
397423535
2052258104
-1729978398
59653229
-1023125785
1040888476
-1925579342
1682965004
-524822349
1834190369
-2025774646
-1167940801
-2123795216
650234496
-1909111366
1638296259
434959080
-1541337443
-2034269549
-861187285
117942467
1992444392
1944666994
-1004091423
-978501059
1506946821
-78852772
1494610538
263569049
-1561361234
321253457
-1755244563
1595988437
-900486952
2123642267
1897450229
-360032994
-1000496620
-1616830618
-1129450123
-273296763
141714232
1957842325
1997668108
-61851661
455812414
-1455907886
1169986442
-193999526
1576336235
619351271
-1201091149
1765509677
1121125811
-1159096500
1328794178
-1414183407
-232331941
-1743313152
1541596976
522830036
-126265376
-19437413
-2068303051
260355486
-579396585
1003303332
-794832497
-1728680603
569673109
-1678009824
-1880533503
-1824815962
1124885072
1852775274
1181506846
2058278993
445978246
-1151776695
-1809324857
-1218916860
-2089741603
-1515752897
1549805809
-1783731332
686688459
1137561631
-2127099733
-1461325497
498630967
-704251422
519518047
-85070658
1730132320
1691930041
1997192791
1835988274
1589635581
532222565
-1558605181
-2129688475
1432837286
-101356858
-1386921352
-1883981252
-1871907982
-1986171214
130220220
-1963873359
-990574880
-1453392632
1369804352
-595395314
-183779846
-1054991612
1815922989
-355291305
-951434057
1650128083
-1758927901
-2108413689
2100200609
1788793706
1964738621
1968132607
-727497801
-2006836334
-1017025766
-777192773
-793719405
-1955943865
1316164633
918946502
1781304015
-1446829501
1533271459
-279317904
-171955547
-77529388
-1242402515
1156119485
-150519083
429424630
-1251064898
83400351
-1693677109
-1713716323
2077873839
-712430488
224268032
640393297
451526833
-545880455
-863890016
914494720
368886548
-1696336833
1930196332
-299933169
1462333254
1987075168
-1540446751
-1139400783
1413619865
1694346544
-610609254
133948796
125324872
-1969594263
1530183666
810899257
39090619
-1361902053
-879691027
1224059643
1095253257
1688013537
-118610089
-1987576718
1182023103
225127765
1667309869
-116784768
731121631
-1055959355
-1063256516
795145229
-643951317
1846856486
-1771196152
-1412774633
-121207645
561570888
1751283182
977988876
-914930101
-1336423349
-1595183476
-965513893
1186512688
226880337
371068768
688379720
1353853357
1868954740
1705132975
1965124607
1251554794
1255603706
432040871
-760698388
1994174117
-1105956665
-1160865593
1917442889
1456350772
-1256809710
1577757822
-821331464
-1798639670
799523419
-1817887470
-1933149038
958720248
725520540
-1818532669
1848500415
-1894787209
-956491586
1648090928
1242826439
-1478467804
-97046962
739645688
-1687047575
-1808411573
1289356400
64492963
1536935147
1954049575
1211779091
1435127747
-1219361678
1890164137
493693286
132577110
-551385965
-2095281032
1201932425
1216098926
-2025683927
378079289
-1270236792
673137683
-1950952344
-1773445616
1662751620
1697693032
-659350222
-876090779
493338418
1452285195
-38235479
-703504150
675117193
-820019007
1500639236
-1923280675
-118278217
-593605293
1305725862
-1698649718
1899099476
1873539250
1961203820
-1704377581
-285999655
-1540218271
583750
1798549363
819529811
-1954003437
-1160133623
-964012096
1192789075
-359148397
555494530
1324165552
1349931816
1617161955
1909987533
650926429
-668114865
1255440296
436635111
-1935213748
1090964778
-1832415547
2085055362
-387269973
-1442077712
1131522884
1514252824
-1373491238
1034569189
-1908371587
-1530182077
-1462527188
1946683594
436298609
2064221514
709494765
-1077233771
1547583862
-1147289858
1688148903
-1725109659
1155326233
-420677433
1727796641
1357605295
-532509633
-1411539463
1131201192
1657344189
1373618829
1648879980
-603494127
-1186340007
-632803575
-720710582
-1076301571
18696901
-1759390719
176201258
20237534
-2051363347
-1971285717
-2111094178
1794926138
1228069087
-655267827
-2094895480
1500123823
40626042
1405821599
1297206899
1764218166
1042589541
1989165101
288342303
1564110763
326608195
1149783170
-1685992675
-36861812
862279972
-1653275326
1447385629
1064691968
-948951490
-5639785
573091269
-129296613
-1127472676
2031308816
912849347
-2037788576
458216853
438533829
-1800923867
-1752881017
-1334677311
1399603646
882723559
1036275839
712449321
-1558475883
766123981
-2037954123
900492029
552184921
999629171
298650006
-257816566
931203765
-986049886
-392572589
1000748587
4574032
1495271652
65322467
-687885056
-1276769673
-1982116007
125817933
-1183837474
-847148039
1814700747
2143161895
-2133485307
1371669842
1075354368
449784409
-930920680
86730251
644437328
-2013182426
-1353150007
-1082277280
558216310
-879459731
34199763
-612842462
202492330
1573730603
-1616525267
-1930770977
258816750
-1951037629
-2039277444
-1728840641
1294711464
2143760001
-117087544
403198384
-643505040
-1799154724
-1105265806
79747141
1835307819
495705595
1021380709
3667419
-1186855848
1714255866
824854156
-491147651
-1334485847
613645421
-1390923133
138653961
94921173
-418591580
-878344048
1374095891
712539564
-606414800
-929280044
970432776
1504534123
-470853466
-2101287747
638837654
617138257
-1679587934
-780224834
256983883
180972658
2103444750
-1766412990
763390332
1094965450
-1864557660
1255827421
1661355368
-544090732
1075241392
-1669411388
-1309321060
1728693212
-1660321766
4431999
-446372456
1748291923
201701795
294979036
1790567602
219420002
1638810734
-207143642
-443555014
955378561
-1548568638
2069623703
-2094124834
-398582072
757404174
-2117866486
1247280976
-1949779259
-1181541588
-85529100
1342986277
1536726416
215820010
682045333
-1279980288
2077746973
-1789396027
-852185239
-879622673
1260552657
-1973427721
-1629998875
-551513580
572948567
-144761165
1730465887
-149643641
440499379
-1431674962
1427792461
-1821116549
1490134166
-1262888223
-1145957967
-826148961
-1332527372
-1620171123
267514324
-1960031802
-824674605
-1568928385
-1036290255
-1836080951
1492287334
973792149
22285236
238389675
1677747546
-884662656
-2115620316
-979715074
801710446
-1739376950
-1372787492
782208134
2039201865
-1774906086
-1100850239
1803183643
-1626754169
-1284599881
-156908177
-438407981
29138964
2059385930
-509837387
-1186549921
392838589
1902778855
-883659965
-1569158475
-1654776828
420468557
-450496863
-1504304145
-809869261
-1706378899
1958665315
809770099
63819955
317482536
-849473382
-2030836653
-730938979
-1716381859
-706965107
1201032949
1195357841
-850265566
-1079636055
563105270
448515526
1181269584
-1115709259
2047211083
1144408162
1462901317
-601230775
2100179881
-1680227316
23021284
768585600
-1515991514
-1335297602
235583456
-888664596
-32594400
-1236527649
1576571962
2084615626
-1849013667
-896336496
1028109063
1541503350
1138576499
877008197
766451830
1336905761
-622397590
-1578869608
-509579503
-1373812800
-1562424161
1602679641
963074371
-846306745
-589337877
1225743337
-303859942
392729110
-1653757
2085031624
721488972
-1169503821
-571227103
237777771
-354274689
1698517690
1292685284
-569339310
704242628
-329785327
1447083124
-34794406
-1871795868
628756319
-478927383
-1969396913
1983050463
881200574
-767342612
-1914929211
27089201
1498698670
2090220703
135553063
-601140649
-913134515
-1728068166
1184886032
-1430447856
1429208004
-1680014346
-2059407655
910281960
1478064388
-256982867
-1401372558
1538723441
-1759162702
-812962366
60283765
1322228691
324130655
-1760477250
1904054648
499691911
222292220
1312097851
-1942452574
1596863327
-2042502260
-993089916
843432320
1875501513
-1681885413
474733693
-1037999079
402267987
1884378350
-578935360
-1694408129
141625970
-1293205509
327023369
1431619879
-1759187074
-1419366245
-1069696045
-667456452
-95987968
1798143869
-605212606
-206370001
-257412048
-185250850
-2030516925
-1549515438
423557048
-308047626
629008113
1437265446
-152335682
1991286453
1690311994
317888306
-836930015
-431363665
901828290
-300326122
-1070614015
381511251
1037422087
-1958185506
405543301
1549984611
758715589
-1779263845
-24060201
-358869089
-2041687654
-505227728
1507875699
-1797564733
1023486957
1166954345
-1603163999
-1557388876
-295083508
-1086761903
-1318163393
-1850210827
1678779796
-1900962620
1466017220
1802862687
1711561237
-815510974
175622017
1490409233
832674293
330290438
-1815044056
