2034453692
464937977
1235567703
759406999
-716315555
2066744495
1932050603
875805801
1975472613
-1211297831
-1132909616
-517021298
1035851766
1232347774
-1813134706
-1630323264
472427265
937846959
90365576
986845039
848329395
1291869164
-2029461803
-1083333180
850042542
-1495432251
551585230
1462356962
-1417815429
149232836
-549527511
-285137810
-536679233
-1698707062
1673529670
-543803055
1709333933
-241913289
1722900680
805258172
-2019802948
1022277135
-1166998168
-516427668
-2130846311
328242009
-1681282811
-2144033746
-1567329187
-1618400886
-617672194
575079589
671846658
709310883
1412488644
339462475
-1185373677
1266567382
-1346479958
1419122869
-1099118941
648317295
472874751
1556936218
-1396635777
1022094834
1488223070
2025030421
-2115997786
-753481089
-1710344637
-1367533143
-1328105479
-710236034
-1316500767
22708870
-1136559570
2030710903
-699271885
616418186
-1230168310
-1473687999
702467409
-886668662
1896217551
706540382
-890412028
-516925359
-2047257870
1593449381
500831388
-927305752
-442946544
-1785858015
79798272
412999191
1917925155
1874027577
-1806539515
1473125675
-2039861520
547883280
1946700291
1999010042
1799122627
-1174023378
1866804133
-1881950428
1879682910
1328258655
-1048517375
1165590427
562110254
-1372963877
-1477884696
2133281124
1399867840
1727608487
-1619295106
1630064542
525763187
403241530
623252236
939152067
-2085108115
-1602338974
-1759851756
-1972819411
-60339758
918348648
409396389
-1033016868
-1160698829
598117746
-1016645391
-1043226506
1238224964
1515439656
-1845187812
-2054557298
-1979616558
-2024512102
-988951978
1894518824
1836326131
-605127839
734003499
2098060668
2049932670
-2019486461
-85727719
-525815814
1736553917
-425556324
1023770978
-1640266098
-1756609183
761797049
-1265984476
285649957
1740718517
834619015
167144614
572493678
-2124395498
-1344349396
-1513409549
1568920292
740817826
2136520052
-1016094547
134142220
621260336
-281349456
1518799642
2049265915
1558770815
1815722458
-74916221
115246875
-328790607
-2052520963
-866860099
1026260526
2109613561
-526383405
1732665607
1364726929
-1864151917
303441327
-2077965545
1505933765
-1756277516
996379805
1668727662
53180459
-1255794877
-1903306297
-477691917
-1471981810
1861141511
594245913
-1208535104
-868132633
372850464
976131624
1248600374
-657286693
-34884101
-980236209
-2116547242
1896829575
1908598017
-587801317
-813962157
1970717440
-580206513
660497640
35358562
76565013
917271468
-236132917
710607829
-386913066
-2040009289
556193971
1275659111
1413665369
-1262589344
-1839016758
1081734617
-672565317
-1724469095
-2070442720
1934520253
-622878619
-956631220
-749108085
2118621841
2052114064
-623139442
-291136568
-412478961
-1296429046
-473865707
-1539056155
-941571390
-890500295
971777511
-966775069
521575900
1828501600
352601684
615301270
1435973190
1400529697
-136467930
-197365296
-1816945927
1731465282
-1709400554
-729711682
1105855116
334791603
116325504
-272690799
1373903885
886645455
-603743142
-117254560
-406251245
-2084686110
-938132638
-609923764
299746579
-154250261
-335718506
245278692
1899904498
-203757662
-1751733271
-1964009781
-551411236
117454012
-67222477
640942232
534070867
-1451803028
37575784
1936704253
-727954294
849111085
525696780
-1702632918
-379738381
-530985538
273389286
-994260365
1465705494
-644835474
694544371
-1596946385
-52473180
-2062758247
-828628067
346954211
-2022812980
-1371310479
-1351087059
-705871712
-1529026356
-556602111
563633021
1421898409
1400595658
2092554351
166650096
255906904
-985844764
-1850137471
-118617434
235297601
-1186845052
1419367522
-1335276052
1702657943
-462030855
1498918052
774841074
864427982
1108165443
-1380058744
1939507135
-1526105470
1221726509
-1659636355
-1278919064
891773591
-1213383775
-1555393562
-421315969
242160032
871162423
-2030717920
1021505994
1603419268
1672252430
762773699
-1024097227
-1758245282
-1346563361
-1772028122
844951304
-6165083
-407393457
1451037480
705544028
-1443352691
-1312252285
-1069057234
-1684736053
843914667
-478967559
-1017083801
2106203494
-1160285729
-1839451498
245536598
-1646223381
-1004163987
691819514
-1920955247
-471133897
-482416531
-153101029
1497946566
1477828601
97653349
948343057
1445285630
-1249474136
516908340
1470303022
577780773
724006838
86135089
299663697
-1317296439
-981992443
-1325387373
985257851
-646997982
-201645926
748844050
1035065506
-2102343854
-476627312
-1316415794
382052549
-963566612
1440976974
-439574416
210224192
-1491073862
58733308
-1143671154
-1849483167
-1425539398
-127382734
2084353620
-1407499974
1522837610
737493234
1140781919
2033670328
-1336226491
-2042280232
713523436
-1432894732
341955980
-1322868593
572270897
1649832905
-1697290679
1322015879
-342395126
-435672667
873627024
1135113444
2060711384
1509783972
1389596424
-1508734023
1706101670
-1283454758
-1020042071
220313205
1250480524
1838778096
-1057568826
-2087514979
109088344
1052196337
-1327942066
1795026363
2123609962
525749093
-1449580466
1781674646
835951582
-1072572769
1782884793
-693387870
-1236001296
153999443
-1408283541
1472863929
920657564
743327595
1795602027
842153483
2081849221
196329242
-896839568
1437286995
-1707417833
1850995248
1690753190
-14211509
68383471
1723170736
-407708239
1186640225
618636409
282852511
-354589198
-45103189
1175016410
51005214
2000307976
-1156037353
317515025
2062448315
573829528
1299634150
-1808630952
103546371
924235089
-461992358
-1359673648
-2022846117
-769801942
2084637613
-1466300324
-2123127025
655975406
1099864133
-1593364532
1294640299
1461342457
-938835674
-2146355138
-1340928631
486927683
978942632
986818240
1647953579
1689512093
-1944651159
1078415162
-1071266870
1131783995
-1309033340
343917450
-1031360082
938229618
-90249214
-725217040
-1804373568
-1978003519
-2038528368
1614114732
-958645539
-672583403
914572146
-455816986
1170043756
-1909438136
300590519
1951020749
1188927666
1188266474
1823619502
1115939585
1806813028
-902322364
53042584
782624565
363444605
286897049
-997808738
-110947312
1591561554
-331527505
1356532485
-35601836
-2044532253
2106124685
-575907169
-1314647487
-1237887885
172936837
-1692166524
-1895219909
-1995125927
-1125261964
424886018
850124202
1008761368
216400968
216315601
1496404257
1152555693
-600841278
465254027
1851037889
2012141608
257933436
-1341258918
-2111480865
-1171798402
-401080275
-899490574
-1537085212
-1302232164
-1496336596
871159490
-504459147
724882879
-1506407886
-1973219227
-605415725
211114754
-138188701
1470497118
1023604611
1997708856
-2104106609
-1446949884
649414449
-631954180
1137056948
-2042410053
658833360
-1827288315
-701058361
-1379741084
-522853626
-237044034
532148659
-1258370794
1681170119
-1731415275
1987464097
-1215649779
1694177343
209263250
-733350278
1068890594
49545461
-1601077332
-1847427159
1334599164
2084575789
-1536176553
-2110695387
1387183686
-419313011
-993352991
992124078
-1348621278
645523970
-162074114
-2082234794
1813518492
-389355548
928226849
-1494552766
313580514
910536535
-324497908
787347378
-1561280524
997584373
1204295850
237786942
-1467874665
-1571184471
-971318756
-2026269087
-1405255025
1334446813
-1767160303
1509026875
-1967059956
1541045207
944212826
-1362158446
179927140
-61634976
1990565053
983478809
2021823746
-273183066
-1451330808
-588572427
1885996446
1411895907
-1437410199
276651388
738301358
927944509
-572691203
1869976383
482389275
703277935
1113220262
399779914
-704914377
-488733527
487038496
976136361
-315313425
-126236363
1556863830
-1628522962
-1456253124
-1233387686
1729495794
-1893582734
-377581857
-1898537211
-335928526
-1462761192
1742614605
-391978588
-929346046
-1674272680
1340026599
-1639863211
2018419270
1132365243
-1810909587
797800512
1054152310
-1579513565
-1994585676
160947520
97441904
85723150
996415639
-1327324472
-429631864
927843099
-148831957
-1617003772
-481409564
-1757673524
1433989174
897043518
1613183495
1221669516
1146950880
-1139004285
780575146
-198587148
1409063851
-1188465787
1896758482
-1126839223
-1251548000
635537091
1167089694
-32459703
-765564726
-1391705113
-486106783
-1257070042
24117992
1646472558
863340912
1681425362
1248431965
142130573
-1772878020
820117373
1636177771
-1614314669
1658380322
1590153051
1381301152
-1816957430
-2081175167
1853199786
-641412721
1334438627
-2031396979
-1514246925
806480067
-1389119279
719523170
-927745905
987998960
2014680756
-1205216676
739899756
2095270764
684404666
-2090690395
-137385199
-37127716
-679876094
933060878
-1806275361
730336306
-835748991
479316002
-1964049511
-435170346
-308647639
681007224
129810213
-2105404893
1789449287
2046484041
695070867
1268793364
494680620
-702261183
372350046
-2092688066
1608976911
535470489
-1433074446
114637313
764622129
-961599131
-2005522066
-967806726
406789442
-22197462
1523676330
1036583867
-1854896893
-175235917
-1693656965
194137790
-825006292
369804580
-708650699
-1128511338
292870031
125088079
-332116623
-1652801434
-1469558148
1000094022
-1263544817
381587351
-1754784153
872647472
-2085989762
750072517
803709896
-405475488
-248261318
-2029879815
555278146
-336545373
-1087841130
-111255523
-405515769
-824673319
1144509371
1854400940
476386426
-125678138
-1697701904
-163837272
-936317163
-747094487
-108511717
1426439121
-1169252980
-296402674
-1058491257
290129683
781885490
-1812844704
-1466311450
-2026003649
419250076
1386916801
147114650
-192080130
-56973693
1766523038
55562543
-937191679
2127574510
-1078637699
-1869648084
1628836733
1584428944
861768089
1943314699
226699478
1122062958
-1449043537
1784602756
-1113331814
-86612540
-1258715366
-1831316463
-334714960
1771810345
592491037
-387517778
-1857332528
444782833
-1800689281
-1748656159
703861301
1850206674
654657885
-192642055
1778625425
-1402464567
1342763835
-994040678
-359933631
749731390
1953755995
1972568440
505084354
-369845402
-1869125806
2021505377
142963298
1614585064
184121815
-851575935
1860010298
-992607805
1521354718
5032161
2143402587
-1204936594
-1544813851
-1975465424
-772168634
906001472
2145789068
2094644678
987441058
315821330
1447217003
54936037
-1905605080
-67314398
-1745356513
746946369
869518561
199106873
-1173481050
1155168194
1760884115
1421815568
-2078499860
912194951
-1701762184
-1405225489
2004466597
-853502418
-746887375
-980951657
709835869
-1592668590
-1626352135
-1273483422
710116812
-474037932
-239353827
294743463
-1492668049
2036062558
-1871125845
-1446363805
-397386413
-122549339
-851955607
378324501
-1387767757
1272714477
1032007177
-1827558424
-2054587707
1492941394
-1051042406
1680738327
773407312
-28552636
-439718592
-4324468
-403963774
-1268835886
-2145837785
172750795
-1446333313
-998761940
-1761210188
-678544882
1469374781
1670521442
246087421
1196684464
-1097272050
1703057777
-2075527557
790344398
-1085073794
447556736
-1055938562
1997832746
-1584698786
1179491686
-1061491488
1106562899
1036658464
-1213106832
-1971716995
-534749182
799607141
-1240227744
-899611422
-1840705593
1022295508
694694839
-270198077
-1001639196
786175021
-897128905
2097263794
415810425
-2099703907
-16319582
-1990318706
1728625888
656353363
-1324898104
1479264825
1637501274
1411502674
223097792
1171054221
-1835293206
-171074167
-1161603979
2128555407
1837555841
-850623712
-1174038172
-1807413019
-2089233318
-567200748
-1848716125
2054845317
817957031
233848069
-348990172
757779375
121525613
1671893838
-175247302
-1780989924
-1830391124
-1382129834
1261838173
1957915767
185914818
-1426712539
351909417
-1731823348
-434142960
935281722
-1882917716
1468889535
-881415715
2041607066
496499168
-952022978
-444704646
417285932
-1249191306
297356666
1436509863
733649220
-566894635
1260121682
1828683829
2099649405
-1364184223
-2032365679
287705580
542211531
1823963648
-1711184614
1204687534
485651151
-692640807
-1298497439
-1769753892
824845677
-1769048994
-50933219
-1548911113
-640420965
-1704950132
1052447547
763947658
-1081834884
-2086022799
432654613
-223685561
1532854188
646639854
2083182819
-318538640
-1001675811
1542502078
1108631153
1182248056
-1870017886
-1656895562
-753026542
-1692999959
429732746
-275101362
1455491540
2064683656
397164657
1146250079
1037992436
470363062
-447593199
1525979693
1110988948
-661583848
338181087
1567442088
-1995097941
1938204794
-1520208876
1584177903
1721921596
777458928
-429355767
-616998636
-477213238
446553918
-532524345
-1410772442
-521772790
-875010183
-1882107938
-199798933
-1093889318
-1292482835
-461232011
-1161058323
743524466
634062145
1235620514
-1498219465
552601048
-301761575
1416232956
-869932448
-2045820007
1753451387
-81900435
-1590636984
1337682869
-717813708
1934231116
-1459897823
1793077722
-1297416324
-937286742
-1612360911
734182101
2121448600
1269709035
1285402325
-1397602491
900607807
-412515176
1154010056
-1442032239
-1640130432
-825727884
493970341
-385061093
59285986
1274513356
-1659318102
-1716579147
1467826892
-22318317
-1900475458
-1670218157
-473098201
1932273837
114951860
1245127170
515248705
238160651
103540433
-1439877607
604871924
-706327561
-332668021
-1227119955
-2062309881
581598512
-1468936813
-216000951
-100325933
275781177
-694124011
-1848692258
1169952297
211944301
1070845502
-2120810504
-1205550221
-768634281
-1324710146
-365614286
-30440423
-563523776
-927737585
-483022868
-949591515
190162952
-1435298507
780518714
-1867074775
-1070831559
1335721158
-2056070881
327621216
-1677368744
287953516
-60097542
1310822674
-1028138369
-1258179799
1279887168
1493897533
-38959576
-1457456229
-2040509589
-1437022607
-1153092278
-1695564415
638169393
-1901270789
-57771863
1963428221
1453275641
1837344581
1676204394
962400538
309531530
1981464956
-1666812443
-1512872687
-568151291
163887987
360388542
365843400
-293360875
975358151
-1300359370
1756212250
-1916063388
-70330558
1897308094
-1552717731
1503922000
-491693180
-1919997491
-1754069600
787331550
-489372705
948321779
-1593275596
874212590
1363326339
1329583404
-465959315
-807950928
1251309530
1715202681
-1576108375
-1980381098
1789538869
783028652
-191781487
-535741174
-125378648
1319839619
-1859401825
952463394
223419697
-155750664
90816735
124330386
-345950689
908111831
566819320
1105901474
1968116401
-2128532848
483897709
-636319520
579661052
1332835662
389682464
-2041884329
-1174540270
-829123000
-2094469096
-882882816
-1321917088
-1994723498
454787
-1683783304
585847896
-1594896698
955632126
-1478055693
-1761560497
-407979664
-2077968365
-2032459664
743026855
708493831
1680221442
1863196461
1454624560
1839432114
-1389201213
1778937181
893577419
2013824474
974804043
-1688160232
1228672080
-1176156347
-1609908978
-1609912173
-53574735
-1069744541
-1050018619
-937661808
971588447
-1749096216
389822832
1390849559
1139633132
-1720658790
-504690274
701771878
-288046607
-1275657365
-1908700948
1431234597
644694065
1986903242
-1645039414
2133455070
-558290946
-1942347723
1969224069
-352210517
-40553509
1904020754
-66943104
-169133264
2075971682
1999385535
-151164732
921112779
-362905753
-1853709337
475244220
1757450
686868830
1421569047
-835899336
957903197
1998217465
941498000
837935035
1001455884
646339861
260984670
1880629746
-1573116054
447196374
1431068585
-1688665983
1595724107
2130520592
-1717097910
1356043525
1155449266
-912658968
1380148641
583411798
-1815086642
1170983866
2006372005
1562608140
-1733022681
737416765
1652715835
-2102449084
-950030572
1178931941
1054384588
-625758300
-1763007888
-2141667448
256932881
-1491989605
1124351117
-1749299644
-1523451088
-1063653651
838431335
-1345193057
1596129036
-930188178
1216442140
1780949743
-533802280
1110665229
-829059429
-1751993093
-274265875
1786468372
-1967009892
-993430302
487964638
-1230047571
1857417423
408133435
-1234787128
2037026727
397323607
-560210051
-890419475
1071027834
-1294873479
221099937
-515600252
1137479816
-1341196144
780156421
1231845578
-1830166619
1891799364
-434874989
2101887836
-895078183
-1720259333
1333511202
1357963464
245076836
1660140942
1146145563
527713376
-192250879
-1382904768
1534862943
282313554
-645646225
1573552363
-1583245976
-928984843
-2125818068
-917182341
1835618990
-1833391003
479971203
-1938870624
-1126228661
-1567304879
957199817
-975814977
-1853507359
1789873683
-1920178206
1902280745
1095239611
30877952
-1245503990
-739581554
-1990253774
490909441
1693465553
-897013837
-539552175
1290942818
1377844583
1790767971
1859264188
-305157911
-1932772071
60043938
-599484467
119790634
1033686299
-118296280
1877079039
-121850087
1272588680
-1795507187
-510302065
1102286816
1897858726
791481536
-1821954208
-1771236109
-227311763
-1998753987
-866548962
610861152
1145694281
165894014
-1260996186
84487275
372214302
1653561906
-84139867
316464474
-1348499059
-1209090900
-1415348098
1081496716
-1182368139
-794587106
-1631098511
832438480
-605454404
440847366
-520311047
-1055399949
1426827087
-458417177
2055058804
-1285233254
2073645670
-524397508
1827304969
-1825342638
403743244
119194281
1974099141
1674538469
-1894580258
919129459
839607559
-636298257
-557602030
-2133289422
1846286366
1516173744
-1592553029
-1970105403
1433686576
1530707490
1276836426
1067538309
-1162153635
-1649226419
1017495895
938865084
-562769117
526332890
773795745
1831446872
-420756477
-1002911770
1515629651
-938018085
1078084965
-1882897639
-748236919
-1936780651
1148407224
1288595958
-962815727
95434261
231433949
-1200499597
1087688565
347394268
409652933
2131504076
262261561
1566185556
506887768
-2143686253
1189884512
-377980160
1318599320
540353548
1558538293
-531149069
-154397690
-1183296585
1313518919
-1461161082
-763627452
788856365
-1352373324
-944776635
1699756539
-416005585
1394379690
2095459113
-416926978
634798331
1832692779
-2069563380
-737385297
1943388385
-275043313
81671000
422951585
-136649450
-939790513
1120394754
118215550
-540995896
-2048316289
-159375178
-1331530709
459357042
-2129850724
1060979795
-1605596887
527660145
-1847775480
1201683866
-634037698
2019501014
-873124911
2146943009
-18426796
-100965764
-343024071
246221965
449842592
-4353187
-1840056974
1156771327
-882022394
-1176117215
1269889448
-899507506
15070651
85879543
701627205
79260791
-905444309
-335853144
-1289784720
1822794449
1925771549
840343017
-1601957163
-457202044
1493872149
946167536
1863358379
1471184571
1789629945
253143113
542297074
1700621848
1493924087
-1676107287
1407079165
2012998376
1803223717
-1417980541
-1904544465
1752196760
431545961
1771767066
1885631753
-930244506
2079473178
-478095657
2017734755
-789495973
1290970855
-2122192357
-330493447
-627667081
-7788425
538061272
-1838770391
-1190805970
-270048686
608268316
-69472774
1821073939
1461779327
833539822
-1932497056
-1554409006
-1875349395
-1742269859
-737478211
-1205850524
-846177514
350277589
-1061294165
466101373
1365678433
-1617324364
1376378616
-506302137
-160369209
66917916
1263866865
-224344491
-1660340679
1693993994
-1720541981
-538269486
1339077953
925372839
2067235294
-1659877384
1989273959
313759966
1153774780
1109378760
-1448575275
416853806
331119969
1282993399
27191101
-948381248
-469998013
2118546215
-1875213318
-2108449093
-859509460
-37527978
-400699787
-141848617
1833794622
-910811493
-1195760950
-925308368
-1571066057
418538766
-205451094
-1784291492
-194696970
307094792
970937986
25025471
-74285762
948139148
1552542429
-1896194531
1957917369
1564688388
742897670
-420662160
1817354558
1466303791
73985520
1060188667
-1147621290
-1390114471
684133978
965194398
-636831236
-208421171
372709166
-2105901204
-2021288540
-1816572536
-49713366
1201596538
393498494
-1433177297
1149860033
-183490567
-1050652677
-1079349695
-651628733
-2000395641
-1612843121
1953556624
857829947
-1061103423
1304474296
689706221
723051287
-597221860
-156382657
-386698206
1811642638
308177141
1406497726
-73173724
1460186942
154750949
1410197089
-367172471
-1623297772
-232159142
292848
-12427465
2116036848
-1877443997
-1275787764
-1505870755
-745695993
-1013662262
-1197985864
223519399
-1892186485
-1032727449
285025051
589413549
-1702957302
569947571
1930167171
294338731
-278077421
1365049243
-1866847315
1797635959
1396203806
689168534
1489621059
847867567
582565805
937889529
-1417492827
71361073
58015150
2037342601
845837292
8874192
-18398685
-129508015
-438491093
-1874591677
1433825284
1912818870
550201847
-198503328
495798115
-1594117176
-2046691799
1423998346
-677432111
699676122
59471841
446067304
1944924928
-201637804
-869843762
-247635753
-1329569111
-1400631609
-1933547091
-2027691487
836484271
1468783681
-1736084721
-1239073170
-1705753980
-510634526
1777851998
108540794
1259425996
-312335697
373853985
-317263224
405600319
1211602085
450176126
-1714124394
1485209811
1242617617
-153146624
-641520687
-1822983399
1811951134
98444955
1959923019
-776076314
-872539217
89766124
1757464042
875896374
-2011529874
474572740
-1829671005
-132233394
2119759909
1573636071
1300362216
369994016
1419265100
-438366192
2108177502
817663730
-909561886
1625380920
-925615405
-1264844736
1622370688
507447575
-2032796561
-214194719
-237803350
-1877327894
1886731304
1113021801
-1363277976
622733943
-1899288453
-425713969
-2094292715
-614621362
394678360
-327477170
2140523126
1665955408
1749805917
1060906127
1685059341
-1932040844
1726542151
-267452665
1555341231
1855350216
272151717
-216737122
805682772
-330177354
-875694899
-915259759
2033759021
651380105
969317140
-463254120
-619518212
-411207890
570529592
-1238705334
1937620639
1051894334
594644769
-1273826368
1926083564
-1999097029
-423733815
922466681
1512155076
-1558526695
1142054263
-2006991491
-425934494
-886591488
-804218574
1048786372
-1735495948
-64339888
583172469
-1242188329
1791056748
1672927717
1544892446
1055149495
409169303
321817499
-1753757780
-466341122
-58317715
1909053204
1251776937
1463572548
1985471659
1092726968
-981352347
-143223100
-164885601
-1644561411
-84074524
2011647550
-1569662142
696322024
1548943897
-964387042
1846514571
409718738
1461568083
1926537948
-1532736255
-309394321
239090678
1653360294
1371564178
286335244
1275326574
-1821463491
-2008831837
-1269690089
-1205921695
-2092485348
-888846488
-1184290332
-814869469
-2015978530
-1580753292
-605913938
1743712110
2066595808
-2113522797
-1687108389
423947346
460785445
2077703895
1759082115
1274366314
-237405574
-1122566672
364163378
116242256
-2127626278
-1180407615
1358109421
-1762119342
-2064034029
870062895
414705523
-1782108827
-1315455832
636979259
238391236
-1853860007
1517901561
-1463563694
-702546458
22760270
-1339633247
-142301981
-2144390938
1665991526
-1598043361
17664818
-296116963
1494215867
1613691063
207863915
-2128753484
-1687955565
-199088998
-1596332806
-844692375
1348482770
-251565500
2143716633
-1122963310
543580847
-1561111259
1174174890
1439342178
-1545022806
-827210365
-2042280890
1230587242
-32013635
-741490786
2039118741
-1514166942
-1395591215
1933478164
-295877409
852950057
2017105779
-1543849849
-178305565
-852305910
-1554364729
1780489084
-67477017
-1174844863
-432634692
1847170694
135364880
2108505533
-1600031871
1451254691
-1759119117
998307366
505840951
-1956097307
387082859
1470298912
-1495679001
-761466540
-281728852
-715656239
-1589457739
206551570
-604930664
1171797665
-695384491
-1927957056
-988782767
-1357901504
1321925310
387263520
-553751793
1976437996
2125206558
522865659
-2006042318
1843049204
500981005
-707531451
-20750694
-534145673
-462154748
-1255681666
1427877686
-1005870991
1105068560
522192474
-1995336229
4650743
2004601026
-930525533
-1498704554
1014554817
678206313
1324660062
-2019932477
1315605481
-1519790205
-645091540
1244096800
1514776306
-219139985
399535603
1733154332
1279399691
-1474076057
1279150781
-1365544907
-435794285
1766170798
1847618015
251354625
2007500767
2021339909
1262288221
915941067
-923047877
-433719710
308136333
-823491487
1138413359
-2035567388
-658976775
-1778188757
675403266
1765116160
-1468119926
1349099903
1301955459
-114966528
74330337
-1731171532
-1996621818
-840634450
-1113953784
-779471244
1524438445
-109169844
-1818248119
-394181418
-1482168088
562938822
-1762954914
-2038058068
1527797054
109338410
1179686090
-2021821800
1416546892
913650519
662870661
-276525211
-1995242226
1506492404
1262570462
-1029313773
386474333
-593599580
341581469
1321315379
73383864
774867063
1651595879
1253573237
-1803271354
-1667849309
1085255782
809766783
-1290376165
472153203
-1540937432
6031615
-1310404166
1806003838
-157250361
564717571
47710682
-808346852
-524244662
-1090963065
917129068
-1811268074
1655642955
1303897167
715546077
340466076
332299481
464058359
1116181656
-147706501
-1030873441
-1396975288
-465951026
-1905316466
1933291333
-1629265972
1105382265
-485528715
1513977110
-539379549
796967325
-1993201787
964951522
2025792152
753786064
-285442817
-57906907
-1696606354
-1758177795
-463250045
1748676712
283031168
-982883228
-1210757178
-1234857497
-1253604216
-1715477788
-1909135998
1717830003
476370110
929727868
-567272274
-158973031
-1738346716
1306616591
-284155921
-1939663100
361383968
-106899609
1558190669
1568903199
-974037686
381419899
1451299369
1702791934
162466695
168911348
690749294
1010751358
-1617710506
1061969389
-951938809
-1388477526
-1275021207
-1405769222
291657104
-1456740256
1826309495
-1586437781
2008365903
-719365069
-1005566640
-1645883950
-105538715
-16076653
-622000079
284697281
-78953408
762305835
15799385
1352184280
-360040621
-1980334710
-705495844
526867198
1353911817
-1573255931
-1296346698
348994797
-559924746
569167066
-1445593822
-244651532
-3500977
1536909464
1569432108
1303291128
-490540900
1949150398
-856043387
1260579515
161851051
1996092322
1650074006
-1287271584
-471316537
-954749804
-1795845417
-1396844498
-1406078166
2094969155
-1958563488
1640606099
2078932399
375479646
1518496447
1427325292
-499392309
762741886
-501704948
-186593917
675456190
2144494146
1058705467
1144032857
401816069
-1141118789
1902078641
904259108
-1720158702
450760971
-603806951
-469117926
-1021925570
-1752493496
-1190963849
-192847888
891286526
2143396517
-1615376004
-775898723
1836251476
1847764691
-1318412260
2032800099
2006998153
1963455396
-2080813475
1580428303
1198212120
752027122
817533298
-1587611778
-1641813011
1955910846
334600200
-1060789405
-2019899185
1583227291
1734974686
497812040
-463605991
-73798836
1864896155
-1550469422
-1277579088
1875502764
-226959141
2043408712
-1391417808
-485023282
323377802
-1534082731
1865324392
279393636
-1292962443
-1887879155
528283400
1355327588
-1142873314
-1559177683
-1888033384
453994984
862849743
-994041178
522579884
715425109
-1799252751
906773852
214956886
765097151
-436250723
-18640342
110237915
1498002828
1349073011
1927606313
-737465688
1741652822
-311568470
-2094569166
955553926
-1878860522
1909069928
1097641376
-1531543028
-2016266114
1992972884
387027034
1911039061
-1019312219
1030568040
-709116144
-360421645
-28412695
-520953589
-1846265149
-1247427549
-258017008
1400986462
-1932372853
-249823167
1810149296
288837078
-1177341292
-413047682
1577291217
-376694262
1429610857
-392400689
1637408464
1567973837
-1242155660
1454782760
-13784187
-138983041
16646341
-262348310
738586536
1699089312
-1715838702
139259801
1138966896
1928638885
1526573566
-994877999
-413675652
219547150
-1972064354
421900666
716232950
-630058056
-1660717768
-1144227270
407766005
-1891383697
-881359795
1596978987
380450339
-199786297
-245747751
1960694477
-1932995681
1084013355
-1953675304
1427778110
-1864333276
-1861615562
-33488628
-63089752
1419968106
919853633
-1485171459
1921193977
-802084404
-1737718212
340483649
774329305
970589738
2026602433
-1252625155
1291269080
-1661472240
1675180646
-2082795605
-784498713
1028065047
-1043555246
-1797968867
1097050634
-409070453
-1370681838
-1138342720
956863562
1131028558
704983981
1892029989
-253148689
870748667
-209739019
1543223485
1074194414
1258974285
937962271
-1771564316
-1892085600
-859490110
585204118
179758880
269600437
1034717563
-146249717
-950271319
-605750425
-1897581210
-155541552
-82423764
2133040113
-1474186594
-1270268314
-1286942005
-1555166654
-96390383
354629460
1139133800
-1110905618
1873897314
-511824070
378575395
-820344220
628034577
1573973029
-823200224
-1278860442
-425745191
-2116815069
-1820408435
1633550517
528550489
1827816218
2061603811
-1363400693
2031201782
672984277
-1140370325
819784781
1201584127
1754425439
824583939
-170537728
-1986829295
1062907796
-370989791
-535406339
599211964
-1556134412
483162904
1825048672
-88133786
-669047366
1938117018
1409106374
1240423791
2079058476
-469218435
-1347486026
1372223381
-1465988300
-2073191486
-494156961
44883610
675888688
-1041369134
-124658301
1408805924
1179537414
1605102089
-1936056653
1667347171
-1005646726
-1570682760
-1365801540
2134301944
-517634365
463918054
-643593375
-998732651
351229786
-295156968
-1237973431
-1000217888
-236870891
-159957422
1466096187
-1627057892
-265420940
-1957425379
2028398216
2012813322
1575012411
980093001
1383131079
286890380
337033792
-1418597835
573194439
-2076204916
-1938757754
1249953613
407822017
-2115730661
-1798612855
1932930259
-1092440883
-2045885732
-894701861
-689007646
-158971241
553062307
-1323016977
571694768
-1017906606
-1546137512
607864628
1778771475
902363627
1180161569
27124325
1651465030
-78726270
-1667097152
-2003000545
1980137964
-2093305579
188924729
2022363827
-1603762604
257073022
-1024095305
-1379787459
-860720131
-1790006113
-843535953
-1744278283
-883093411
-1733190438
1443176261
-1574459708
-239788578
1558377415
-1287626001
-1754522598
-1301918936
905833504
-242144681
1773651454
154096293
-1098679552
-1451524218
-282747546
1077546561
810340940
-1689877442
1377412296
1006273393
-1560340879
-714045530
-414222608
925117303
152582991
1251758636
-465408236
1265957859
699939956
-592655450
1382530597
-1307970724
-1211554675
-1502453830
2053374311
-1226232160
-363096040
-174078848
-1830080957
-1683371576
1966397278
435292005
-1970084005
1155666384
2129030048
919733330
1741459167
-2121741737
-1298730096
1349757708
-1480742370
-83981406
36094722
786020061
-1056806305
-1539277594
1087523299
-1637172108
332361458
-1894388026
-903907735
1764667913
178590849
-350316006
-1140685172
-610642492
2132272555
616531697
1761213620
641734239
-229179181
1833492441
111717299
-1189846519
978487092
-1165019811
-361755148
929922957
-1477351112
-1764297266
-17015819
-1413130829
-1310252022
43588934
1456936434
-1580874522
-5290903
-1936432663
-1607731998
445544214
-2109881665
-2112987026
-1070106970
1689078239
-1454338959
1432128733
1888844160
-1657751829
-700461448
-1140528231
-2129028415
-2083660140
-454044368
2084755105
1967279302
-1081468724
174101872
-608414958
-537733084
1039282240
-1148964134
1392032496
-500188126
-353915973
-1077471373
-890126555
-44293529
749652424
-968265611
-1205598776
1714313716
-848424293
-1535957916
-518723421
-830698157
-486890447
-41380258
1234638831
1080174608
-707093322
913820343
1617962337
-397303960
-2095495386
-595935035
916274025
1152225856
538897973
-1314581001
-963279688
197096536
-1367836301
1698711084
2060257283
-1819199296
2107193515
674962753
-1918698489
-1248678006
610501004
891694572
638769100
290097856
434832267
-2139070009
1546625836
1893613208
1588459015
-424413521
2061847446
-1757728538
-1682930515
-1303020209
-906755825
1298066385
2109218333
1950067959
399892346
1910720457
-2036692787
689971378
-813733864
-1496399688
-546381266
719737238
368021329
-50828681
313322508
-1616420259
-1349754188
1565669507
-819377094
58101812
26577723
375622896
-1566334355
616258771
-1463406637
-1167506787
-695887768
-482622003
-673973220
-1339054424
-2118102951
952245544
118574957
-2129783516
1504171394
1559189296
-1101735910
11742473
-1753058532
495182216
1000939256
317443947
1400640887
108418945
6997793
-1350672913
1309415781
-2100254802
2074379764
668396665
954084825
1572961975
-136046753
-455583190
-30069814
-1277621395
78885472
1341228425
1137248349
-2075824097
-325598776
1356140543
-762362558
1247049003
-1876368063
1545954440
-1443921059
-842706729
-1579254125
374207911
953949097
902731873
-1398911198
-740432230
-1939807655
1013558868
1030351290
88576975
-1481082817
-1766440420
-1362428785
-768889194
-1071985039
-1990347556
1865135998
-1215438825
-1266827223
-2046331009
-1437019495
-4446331
-374675731
1181529613
1178532066
-242129005
865864943
1672143935
1808636757
-498149593
-935206474
-94765228
-351965141
550455629
1676596476
-1360750299
-1126620579
1704099950
-153469990
-689110921
-1964313242
-263323456
-204594142
-1116988784
1419403597
1418991104
-598443509
-856964596
511765218
-1292304289
81683475
-553140496
-1246905273
1982430393
-39126751
1333636095
1457766833
-756737012
836809961
-1664787124
-468300176
570564135
1738493588
229678096
-342061524
-1949842527
382367
-869643331
1297368688
1866943244
1870870786
1176128594
-1234129812
-164950677
327523477
536129009
1966756598
-1862898208
-1661001553
500173230
-2033093422
-802647895
-176357360
-1186458711
-95150286
-1889596083
687351808
-1859208610
1524498559
2142572561
928296631
-44079301
1290788697
1366204081
536333311
707605618
-1205273124
-2117667764
1177696279
-1658967024
69004581
-743167841
-524872486
-1523391410
850695444
-656304522
1328923936
1293618471
338785362
2118497630
1638880868
313312042
-858366827
349133471
730226855
637385617
1252601634
-974023320
1657962643
-790979183
-1091215981
1016371788
1768869858
105520371
1534014170
-1469746707
1926037504
-292640285
1649682565
988110582
772602607
-1745696249
2078592067
506801998
2037591658
618229459
1851324838
1822944393
-648682163
-850600677
3632170
1357619106
1262244659
-1696859671
1946545525
-1739711513
208680544
-1036054384
-1344822304
1049560372
-1544735775
339371520
-2020391627
-468744861
-257469967
-272224932
-1910296134
2000905474
-925616993
-1527351
1415428974
1481538375
1668874412
-1993815671
-1533796974
-856381120
-46593863
441181767
1805314154
447861838
-92297055
-1418438989
-200874684
540185555
-438176989
-85357231
2055583417
-708999638
-1472522812
-1055031154
317307186
-257392425
-221210893
-216041452
955574189
-1342959617
687460973
484301662
644270273
-86312678
-392669213
412997006
1301129183
-859130650
1164251097
1479074430
-723804454
-132836194
-1393538352
865966356
419705768
-1862629781
1718689447
1926383322
-2010149270
-2001752805
-1939687875
-1911738163
1444711337
-889700592
-323717285
180325748
-690278686
1813799034
1228677841
1311607860
-1067632316
1872555208
996627166
1136590306
850585783
1834902363
1713109972
475624089
2141594400
-766940292
1838011132
551411918
214340067
-707058800
1221115830
1357982113
-350391895
521056138
974043877
567807605
1978145378
-877872480
69845129
-861639742
1378124685
1688526912
-1581729876
-260387543
-475313994
-1142935483
-762809214
-359354680
-565775808
-1422179739
-1602733877
-887816241
703628900
-733377298
-1954851204
-1324762541
1297458809
1818948273
1094703261
575579234
-380846987
-1680360386
-1424206220
-2102227370
924843187
1071018065
577066211
-1845386642
-1428144138
-342737013
-764618226
397187482
-830670419
-1220544668
-1368058048
-168957547
-1569796488
-441798560
50941199
1925922873
-1852403990
874556288
197021117
-597499890
-1748329840
189534971
982401505
-589712861
698937138
-133524947
186225477
37232929
-924555176
1024587983
2085691922
-1395584612
-827854065
-799056536
749479978
-726692948
-1374504468
1162965763
-900829483
-918754884
-545485487
-2061105630
665434782
790274209
1784810478
-2036476686
141529471
1548219630
63721355
-1576454465
1079426875
-1419955835
1509958147
-1942796631
1200241675
690697073
410844819
1204323736
499997052
-442016013
-1592499372
-2060376211
2142984599
1324962266
1550202630
1940291449
-1085877182
83945239
-711506162
651051058
1409257189
167796624
-823975487
-1851948509
-1494504881
-1283472332
-553987870
217105956
321604315
842782031
1983264873
1030055627
1315708622
1917066015
-290054778
1943285026
-861640957
-896472154
1341200868
-845939559
2145609161
-560760383
84279089
279366206
-109094901
-238075527
30568158
-1553837269
1002921138
246244760
-847992285
-498514370
-320737722
-340798849
-36970939
1088476431
1793512155
-1506592202
-1090883301
244965406
-120740310
-984859196
-1339944498
-693882292
-1179098627
-1556260927
1405719007
1140162444
-156006192
1304976425
2061027950
1362434778
-1602496843
779592050
-585690696
-1579640981
-1384932232
-1188550945
-1243806495
-305346267
-907007742
-371241962
-277698061
-557197231
1621746946
1217129968
-1482740186
86531214
-1063254839
1392245904
-1535130527
1022931720
-1351945099
-1068704074
1846503424
175965162
151446097
-827443627
-148797481
-499537136
-892204164
1236523618
472767863
-1277757439
-1794068793
-571663890
1332475055
1397389596
-150812189
-1690002314
-459200683
-529709552
-877263684
-871533703
-336850618
629669265
998272799
-405327541
100974762
414476872
901182626
-529786583
907617916
1971323658
570206916
570014860
1373735753
1933163084
1052138834
-1097492030
939592759
1409863894
1694498060
-1772843079
-1820171192
1083285431
1614271624
692402974
1501660640
650677624
2047715159
-1123381082
-803813244
534946452
2051153765
-841660246
1134604004
-329879258
-182113115
1733292025
1440057626
81216484
329792237
385528297
1222014772
1868548171
-574397922
464596911
-737046545
1191225372
-1170541433
1189476592
-111595579
-1216690682
801443722
-2000389737
1114813482
166990244
-1050340736
1109618920
-1698748655
1905338025
-322101287
1933526485
834969269
749546329
737414280
-2049651568
310859157
-1660116422
1427136925
1772769633
1024310975
1979654923
-1542499277
-1122108231
1935350353
-2043728139
413718411
-718412666
-1243591108
-484535296
44051833
1256152776
-988084405
-113175608
-1798137602
-1271895709
1394042467
-728874641
229381942
-434685129
-804733428
-1518417195
2058633844
1757500013
-1653464017
1425580294
-1016872021
411341843
-1415586783
-638536716
-1886063089
-1979035413
297721055
-591383195
-1108827909
140854143
-1846544485
563517230
-1868436460
-1790911623
1955095159
-1001342815
-99946065
2003397169
9022351
-946800829
-1499098257
-1345190778
-1619568579
242947778
-1853721294
1245064688
-2142194537
-147704795
1079132718
1774362837
618239804
1399208004
-949772202
1024575516
-2050679472
-14582405
-1677560318
-1803698688
-2113822012
1541315738
466838990
-1550654426
-1147831590
972657951
-1005542207
-812947216
1030761704
1812907174
-96760142
846024211
-1316210341
1108173216
1126735078
1642710118
972663550
1407872323
-75390210
-608833283
1512700028
1631342785
1614050831
1409445750
-1134953949
450271676
-1543347694
-1221057134
-109119510
-1593800200
1137119614
-2089403385
484971445
-2091356591
-78394573
-910798701
672502742
2048979184
52832922
-1757858476
-480521769
-1294673223
1510979081
1060098390
1426051446
-424609785
794163051
1337521773
383239152
11211931
1344863007
1434861637
-1034290302
-2075639087
818436385
-1408806729
-525790420
1328800276
-1802687385
-971244195
1339313847
-2019813229
1787927693
-1035779480
1013937913
1483715636
-2062230093
-163180880
-2028620200
2112136904
-633025883
-155566836
1419721100
124621184
-603685571
-1750380829
1175034024
1001919392
-1411806971
1920711683
1452231770
1320472690
-425739232
-1427444815
325759857
-465215364
54364777
1465461504
-41587553
-348413452
-1231976740
136590438
-1575155584
-1491526541
259231540
881597579
-797812774
716467177
2116718038
-1439057820
1210636838
-1378490671
1432483309
-1401106304
307236943
456913829
-2051514923
-85346911
912832441
-1232420462
45276092
291703438
-1319882364
-2119018385
-294188922
1192613671
238852625
43070443
57134321
-71616326
359158980
-1823941114
-975217414
1406419860
181669899
-1793246014
-2029845122
-2100696615
-1969584737
-1240561895
-1034702813
-970720361
1407286025
938022193
-1670889096
-861432807
678938216
2072346574
1617769818
-1335981959
935877489
1604764423
-1915282022
546220920
-2088590154
-1618257860
-26482980
566295185
-73880278
-719226042
-1331623999
-2090465205
708304355
354291440
25886280
94779343
-1486269406
-80161626
1853669233
734109113
-346877040
298314604
121371939
-112420302
-1243375414
-1524643311
1754883662
-942440386
658870303
-1749276509
-1567996588
4251218
-703482728
-1282831067
-1227677532
-1526252503
-82765000
904818559
740901288
684220887
-20812156
447621301
1873495521
1178696733
-419897788
-1800461988
-1175511473
1122284031
-351025269
-2041515192
-672784107
-620888172
-1346742027
-325684598
1757286749
-976590308
-1208568016
-1942826599
-756006535
1455808855
-1656724036
-1261939506
-1038208182
-521838060
-1027737610
1083853077
1869437669
-1648873977
-436056494
-1394920991
755623794
2126785760
420078567
198926944
-1248676265
1478412952
176222256
-437553680
128898198
-1316690163
-1029480176
-754361392
791622259
-2075546928
546566422
-1784288742
1042640218
-1717742274
-300425726
-516150288
-75312130
-886417459
-1837563000
1297276661
-262076219
1494766247
-1859625389
-2112629761
-1555569054
-244726148
-1579730100
-1507055862
-2454845
245534612
1583191835
-379354513
1267706926
2079489571
321417709
-1819811500
733453478
620797920
156441463
-684817050
1481940883
-1003942184
-1036338373
1386353605
-1200589407
2093504894
-1282696950
1650527552
165954280
1162663943
-2068059703
1594824130
2117481292
393708276
65021047
2012135179
578978086
-507830545
-1409211538
-366949726
-1617182173
-197013029
-623077912
-415164663
736665196
1007580454
-1417902651
315141170
407066119
-1070581408
-828705398
1210030898
-2038318980
89419537
-443360596
-2101304012
-913149253
-731150138
-1729103857
-1585717841
109500220
1322494573
1690524872
621067227
-1448180632
-1093903902
1794804522
2076921696
-2057532105
-2095307575
1397984256
1625787472
1061423129
973754270
-1452772842
-187112873
2010392602
-1487150583
1475416574
-1538550991
-1562753984
203727990
-318639600
2117631067
1278374199
-349052187
-1711556942
248203277
-726298321
-1159853826
1129221848
717633894
220069381
1517906791
342451406
-1093007383
1418342816
1734726234
-1822107851
-757367257
-1999171427
-1178101391
175521354
-1725444162
-1904100562
1804105924
-1154006674
-500966783
106629183
865422133
-443367199
1641137912
-548073766
-2080283127
1911560145
1429978122
1683317195
-2125507141
-2143159661
-1507223048
-1484988026
1825051660
1009677615
1216540813
1476413513
-1463350434
-438710750
1159570579
599446653
-713917630
-952741538
2093807753
1683404129
1002246735
-615037035
1535896722
-2021843479
2097598773
-798646858
1641621935
205136355
1149274897
431554743
-116790224
601801052
366384898
1451258261
-1984126617
-1267874239
-1344502021
-24013416
1223371935
1011243080
1262286810
849757915
-475527348
-1534498032
298700473
-1681643253
-896487293
-2015008121
-463833212
1593984622
-1078779989
-1740256885
398129356
2073884967
-884265355
1167742675
-2010648359
562603191
1754803721
1556380688
-668413947
582484935
-1822811263
905366351
410707015
156438052
327755674
129334944
1965361678
1432861450
-1630435928
-982725124
-220916145
762192804
25736650
1887190883
870403553
1787677139
-898580897
786715973
-1491501560
1680475950
-252639048
-1246347486
1094224462
-2112362423
-1816931058
1698394228
-578780263
977270842
1762818486
-1010482740
-669475718
1234354264
1789518227
544407610
912625346
1230962758
-49021493
54464241
1678394971
361030191
-1688592708
-2121662677
-406330028
770813778
1585408049
-1872444854
-2024704707
2055456961
-2084449072
1581865535
-1114056268
-1003558812
-81560361
-1627149265
-1587554241
1026879044
-1565191161
1820481875
-349091492
-2067284474
-315239713
-127811041
-1886140713
1689055412
-1960034547
847353766
-846697638
-775659837
937330465
-753426628
-411207862
1994311249
-288856701
-658994084
1460006608
-1000205907
-1516781913
-1627777844
-685472459
1796014620
-1046974850
-1226857729
1594452338
-1794882854
554367279
-1049277767
755484679
-1435555746
-261549306
-1122835464
2021725707
109748194
206975916
-1459916782
-959350396
-1954737374
1110026392
-1481954022
1143595768
1453212771
-303899963
275315592
-889607101
278030006
-1003504731
1121319448
1817366699
348649085
-986149547
-981435406
-1630465487
1457264174
-1872528879
-517096182
-1724014551
-362712233
2104864489
-941623095
2142114573
247592929
-744559179
-1898658067
-1233727091
-843854952
1045940805
538043053
53883625
-1958843926
-1177942307
2027208735
-759238013
1389678574
-805452832
1620808670
-2013411153
1909851816
1283290826
1992601831
-1117831987
-854225525
-523379613
1563123907
-856161126
-652121794
1614174769
-1560831509
1157858498
-1139549534
-1071021267
1179138151
2071021241
-1340407276
1667543994
1941281975
-1519159350
-1883180305
198768850
35968247
1821230447
-1667040428
1105114754
-700337091
1120217827
653206573
-514276969
1299741765
-662273034
468397422
-1769807719
1655569744
1239611679
-1942451555
1601366008
-377532344
1797167319
-1816321132
336782725
-574583000
796832292
1565580677
-1479667933
-561762406
1846199411
801910847
1704028349
-462756895
1338775722
-116110417
459036026
-1533663752
-683321475
-628780632
-978548689
-896151301
580694273
149252070
1070860053
-699700026
243820926
1561372239
872363707
1833177051
-1867063416
975971708
-1751375810
-340526200
-1436000432
-1234095752
2117297846
-162703799
-125675721
84403399
-1193893901
1574807658
986235300
100511657
1246692456
1446248176
1499715606
763793311
460499559
2106316986
1940218748
-107234514
-290078578
-2032713246
-295551548
1156761058
1768979329
973390184
-1335240527
-1938521963
732539608
-2147222255
971955697
-787801615
-1748948645
253114252
-716096402
118702898
-917201812
623250647
636172004
-415998672
-1318308156
1404309728
159926195
-1642073700
-1264291230
1503409263
1682304501
-101122935
166000063
751965250
-1576290349
-1054356946
1954814021
-680487303
-1379328492
1332178154
2126100994
2052815412
-629340938
656805767
-1204067688
1517796730
-705431999
388081602
-1945707656
778698076
-1503172456
-356594421
1325381967
806892634
-335960047
1596962696
978815167
-1591837948
-89181176
-1805800609
268407378
1111273188
-901798352
921130036
1474193835
-1648548965
1814394602
-995437328
426949630
1110622793
-2030751015
662343620
36704705
401554226
-444992075
1309141613
1417246627
-1367855715
832454240
-905997639
1089028797
-1303614977
-2080018378
-267974839
1523868679
213430873
715888040
-1425839977
1424686860
-2121425699
1613117452
-1811032518
-1296091167
-679576361
729440429
-604382103
1796631635
-1039436341
589895465
-560548419
-730313633
1297554649
-967511812
-1961073350
-1800239642
-2023076759
-772241833
616688783
-1807812704
-2056319485
-1085349834
-1165352292
1122344785
-929710466
554447793
1512631861
1523758907
-337260452
538345105
-1212487387
99399379
-1938960268
-78456539
1462087541
230501047
-1906536239
1377145174
1150770926
-67463202
1707580890
-1559207175
-335541541
-1477386735
1870750130
-612671132
2076715027
787008921
-542926367
-118856125
-1850526411
1250354233
1855521587
-1794500180
1510875957
455370078
-189046816
43837296
758989335
-56278636
776551405
1338078643
2125837819
-1115651780
801706961
-1072598850
1185593432
1758996091
-869940902
-356466669
628566412
-791102859
-1674947887
-1160611647
1229993619
-1519912517
683782236
-889577222
-1806297322
1470977025
1086370723
-2129323806
-555472984
2088121108
-163080778
2140224681
944890955
690175242
2033309486
1792218075
996837176
-1209334342
-1042676078
520036854
1945718751
-65936530
602474747
-1666241476
1009038892
-1401038121
-1304508167
-1839888182
-1288499701
1443419713
1165782968
966642410
-1879613650
-1637704697
-996766626
-1791270748
-1345489651
-680052664
1951911351
428602778
-1141347538
-1587163686
-433901036
-1434669291
-223921754
-1721826690
432984431
679384410
-1290336802
1166113365
1751033299
-1505247678
-2054997094
-1270999405
1475933690
-958132983
-468733385
-1204491407
-219920841
-1200514203
2044289587
-1827200664
771290006
554835930
354316018
36255131
1156504897
308012364
1630963903
1757695380
1183957029
2032805845
555805456
-1343450573
-831706924
1565911769
335379214
-117586462
-1221910612
-874668970
-1373975981
-2083616243
1726935865
932387200
731578868
-373422127
-676870953
231532684
1095629250
-970526734
787266459
-686769204
1702821837
-51509742
1169097076
2088407547
-1453779927
1754376992
-164893044
-1023080486
-1133732620
-444392690
407635699
588033787
-1827809642
2011779526
1480699519
1303477724
1710457930
-428291234
1124382445
-1068061386
1106355422
1208652681
511061067
431134359
170143670
223369297
701105050
-1327142866
-778428906
1537897474
1552584622
2133246437
2077312159
-1526717847
1902370905
1560776629
425181466
1237931326
740519880
373732660
-269483916
1904008158
708493868
-267624846
1205903625
-913518020
-522593380
105449990
854177060
1598458649
-1918848967
-885874589
-1863505466
-1668650637
221573778
-122999697
-1561307738
-1784455878
-1476664246
1006766422
-755436423
1187837769
-1223815944
-1170630246
-962063757
1165117587
1953823566
2064178030
-275141620
1662976157
-1474202500
-1536070076
800589319
566198059
554350038
-583541340
-1390542417
-379335362
-573723468
-485145281
-116133533
713339197
1814907033
1867948612
1550233941
-334933391
-1186772074
-1961925135
-1726936946
1430200246
1329806576
-397795988
707499573
685567343
-1213767168
1090208466
-275263729
-1438286150
1941561690
-64517232
-148975799
1221389796
669676593
-554678286
1896154229
-1593333729
1115900409
-1622300679
-828378158
-782176142
-1974074802
577239408
244031696
-526246416
-1205608172
-1241631935
-1745791022
-1712125652
68329694
-329686524
86630709
225402091
-1984854125
36817368
1780572304
234077723
-1758944946
115593590
209937469
-142541052
-1855568506
-559936894
-15079144
-1530736195
-1648539025
-1256002780
1999787654
1361751520
-341276001
2067139799
512210616
-1092166272
1569628403
-1962539904
-1235112143
269018459
-1481965902
-596301886
2106326405
-2018657204
1726988275
742708112
1522695266
-1104312830
1896211004
-730593277
2087318740
-1853897482
-657997460
-1697944211
489570244
1281111962
569114330
-1988356435
1604484033
-1569729330
-1856686403
-1372089148
-1316463870
1770036119
-1076025395
-478335064
506449323
-1915606510
-910675670
658593880
649104463
-20426842
-17282435
1725016112
-1563212106
115609208
-1736123812
-1826029186
1587051231
856342563
172953331
-1744001708
1789343816
265179560
1575001311
-595307873
-1177660564
1130941091
-102954915
30196344
-1083781748
126653376
703323299
-133884487
1779332274
-1840369556
285504909
1523386323
1746796530
1619222478
-998621316
-1793918241
-5362702
-1992369928
-1699573381
397291762
-1892443219
-1194387879
458982818
458409652
-1376681613
1293542518
-91393089
-382581965
-922790861
1687529433
-2101939662
-2022387468
1922962684
-809726391
1422754071
1155822667
-1705121599
2045058874
1631273898
-354102548
-983758244
2100223879
10775527
459759809
-1695196971
350813278
-1742390159
1798637053
-1279392285
-1648086661
-749484876
1289982576
1394288818
-629121384
895400781
-1621192163
1458387174
-1982234589
877992616
1095784201
1099871711
-1233191119
-1002937366
305220693
1617854014
-149189454
-717902830
1200678542
158964648
1914895334
-545269926
-2104703676
326076105
-92352497
-637032733
60807641
-1519900772
109670760
2113174672
859613082
1619203560
-715965099
965409073
1094906131
-1607737843
2116806107
-799221532
1033004702
30887424
1193137233
510636471
-167695811
-1059451245
-810515625
1857976466
1662401705
1715014905
-383646713
492040275
441788330
1264089225
1536631402
8021818
1273592233
-243902270
197451054
627009160
1196811907
-215351410
-1651694443
-2125449118
2025071007
-1728980021
-1456204625
731801594
-1286617790
-496144378
829562570
-1014390801
1882708769
729379209
1140512297
-1283552524
1023924791
-1019194473
-2091428875
-707749200
-639488551
-1548631307
-210868624
-2129733403
-1297901050
-1913137748
1627651952
-2123225389
1207439619
-1129778419
1931253258
-203059490
1718537767
-85870603
717778828
739216494
1832176115
-1604166830
-978975823
-1009947114
1895422821
-629188891
-1867911153
100677111
1526078093
-261269431
-559010093
446471270
-1253418912
1131200051
-1607367503
-1796859700
776978379
-1730599430
-758425067
1356272846
-652741621
2036714842
1718055838
1479978413
1134575675
-703083404
1067466188
-453072914
-397431762
-1390711784
-1866096649
2075818301
-1585378690
-1767760825
-108426622
-1615688562
1213682661
952815347
1193981009
1246045316
-852761653
-378619128
-1886831753
956334102
-187995617
-909587537
-266855116
1495803247
-1548769687
2056142800
-514213602
1032419094
-1129234400
-76333607
-1346055267
857864015
613306424
931028926
-690828389
1683742144
1549234175
1144683328
969865084
-1614027946
1402888489
352725616
1124752716
10840169
-581000407
-1179330442
-57263561
-2100799203
2034862529
-1733470578
551226685
-1130466292
-1683707684
485375315
-997648091
-1271671007
293775771
941661760
-1581608526
1431369414
-1425285971
-731526798
-1259411436
572154689
-1425203741
-652923982
-83236191
-1591934885
525917442
-177502029
-621237308
15962946
-772841509
-1132653161
2034852917
-987968848
-459239015
1120942007
-1356675990
-815323829
-517278887
-400626781
601516364
533355087
1811972607
320411751
-1875810258
2010916969
1091806535
-1310567664
658056698
428388070
1838906394
1688852078
-1571689043
-392907508
685775394
1751364378
1322777092
-1108180024
1712622240
43416506
-2077563273
290993544
1934470268
882962819
319208294
-1156538262
1124219805
-2129693441
-85653102
1408122518
2003934075
953237264
579848398
635025639
-418105615
77178420
225897973
451672016
538020183
-1598426103
-621482978
765320829
-874175280
998543123
113087758
2023101496
-1390589473
-804094787
-713683730
-1170243570
213050432
-1387233379
2100020541
1708743346
-1541144331
466179580
-1974750457
-883164512
-1837690466
-2013864812
-837143466
2006695557
1977520397
-2093213285
247421161
1355135453
-283517671
1598452736
1912767011
-1494743075
1210669490
-1363895564
504073798
519170196
-1296486090
-423239253
774832864
381029452
621233666
280826723
-265426299
-1808027338
-1421989558
-1966210139
1873369533
-1739491515
-2004341971
1746755274
-585838784
2115964505
-1950689277
-238125376
175235936
228663968
-391350535
143869965
1842543302
-808637639
-297116192
-621915372
793374816
-1362034919
1537224257
1083696535
1220733593
-977513422
-2140319820
-2089123715
-1449472053
-1491039023
-236504207
-356252204
1489243633
605386567
1864133927
-1194018024
1581492641
1926751179
-1286271732
-1180324939
-1426339784
1478571167
-720656587
13905866
-1822938794
-425374608
1860797479
353934127
-1044102259
1729527554
47675053
-825599815
-1072039852
-823826420
-1225968917
1886647740
-2035084479
-1091777440
-166296909
-1885478448
-2085156745
-1550325426
1944513302
-652286248
-1730042276
806606410
965318462
1940757824
-392778097
-469574452
1917099131
492724357
1877051929
-1858934153
-1243354213
1097697273
1228901601
1262911869
802259837
1399711688
-1358529435
-799945919
-1343899416
670031413
52448679
895725885
-145512552
-1187679959
267406948
2131566629
1304633498
2093760494
-1564136053
980867404
166373849
-584168137
2122225388
968390215
-2096012553
-1927879325
1547982384
1009353423
789177185
-1052171006
1536701705
-1550855957
800351645
760865687
1911228585
-543397042
-2060987419
820446879
1601217143
341494269
-1819899399
-2134736686
-1569351680
-1270076108
-696459215
-751337048
1060443691
2116240010
-172698671
-2081122018
-681823311
380794963
107700384
-1685204039
223049419
-2082364603
-2079760453
1144394443
318669356
866507357
1701511078
427762932
1183653169
876653827
-73520733
1340367595
230165334
1874466668
-628004793
-757345154
-1574476052
1574623551
-1582161079
-647618089
136803080
-601681285
-619559779
1104532736
84678846
-57455977
1889180352
973778856
405963663
1356613098
424709205
1239816486
1830523167
-773042867
571142385
-24516418
-1651439574
974572542
-1369758926
-163377117
1131596472
-729978938
-315842538
1796598333
-1712818288
623900510
1106167689
486158892
1216818922
-991233266
1682018879
1899030155
1606577767
-1615692905
1582780612
301899000
939145285
-519998637
-624244784
1706625492
1793587662
153363866
-1362477601
-306266041
1431233809
1607862374
577588737
1641836166
1005302228
-1901976519
1611961326
185801304
1307245000
470748733
974095709
501686741
-1075010562
-1517428563
1018563733
1217922160
1074664345
-1816799884
-1075267517
1092433976
618401221
13395731
1724093582
1237618522
1101564647
791944135
-1803746968
-1777143318
-103815403
710565610
-1020585433
1817210850
1966876104
-1822487399
566198867
1328869226
573324496
-1590258794
1127394241
1723530073
-1775199609
-1666068112
651487712
-1955432965
1907186505
-1713042208
978118226
-1929038828
-381296093
-2078690698
-1104131394
-1757690843
-1097021238
1175238517
-677596188
-1997478419
-1458677042
-1745500422
-1861991951
-96045518
-692383730
-705585822
-1413326316
-346631488
1503312494
-433310227
-800953008
1053424306
178805447
1020112542
-590620524
1550184175
-373173985
779552358
-1734135288
-2094655753
-220865511
524949889
1264752553
1490922975
732830638
1984593950
-596651241
1394965402
-1471542499
966472517
1972397741
1519738489
-107272672
-1577640971
-888612910
-95524620
-356405921
-117378932
1421200014
48404394
1324138025
-1997994901
-211631521
2096325542
-1795706527
-89264679
-846488499
1571861731
-1190529610
354887207
200480316
-1443497711
1327356182
-1604909035
-1974863999
-1671732583
-962202268
544460916
1606921910
1131254751
-1496304537
-252869364
1078884561
-1214367034
-2023710970
-340728385
1573021043
279208056
-1827837006
-1975137298
1943784573
1076588902
-1058471902
1063885850
-1405941527
-937672306
-235021754
2125245902
-976450346
1169920251
973837429
2124664252
1883874020
613274770
-1114408728
-1750254042
-1202491198
-1532475638
1599494251
928700799
773525252
605259324
-1957914544
-1651950767
-1591555527
979648668
-1875072089
105255777
-1020141252
1693628167
1789094829
-249166064
815092938
2036471486
-1763376255
-171129597
-2098881451
-810225742
1559520029
-59756794
-1900915689
-1791210751
671772035
-632701395
1760704617
1115891136
1894078006
-1149795012
-1876491692
137384954
-878976533
-1879018168
-1408632472
-1108013063
43482752
-423245666
-292598068
-2093041213
973301293
1768273890
-1218734698
-1480160537
-1053933063
363978107
-1062736804
1921139321
222232430
-1902253266
-1220105205
337972570
-512438897
-2051959287
-1471959050
529542844
-1607109366
-1991058303
1924696882
-1433981724
1420591017
300681950
1293827872
603162162
435217166
-1170005546
535512906
-1488965026
-238148961
1284408184
-991555982
1310028803
-307684162
2951755
1082204392
-1354645919
1053292349
-1717178697
2048372764
1394914142
-1949835503
1777802914
1446394739
-1480753714
-293433532
-1585517731
-58428835
-1462891533
-1689201872
1748513217
1856152487
-2020020665
934705129
1859018901
-409055731
-1445470600
-698916613
-1803484878
432449043
619000499
-539184043
321169001
-1276959468
-1192050395
-1888726653
-821467740
1549497755
1422718910
885262371
-1167245749
-637447952
1834036279
-114474607
631444328
-1809702410
1353345110
915739108
-1401087091
663716148
-187156880
-2074090466
-1324094731
296410672
926364207
-481348194
-638485528
-2039354877
-1074044523
205722841
1480186212
1615763242
-1391945152
-334997687
937512953
-1052327271
999651055
335526564
848972020
-766191083
331981124
460940625
1545810879
7607235
-716147765
191068695
373236103
-327152901
-1947912134
1554101015
-2111178977
-726608287
-949058054
1817131004
-1224517340
-1183192266
-124615450
-1618271376
1589229152
-1524407829
822483026
-2054984751
-1615784845
-489000969
-1972029874
-780590300
-285769040
1081027305
-805114070
-223067575
932403012
-1430067008
-381425347
-1123257488
-1114269027
558616954
1249793250
353341387
-111327992
-2042137110
-249127741
-299514747
-283233636
-1333821490
1430279769
1520341746
-91688618
639684384
482293426
-1533992954
-996225659
1867946156
763105141
-970094837
-460341144
811620834
554571811
2009342862
708191508
2129835501
-870774881
-190642534
-1952557157
-887058429
-190529040
-1925641432
1430692458
1779103487
-249848252
-806273579
1621499379
1567340076
2010679607
707824597
1817142923
1878499170
-1510045867
990571815
384715924
-1731009961
937909213
-119243254
-1330781474
-786234066
504321992
1166425007
-142176438
-210808236
1396741384
-1871357905
-1463156304
-969289844
-333438444
-522757698
-2026031870
927470151
1499718052
-1373865695
1466883761
-592149192
1562387129
-1538460835
1442508879
-1319767256
487077088
359482032
-1554903179
1821666054
1735228598
-398953788
145106918
-677392062
-746795858
1018102818
-1341424652
-1133661606
116524561
1676415716
-252717278
-215405900
-2005514682
-1046891346
268420874
840497070
240985171
-2055683617
-794034560
2007827955
-507919709
570392066
1694451448
-1616506608
1846327561
-313142390
-1198021596
945760326
1784158980
1529681598
1000050145
1433021601
-1317593532
-748911630
1286497363
-1775395767
560670061
-502600457
-1418362290
591609623
-64474342
-1648277036
443650551
423397483
-729347804
-582410059
-1928984661
-596983236
530806819
-1644889821
398649118
-1533651601
-497966284
-1440723339
-475842873
1114751852
2075999228
-1164462715
-751516293
-1739971345
1576139501
2071013799
1891903064
1967145499
993843143
-924338985
1492256484
-1015900204
810141282
1380771633
1137001333
657579597
651819945
2069221797
1369398738
-52501281
-1070924055
-1506773014
2142190106
-576071908
-1192817845
371846578
1792558564
-1772601564
-553941601
-763587808
2126671271
2008570166
1413122650
-1906236298
-1423342500
-1547858807
863557602
-973827821
-238485151
229317981
-2127980280
1378864539
-307545952
1013935180
546165717
-2142366345
-1754173200
-39627035
-609910648
-1110356096
1671199930
1925614970
845974751
-1592030730
-1372342049
-1567952327
-305246315
714064310
-1532848679
-1165077127
1885220908
-1432655700
1367543584
-1006427306
-1970501908
-1725079675
-2003979058
-591538561
-1912932054
-1573497175
-1991365755
1193690189
1543755213
874105448
-1077590384
1676219928
-625199602
1739984499
-250601400
154600390
1106306686
1226644621
-507652936
-1574657116
-82158515
1937709697
-2114731388
378987384
-867943736
-446510250
1931113990
240484054
-358011613
-1420337215
969646777
-1583479118
-1769203592
-233940518
928763610
-1138274762
-2098992625
-1534887918
249599308
909005013
-1996519969
-1966875804
-63004229
522380704
-962881195
-112927541
-556217596
-1474571304
205280851
1255032307
-282333228
513744067
2117687930
1325588786
-851871345
600084163
218777260
2026738873
2002561394
-1115294301
1162267340
1235778822
-733670405
-1720615884
1169500615
1276557981
-2121077113
1042813720
99514840
-268376330
557323069
1968894173
-1563417337
36660409
613080874
-1214742707
57044466
-199426264
858148525
929712643
-1049363249
504335580
-2021327851
-2025143743
7780528
-368342605
-1711610744
118680577
1967812873
-166536184
-24373466
-420657079
-1014097041
-1234290395
-1587760531
-790851389
-50812510
-1463558923
1649988574
867833996
907459533
1706395901
695819745
-730274228
196784907
-1410662771
-1007372315
565697414
-1594038227
739076146
1845030091
-880902864
390204090
1821075054
-1098986620
715469190
345631798
-2059095126
-2120487432
-98367718
1764309927
-508062869
-743192023
92821807
-562760364
1262059716
-750374504
-1936792248
1267632847
-2023239669
1914430183
-652401157
193726262
546584527
662180287
-1666971894
1218950069
-239307512
2113931507
681264819
1511456846
-1126465904
259541733
491919430
-580864804
206961618
2022233128
797891576
-1443451308
2116743872
229663846
-1311637513
794274894
615309578
-1431768700
2126339774
-280890684
605467788
1157474563
677555881
1321714712
294868743
196420521
827381451
-425527461
-1098530541
-956780704
-379503361
1295331019
625657940
-171191459
-20750019
1333162653
-1433592596
1400205956
752245294
-101960707
450308656
476983306
-1018886399
1004469330
-292172131
-1581385124
835914367
1705331910
-629530868
-1544757186
-711597219
457077253
1717020965
441029687
70694352
1725976644
-998250223
-1433779668
-1500603802
2143775620
-160242061
1039309643
-1766291948
952676375
751316120
242498602
-1278140533
1142472547
1857196524
-705900241
407770574
-155925275
-726367569
-1107845839
-866399224
-1575676039
-650001687
1845380703
1967746714
647113431
2087115675
1770982753
49857908
6853984
-1268930762
-2000891204
-439855195
-1127141862
393851216
28282490
1875096628
-1200716039
-78750315
1943150089
1146025008
77678432
-862189061
74746979
255838725
-630641946
-223305671
-1601685393
-1465404911
-1617909668
-1430566279
1099791782
-1564993418
37586191
1666858827
-350174471
1818396721
1608570954
-375072547
1695486962
1927559019
-1557839074
1315138409
1236838425
1334674703
421683300
-1622569234
1275722904
990591900
-855068414
740216866
-239442911
-310334149
-1561753490
235732134
-536268529
1344208147
1383251312
1997176443
555802059
316090844
833495851
332036788
-119941263
1284091314
1649479261
-1694259347
1594674866
-823146709
-634885403
-864416517
-1908493573
648527787
485631365
1615275620
896449495
1284424438
-1950552599
782177553
1433478289
-1658315770
1744016616
-1861690431
466058781
-1770329314
248089352
1122686145
-1064191177
1372367134
1225933639
-408168615
-1992205620
1848642585
-1679458792
-1682128759
946492569
-1069211356
1544470699
1256542965
-358372334
1140895600
1902541937
-596991459
1394855300
2082355355
-1944605985
-61571888
-2031937155
826354242
1690100081
1937410786
-1127136661
-973138726
359408113
-1520889316
860905602
-1906967616
-847713544
641242740
-2131566621
-1783688563
-131576651
489867645
380087546
1606384559
1342899693
-1353548512
1716667175
-1415717836
1903029570
1521716620
-1602059873
1585240297
-24040777
2103637610
416967316
434622627
-1000667789
1125025621
1223569556
-782211108
-29144636
-1852380279
-280152530
-99567231
-1736406170
-292685607
-1574378534
-969981687
1615906821
-1713997338
888698906
-1309748791
2009804289
-1959139443
-993577508
2057711494
625019760
-1524906591
30184738
1065360459
-2112870040
1018795738
616847844
-289542275
1915295613
1004641292
-713640652
-2136733140
1085287304
939119259
1816056995
-1429685077
-683132502
970188333
1549829091
1358131553
-1593685872
-530445918
249808045
-1119670047
668845559
-2127828160
-4751132
-1523526855
-2139553934
-610125774
-414532870
-713919865
-884350101
-2090704077
601743507
-2129988912
-508342681
-396123514
1438917479
690598676
-1614059379
-1507763927
1122434156
-1054098531
-705964184
-1016701111
106708275
-2058289769
2137835499
-1096819208
1661031314
952989669
1652036789
-1915375076
-1173052542
-2113448655
938609815
953256619
-1024451765
-1890560187
776576338
-153274860
764831198
1417290649
1322903204
51630848
-118071423
-1618328276
-1885111931
-506931142
2111746225
567015318
985909166
37955562
718648131
-674558114
-1502247078
1631166985
967312843
128226184
-741535921
-1520309744
2009231682
1053744242
-1945112801
-1489415182
-1533934366
1212435424
-1665710165
725298252
661621844
1327034965
1159768040
-113848357
-1890991091
691320228
787050981
1336624686
-1282150411
-814691131
254610444
-835365988
-1909147575
485532908
-2086772057
1635268215
1267429569
746292183
-688292442
-55016575
1180708340
-1055032473
215101087
887346590
66407675
-1666481550
563157781
1161249995
-21540523
338675415
-1866422532
39966798
2121415946
-2063561518
1977582460
-1793103825
-1581136110
110440336
-2096699915
68919782
2011436022
710022918
1628351299
364127317
-496184137
884848381
649718594
-1876171016
1439756271
-1205998735
-2078621548
2035376218
1151408438
681461276
486820001
-2135154742
2110520007
185934156
-1253171234
14536270
1621546338
-91845635
605871698
-160576808
-66733453
2061591331
613898326
1651889591
-694500237
-1973146554
-1297569892
-457605296
-1067060851
333219156
-1645526927
295259661
225805445
-741524046
-874932410
1663946644
-2083450923
1320447123
2032474732
1751517500
124227352
275519629
-522419170
1907882940
964375211
1496663145
-2095658812
-660001243
1267450257
1973843258
-731372170
-1184861167
-898976361
1890846128
800789182
-1697553636
590509496
1536809645
1031741345
-702207085
-1148431678
-1546433255
-1313081120
1208731755
793193017
-2067309326
-692641669
-505693580
1224397690
-1902345818
666835318
1813365454
-1466778845
252226468
-1617490977
1262833819
1935429810
1227311920
-332782322
1653446134
1943808619
1336438902
-1780598738
2143189026
1987511167
-834053918
944857852
-1026830586
-1859520406
2109210030
348568270
-1858820135
576693660
-1794607172
-1203616297
881819417
1403391067
-1761850203
-661338967
-850680383
-1696374297
-188155631
1620840442
-955824710
1038494942
1561087048
1560612522
769440145
319771874
829581577
-735541244
-889115799
1419446392
-1585807462
-848538044
-1506169037
888642867
-1174104800
-349782696
-1068807139
937938449
1495526448
93972970
-1814189752
136313892
961995429
2054806686
495931837
1508136308
402544819
852444568
74826656
1395131939
-1778649796
1294865472
-1724727642
923523026
-1476404382
2086584137
376145348
-1482890429
-477911716
1594198254
554043432
-1952827329
1727641741
-1144831106
1952130412
-2129485894
-1802156334
-889234917
-573800183
521788468
-125791973
-1270668867
-820012791
585567329
-224641220
-1928677763
1994855424
-442231797
-1573134075
1785719056
1163819580
709898039
-50271089
710410384
1235996219
-459926649
1513541080
873813122
-625100707
479740894
1462229906
-1879440620
1865693658
2126281289
671892791
-647411802
2083330805
-1817621476
-642691487
-70699637
984385649
-1976079269
-83334313
-1467032816
-1846700988
222965852
-1330441494
-1883565892
1366134154
-661046614
-2137433726
-1396803367
-884972612
-877694933
-1377392269
1142911795
-1653896927
-1476289660
-676778859
1386547487
-1561851773
-1472109893
-1694123246
1232475582
566477350
-902335714
918250369
-1546899838
384107509
867829603
-439427020
-1899098127
678621438
755182608
-1142452787
-350383447
823684128
16541212
-194201833
232877219
1467906563
-716464170
-1492432366
80954043
1236684359
-2109243386
-835106225
-1302409617
-82151425
1287098193
802002046
-731440153
1605493088
1923534817
-1978153147
773006388
966170293
-136991932
38626642
1532184540
2123204758
1606572693
551453875
-807047786
-182731432
-921883431
781557604
-1279932079
-331831865
-1972351062
-678733527
2144767866
-695957230
1255734809
3165854
-1037494146
-991609850
-22398512
1916551563
1450653838
1541052287
168784503
-999082371
-899428447
-1107336678
1976024921
-970565743
-494545473
-868048593
-13070522
-10506094
846292859
78677246
1344336570
235214918
329684672
-1570675673
-1271602114
-265299195
-1466563632
-1885832609
-1250282738
-1715733878
-311983478
1434672736
-1984498693
-1880418547
-1875947541
-962174175
-1243898734
254039440
-1711105066
1762744391
-1370411906
1704712057
304376599
389766619
381028650
2000787296
814749093
1360772924
253390762
-1526677718
1840702759
-436139690
1383571675
-1068119210
-2036688967
168218643
-936694840
231935894
784780015
1394464529
854719055
848326817
-1320709351
950112662
1635058692
-352557241
-1092894008
1890659776
1496566612
-1840144187
1854252689
1194434304
1924597997
1649791066
1585789200
-557753399
-138925731
1346078234
-1963781329
993903235
529563897
-20308223
-186409816
990206405
-32679425
881599050
2104377543
-283025468
989085950
-679935
1265412980
1983143173
-145411211
1752786135
-578661776
-239948198
-948005702
-2086856907
1010618079
-339396085
-415167203
-1651928686
237095685
-1920613294
-126896307
244715017
294094932
206018316
-2090123271
1478620965
1918976422
1620471982
-850601030
1408922111
-721883706
-2050953611
1093678895
264631691
-970709452
2086856161
-529939095
1522631470
-1776667095
414671203
-764866422
-322939758
-1058171432
1036072020
115142824
1259868862
-1089776138
-1277928919
-710292234
1748036192
-45662340
-352742171
-291484891
1041371501
1730390955
55115470
-1327165177
-122121749
997218384
-1376812189
-35619722
1670344205
860601417
1549693836
-946375309
1128100224
2051448903
-1352423149
1421655697
-1284619261
-1138622508
-790893229
2145150867
-58617539
228292247
-275212498
-117881260
677665226
-1573077545
1093440579
-737240601
-981089898
-848888259
-136031904
-513393666
874114926
1897593309
2003777077
-2133457777
-772615725
-1249160585
-1476876213
-855817292
-1252008686
831942649
-1327904461
969242066
352523921
-770061496
820798466
-1879599619
983236970
350789951
2115681788
-1326861669
111558717
541872631
-951107954
-950097849
-1010892735
-241897400
-1901976959
-1477695753
-807829092
547669392
-1261261203
-1311152800
-2005774091
1674169778
-839084949
-1280629096
-764541370
853831521
961642766
1119352317
-2143970058
1124791454
900334482
-714490539
230144294
2026735486
440419670
1652562230
-1951895990
-952715471
-652589945
-1896280152
-690070788
-387921601
-690977250
-1233384184
658845196
658004755
-54955253
-1585624274
-1194661669
1854478269
911266994
923666130
-2127662360
-1275492877
2083923094
951068459
350966443
1902588504
1301521235
1388985304
-1528324191
1919203840
1600875217
-557648637
1262911912
-508593869
661057462
1520007619
823316876
-7675279
1083745820
927088834
-979718431
-204750410
-211370620
2036748063
-1265754350
440266751
298919945
698155413
1048578490
162741004
-38510376
-2011773988
1636443698
-2051898010
-489839137
-701408689
46771818
-458595677
-1185113916
-1529568818
1047784188
419083240
-2088142056
1795221989
-1197544322
509413550
-696878644
-1830400723
1573651991
-1217673271
1129692131
-1351701518
1829166420
344220838
-1270536088
-1902498538
-280681668
-1639897900
-1756620894
-391616204
1172327073
-427083323
2129027975
1862706183
767807416
-334613804
642485101
-1969375219
998237420
-522056823
-279453945
-1516201881
1192859886
-2033100260
-1813453682
61246723
-1435579888
-1242209737
-203592130
-370504452
1536522963
-1917186048
1727861507
-751084736
1661164478
821567318
2115108468
633227635
-1664901520
1408496474
-1816441856
107005202
432956920
-1561075152
1395482982
-2064444709
1677092964
2047408390
-2072445846
648600684
-1055484521
651263060
38332357
1633842218
-764225696
464300133
-141456548
-1561595036
1625046727
-45386217
330091445
579704503
777663145
805464030
-1408242522
-1155859277
2015327110
-1375952114
460352334
241511102
-1196750695
716233049
-1576533175
47021112
-815633880
1325188757
-1728621793
1995825119
703823133
-1537980734
-1496722436
-1603467403
-375245866
1354582091
1947539622
-1493471840
1552869432
1361190540
5801898
-1994369520
-297811190
1880619156
2011301081
1838951398
-326581121
-724598741
1322204658
467133012
-74235372
-54401770
1653247648
802110336
-1098977892
319608985
631091110
-1474422355
1327741336
1989426492
10724696
-198230372
1880960716
1948815058
1908842828
-1618141904
-1782774002
-1604499786
1372441425
-197418672
-1374936736
900382807
2106205600
1795953168
48112449
-1960091145
-474939311
-599100910
1282235199
1190923695
1160097808
523633194
-2076591919
-918282570
1738243088
162318912
-935400093
1651078882
-611059905
-1785967494
-2092758351
-331784083
105724090
-993540454
-1992281512
186075132
-780753022
-1034508892
738273961
-1378970915
481971568
-1423700029
-718148416
-659221104
-342629018
2035460204
497188821
-1482690936
-607250233
1001779907
-427051567
33868082
-107896792
898954814
-1098212060
1237175606
-1132905657
-1109390968
33602517
1736883708
1222161467
-482482265
718563289
-726790543
-661364243
-1980599456
-1217539927
2010967306
46783942
467913945
-645755378
2005240840
6414505
271097216
-1274361794
666315262
-1062307037
-1059799509
-1579659988
1460379280
-742908703
-647521408
-1392957668
-547721348
-1022419102
1620180119
-1080784779
790213086
1025427436
591335389
-225828646
-1340785745
-2057702204
1596383803
-771149957
1940449678
1818814872
-1494309770
768992935
1546845379
-637341888
1799185112
-1756826459
1396692352
-711607643
-1854794992
-1552005692
-1136620184
1451740929
1678908502
1373983665
-1062062507
-939372728
-1328169518
397841928
-726417066
-1711148315
1990850366
1559685164
-1234906634
-382332503
1633015753
418052187
2135425475
-466617600
-487893186
1869222908
965171214
1037306981
-754311835
127984955
-475923986
-2044642537
-1954751575
1959392727
1073108619
1920664844
-685761286
-1419048134
453792664
-252904154
764129269
-1358712887
2142715425
-979474780
-2115629247
-2046132867
1130333062
-1977642022
-539268037
165412274
1530951366
1252129828
-1792524332
1595355711
-177822207
-121160424
1119978938
638655430
-1845525449
1036155642
-727513675
-1278619316
-1957467307
1363858548
-1662103725
-1486684917
416234098
-946545274
478890952
-809446778
-468511659
1635014075
-81425906
-1107570210
-2108685766
-567898723
1349495124
1423633508
1486257877
1633234794
1263043989
-1192042898
-1420546665
-385327354
-17560954
-511651218
1751073327
2030724404
1431556276
-1394368192
-204317613
1825462784
-450238227
1442333634
988011455
-566852993
1731361247
-556578391
688910461
1238259131
1384584191
-224761454
1939663719
-936944409
-2104959060
-1327595945
1777701610
153576154
-860026477
705136036
-20086772
465938106
-572976812
1130984393
-1161836625
1247544823
955440741
-1951272752
1834513430
2089570683
-1801273545
-624143662
-1317170520
-1559674337
1042527894
-1671796346
775215604
1653981280
1952496469
1588981530
-1592841227
696546130
-1968976343
-883445178
1951627414
-248722732
-293205547
-172044899
-325663624
1919547652
621678983
-188514267
-536389647
-1937010955
1507623298
-723092694
-1181918632
6729887
-149142020
166115662
323181951
-1733159913
-672727992
-671796507
183344512
80101375
1328267831
-1971387521
809433276
1585364287
1697191868
1560007877
1814488096
-695193612
728807118
1924637320
-497819734
-814576728
-713652846
711732246
-1228263637
-1254238524
-1072036168
586131152
-114894002
-1010093758
-1079251932
-595360263
706952920
1129517734
-806899759
-1884853296
-831675343
1507652398
-1502390542
1946261471
3127074
-1536961465
485868377
-1188075883
-1495019809
1356225603
-34195684
627422738
-408529848
1364228425
1841163893
66208834
-12531605
-1806188660
144634858
1965840941
1325412173
-2067597633
1620153005
-1955309428
1044439785
-1316451640
-414446779
46594462
951456377
-1724460109
-1911656851
-211657668
-1793887757
-1718327063
-1550400965
558378027
1696849366
-787090527
1229968772
-1958118479
-272632027
-390450027
1829725566
-2114051478
-87819341
-927715079
-1562478169
-757942949
-1219207519
-464078168
-1131341338
-1032491961
2041898277
1093912480
832619247
-1919186879
-806466676
-2053813072
-1827717909
-1533145214
-1279609215
178032495
-1957840809
-1627000196
-1393462129
833626992
-1820437205
353168942
-1238445084
-1833957709
1143240767
-677789766
-1912795049
871010653
1236964074
-392987340
261070251
88353963
-1008058132
-1227806788
-143502827
-1464924892
-1970413427
1739049678
-1633536773
-97571826
1014040837
-445989672
1100871166
1283120162
2067235614
1398199564
626544698
1678628226
-1809274857
-711284105
-1445536308
-1937636118
2031569611
213594194
770449300
-764483034
628920083
-2018163816
-1457275589
1244950979
-866233497
-315490856
1826898295
556611081
-905965365
-349380277
1949947533
-32548056
-890809112
-1429720535
-1359886569
1577220784
-961856904
-1258483401
1894172423
1231311430
-761756697
-644207708
-1915074325
77408660
-727040969
-841149418
490169201
-1845484671
1290863139
941594878
-1679815890
-1329402206
-1333698169
-1412191181
1559078042
-170161937
-1079779586
2040377278
1901736543
222956217
1334286796
67517427
1645716434
-1069568805
-933058562
-1355173184
208603073
368279087
435785936
1121793097
1842980719
-1928823740
-1002862258
1164298419
1059212764
-1183841459
1311201085
567792447
1992113992
1911474523
-853606854
-928898405
2083103994
-2011572018
-8479965
-2086063500
1511485757
-654033399
-1432809033
1238135375
792264619
1663917156
-93097864
2021172633
-1638402643
852172390
1285172952
1199026428
-239524031
260732211
881437076
-312514317
-195853314
1234426691
1777828186
1996895648
1494896724
642305620
1442889649
327000028
-1780797672
-888507231
-434444775
-1518330992
-801849536
480829780
1491356529
-62872766
1479725546
-1877103560
-1278055528
761264370
-378962782
69980338
797117783
1102356519
-919041052
1185548273
90137214
735044932
-613082657
853283428
-493975988
-755268065
-162574980
1670554732
-1138295277
-1257189421
1730577821
990964307
-1654317028
641942997
-1939966807
