1835534175
-1549835045
1653661662
-1309531150
-370955419
-1486913569
-1507765907
-1475016190
-1764642684
1789632014
-354269048
79841488
1741451516
377926116
1403835894
-1155161017
1609764208
1929689066
-314105842
1898221225
-286119022
1162453340
1106092686
1335283157
-800232419
-1229339381
-1735387222
-552750904
-738866168
-1941570939
499867240
748329317
-548903688
1992016754
-76877270
-1311908232
-2024521483
-1062983872
1288816524
120801784
1207776608
-1983765246
-1001151888
1092728716
712833316
904650645
-461031082
-1073244336
-1205671380
-1291327484
-1441089040
-4826920
524695060
1655327277
-61766923
-1731526028
795171362
1298349988
-598005963
-999130955
833171063
2055974102
353177069
-1716766160
61927553
-445002639
-1401338788
1142330241
1324351667
1120578819
-162900843
997953426
1178421112
873686241
1493513623
688269341
952071524
1612128329
1861331098
-1887733137
878744236
1204645323
-2036688981
1598817389
1168544216
1599499492
-606254726
-1978847780
-160048714
-1817132309
2056748658
455844316
203291281
-991987152
879872778
-911524683
778044067
107753313
-1656437926
-657354283
-937351737
-2146160337
-1569928207
803491353
-1099715470
1144354354
575251429
334821963
1724603876
997887242
1466170410
-431496725
-1059989095
-1684870458
-142299097
-1099161038
1721930758
599210888
1739486086
-176741037
-562206079
1401919848
1134823755
-1921643005
645530240
-368325224
-273524696
1758189371
347432965
-2145648695
-820580338
201010236
-803823783
-113608755
-1378822905
356990163
2120097271
-1617078914
-1422744766
63377886
-956342581
233923293
-2006294417
2126194190
-427620964
-487758723
1285852749
865945325
1730364869
-1507881950
750080640
39780899
-1069842389
659354020
395036583
2076910324
-364950422
81081881
274779054
1648559116
-1619238575
1477096754
215211872
-1588020866
2116948112
-627971867
-1522668737
156456714
1973438895
601940812
-508887657
-2001021282
-242526142
-64879924
2070500816
-472030433
-1548693157
-1337244551
1261261060
1360530280
-548051905
-194127687
1672416209
1959338386
1807385179
995614247
-1314927249
158517877
-311029128
-1478728007
1629655044
-470253201
1773511469
1790192420
-808175050
-783641501
-2057449323
-1305767810
1579507202
511630340
-2083663550
1559815205
-57634613
377893971
1763335793
-1579159073
643150006
-979207834
823290750
1886804034
-49042636
1253641322
-1433182054
-1230094506
471832799
-1780865814
215600314
419648888
1225867914
-636128688
-707345710
1384134272
2112512914
590926252
1818318402
210805030
-1715520134
1721637812
-1835079024
-554230111
-736341833
1157189387
326388312
-2071789424
1993232071
1248369349
-1669547648
-2087855843
1315871111
1310461227
874739375
1343607136
896000966
738388666
-1269866497
-1430486528
1816905492
1028190577
-1663586576
-95931872
-2037685536
5114956
418643872
-20995977
1228036289
1650932491
1464407864
1410775744
1130674707
761246263
676797865
954525525
1263909574
-1801619610
35995288
1241761046
-1619640974
-1573061187
89253270
-662731377
-1074295635
-139753802
-563213932
170935641
1236260256
-1618982110
-2114110571
-1729755456
640890840
2077274225
-522490715
646394534
1322090073
-1657008591
426024713
1209779110
-2043292167
-1213216812
382334647
-1933738116
-1063840534
850181813
1992482056
1913119395
941385623
2011390045
1434463147
-467099073
1054570164
613143809
-474836259
777775165
-353215856
1681134159
2043981526
531475896
-2143227987
-954870167
-100892538
1099683742
-1853202287
1721945905
1971273089
-666175085
-498796322
-1323994681
552446774
-1418075372
405509536
347686479
111049063
1392401119
-653965594
1434823671
-1319153707
-1330140014
1800205971
936532279
1027375930
-351671150
-794023819
2040339547
383427963
1702827566
1691953046
-1253269442
-505649891
-136747005
-1281739566
-1521206953
-410882056
-1010523487
-1431008599
-2082930951
1733971243
738856302
-777565610
-1665616682
-1213439408
1610966474
1719641632
257378500
1370003439
-648602508
1444207855
-1465915197
1632915767
-491616981
63953697
1760752958
-499930390
2070731928
-754215778
-175484015
-1831651943
-2040772502
-816288727
-445520693
1777770257
1776563650
-1430373383
-1748360012
-1148977387
-50415150
1723716488
1474770193
-661996724
-1746347840
1200357034
-734078682
-666880388
1225905871
1712155104
-348379781
-21250312
-699664448
633075693
624420835
886992983
1228886134
-1525457750
-1186919495
-2106917786
587566808
-1431564010
324042349
-216232097
-270541830
-1542916943
-1573365698
-1328856230
795229311
-1500696567
1649823048
178247427
1638011704
2085956756
-1811043647
859806604
1820043793
654751168
1116562559
-2131440155
-2130909908
-950429880
1688925885
711380778
-1687583666
-228897591
786636829
-877072291
-1102080390
1921357460
-1625442320
1511900501
364446683
-1679226939
-522050379
-1437060363
1590776294
1697243540
662583007
-528307041
-1075771969
-1541484565
1266248667
1208505579
-827176740
835083063
1707793745
1765995923
-561466392
2134975362
-571973463
569115314
-49257495
-909363007
-1138124080
-306307795
-716784220
-1348983702
1751256123
8898673
849445695
1343125578
1765890347
-641251490
736043048
1491138196
-600223181
1324536962
1312116533
-1285904580
-1684176649
-602953334
356613901
-736334203
-911721163
1030588916
-730818363
-1342965544
1733135881
-1065106167
432671949
-736817192
-310092948
1749541642
-899397107
871017650
-2093829123
1915056553
1955005258
-1674159175
1500654340
792830906
-454957361
-410401487
799904435
-1456687062
696560712
-1534103702
-1050044754
-2066850769
816815344
-933949936
1822292684
-646349631
-647890450
-954535231
1100841503
-1075365048
-100801284
1515287264
-1327054287
-1398802026
-592466102
-1146726744
-2145884528
-430657258
1673573025
-258890364
-1444435827
-1306916539
1071388874
955409308
1704984384
-124133022
-775015121
-213838669
631196622
-144227999
-827501373
-1964566481
-911079955
65791524
48572447
-693685639
778513576
-383394579
2089561069
-822814841
1437335391
568254989
2046604169
-1411577162
-1954823406
896431841
488733156
1358751708
-1821370402
414376702
-1602233172
-785438307
1304601286
1727829163
-1895291479
-1269088003
-1810296906
40539279
-581532054
1298518583
-863981627
-1746009941
815114784
-1377064244
-611371078
1008059017
-1226964535
-831683362
2045928145
-366807883
-1258606960
354692029
1175485886
-503731348
-130863501
421123522
1140334066
1787368595
910241574
-73480356
1828555036
1216422634
-1133499594
-184773785
-917991182
-1545914239
-1361070735
1269599428
-1468143824
891192426
884971141
1149975845
-2015679007
1822427055
-604692249
667677992
734873564
361330054
-127443210
118278567
1300016529
1802592963
-413302945
-434335155
-498873851
386037901
-1339219006
1997127021
-1614830566
1675009620
523007382
204082446
-1553246188
-897167614
-122280631
1429770570
-2068109992
-1657041552
1850455978
547910615
213128309
-165991397
1774503307
-1256167194
306805096
-1664197609
1077940641
-2114201301
-812001765
1319221058
-898262865
1307318588
1840832815
-95536707
-128516125
-1314569697
-1957907206
416538264
-1663171200
1730641693
1914727123
1326765004
717150140
-1376852772
1496229516
458979693
1437496811
-161405524
130733631
501522463
1414234076
74561312
196618829
-550847799
-960882814
1743404257
1399425443
424015753
-471222058
1095650494
-1080687041
-159353881
2105945084
-634462202
1208063474
1568473164
117634468
1077085721
-955116697
-431872332
423815602
1214295100
-758854813
174221474
-799816671
-1383493971
672733774
1486219348
-439358428
1047373559
-867639823
682160440
-17382002
-1218073721
-579879040
1927680926
1538143346
897414270
382638555
-312883282
-509200626
-2029037112
-873955312
-2068264037
2130819556
-1519460756
-712300508
1032958232
-1871312343
-1656603355
-458441197
-939176437
2047117923
756001330
1965384468
-876018560
-41382579
-1803788694
1038802208
-1762585121
965573373
-267862126
1373190837
1194358113
729785416
502675954
58420951
1310641600
1150052453
1857593125
603138391
-588468690
783061199
1193156145
21983063
234427015
-2120349840
-1451874089
-6965236
-1170556215
2084588283
917559851
834245061
-1331493437
538527129
1442165350
-1594158292
1439122188
1895721415
-1714832390
702848204
-1787252682
1681406333
1254780390
-224088365
96638276
-415982701
-360456373
1997068056
1447638104
-1472289952
171843647
925563742
-813989712
704163492
-1828271135
-13466662
364171475
2126511527
-2097600595
77539826
1821048838
-1846597215
-1323801583
1084976967
-648498427
-2073617060
-1305161152
1269891317
953857007
-1642302440
-410115259
-614888679
1303550337
434201262
-797834150
-116735853
470822278
1770163959
1010281593
665099020
1692812942
-254838419
384708403
1536497466
-2010707746
-192062189
2048698561
-1095437982
2093925030
282962322
-112158888
1586832926
1447286649
-678462556
-249039423
-1071826080
470118137
-1134184523
-464917720
-757688906
-1576412463
-1714312505
-1248189389
1363238351
-523704344
1715230101
790636886
1985198653
-1023570222
385271291
-1294121371
1259102587
-269633654
-1131666796
-211757206
638437426
717096030
313937060
-23851336
1254584247
222484522
-1495253960
-348944320
-1442375464
1042222024
1496283788
-637649374
1663295192
-1978399034
-138387796
1275507335
-678330697
913190745
-1873350563
-1190370643
2060078773
1639179666
2088801596
-795814078
1516415513
-1217626673
759229480
2008868342
-33499858
792194675
136739549
-899680181
1361091982
231154905
-699788831
-1617138769
-382059870
584070533
277220002
544300747
240661096
-115811428
-647969824
1082359837
1520453239
-1067123818
1995964488
-1786007100
-1156600512
2076056881
1139870561
1760269978
-924116075
-60551000
541837483
-1907008377
1281843823
1778791204
-1741352699
-1149937644
-1239964437
1055393395
299303503
-731822786
972712598
1502285815
300688719
-126205556
885985769
-257740064
-473657896
-2136222877
-1494128874
549058973
-356886232
-1815899495
-544120059
2016969359
2063937170
1296188999
1006196377
1305936895
347252316
-1748988958
-252377546
-101967022
662944490
185490316
-997164665
-603628678
1875748891
685112743
76383100
-1093284176
1971248370
-570407509
-1101314414
-199336097
-1789992072
-190765511
-1471465130
-469803933
992633569
789639792
1836281643
-1235121038
-228941843
-1169694594
1315318090
-719813414
-1376116847
-120151687
-1260194806
-515426452
289296342
-500161938
1613091937
564849592
-1791468800
816171706
-423802454
-1459611782
-1624405775
-860304488
706226087
1861732947
30003919
-1820830469
-74937142
980132027
-227177244
416138142
445216943
-1544981963
1296124614
185932888
619235053
865021637
-1821810249
-1536071500
1397723662
-272457825
-2069582514
892455104
2076132059
-757596384
-1870103978
1922387493
-533082148
-143287295
-846873611
1401484408
-1641025250
-1112409143
883027728
-220443954
-71807946
1221406851
-967815186
287220373
1849613446
104682929
200689179
1629476769
-1416881218
768698496
1559243406
372049285
-973623643
-2027098308
60410893
332578340
-1483564519
504505349
422598096
1500747143
-497990572
-1005087037
-728138652
-1717889297
-318912912
1455520343
1651905746
2061661998
2050970156
1002836242
-626755072
2008913970
-1735675920
-1782059926
-625384362
953954786
-207349490
-2125990934
-331606108
875836460
-1567690166
-1891866774
-2099442878
1049081438
-334222692
2144948352
-928223112
394921909
-539344333
2011830070
-20432096
518829363
1469988285
81997308
911184010
-1143564107
987826661
-355596064
-102514529
1305756996
-871820515
178312188
-102945464
259155114
1889473949
-2101961426
1591526416
1286068808
725182890
1161028878
1707666951
-348209369
-1122414565
-1133589732
-808510999
248023884
-1011743976
590432569
1592870016
-1113915313
-880177371
421474904
-1908858042
-837244626
710916190
-906958731
1512101197
341902174
-293113852
63897029
-866435485
632399139
-2061263305
-1792395986
69496944
25359649
482362372
-1339124231
870631203
1308641073
-1177732702
1218938565
-59270707
1864659576
1863322873
68559806
1209051020
-1027525450
-109656989
1914323983
1221173676
2034824923
-452097611
-1604197740
731084873
1888995039
1819640192
1884937684
-304263880
-864970030
89870995
1226195758
1023226151
-986107598
1464869316
882350417
1753550594
-641457540
-2024798737
1073077745
-294622824
-1570375675
-311609281
424749750
-1749168258
1788173321
-1815640917
-1611451016
936454451
1093383940
711704259
437002153
120210820
-1099903424
1395605164
1797802258
80562225
-2010564689
2002233961
1310988738
1869668049
-403196166
1864339291
-935463102
174088178
885970905
-1792241654
-935995123
-1338099580
-1909368411
-434886107
-546492354
-2118825098
2094350378
1113086151
-487516533
2112759713
-1859740223
269850363
-494667663
1619474405
2053401246
1429210754
-1822740815
2065518993
1373830502
-77218093
244857594
-916175608
-895158011
-1853323166
-1882416153
2091209888
-2026585155
1484884005
-514692053
-1737247283
1135991681
1407557459
-97304310
1153794174
-1715037309
84509550
1325005834
597799110
-1941944566
1223742084
-1016888342
410656447
2070703497
-446453839
-2119329581
2136117418
-1406927891
-869633049
746731469
809782107
-826437834
623386353
-1921957517
-620772141
1660279881
889631924
-1563338774
736386350
-44678909
648749751
-1879300081
-748666433
776655505
1307101670
-1318481425
1590222457
-1940226818
1647700114
-428841861
-369196656
1862862861
1823350972
-341139332
20190559
-1743514296
901815955
2120644292
-1403120500
171535192
683385658
-2106821210
274340969
-523885929
775911373
-889808473
1997717917
924026595
1992232101
-1388628619
-302413053
1007665845
-1546336037
-1851136745
728446673
-381835407
110513675
807927909
-1640976900
-1887951106
-1703267238
-1770176325
-1601091109
1803244185
470745785
234393065
-661565430
-1308757274
-1192040598
694167149
323078288
1279528264
-1083181885
-440428829
-4910524
-1279006095
-803674575
-1160170308
1501419884
-1292078532
251572607
-1842868178
2027181222
339013817
-589862824
-390426261
702016523
-1848928119
-1359794678
1610429717
-886985072
1614370412
-1486600820
-418374672
1480473008
-314127848
-779387967
-1732681256
1693185863
-1957201844
579498494
-995004426
-2073766463
-1603433949
355568841
757448238
-490152333
400141741
1981254372
-836651045
1479626312
-1733301317
-2098919287
55883710
994710688
-883718406
801010422
1017597746
516545652
-2097596350
1264267307
-897495899
1073677245
1042308144
1845559025
1925526851
791291158
1207494129
2105987870
1050486259
2059736991
229976928
-118312425
1115705222
1600096549
-2094801325
-713403498
1956086317
-1935108481
-622868686
619088557
488274988
2010056250
1428690120
-287982837
531034061
-640153224
-2041752227
190439036
-1758628714
1747363604
-1882428157
-1707942218
-1088432195
2087466250
1324490032
514738001
1599045595
-774077418
1047982477
-784231401
1268897760
772186522
-1892899316
1568972670
-1599343289
1448956868
-70034880
-913967758
1235611018
378057711
-692181528
1925910102
-835088682
-112424118
1515446988
-236276148
515338242
879056311
150093772
-540007244
-25654339
-780661003
-494505675
999917555
635558663
1632579072
-141553066
-437450379
1390584546
895578807
-814216109
-355758604
1193109832
-867866177
-1402038728
1167635961
1635173727
-1971402073
-1096768944
1350820515
-993755413
541135948
885410999
284574374
973779203
-527103105
-32432338
979774358
-1990466553
1963261924
1251622446
-1070578843
1816941264
-1932657892
14537535
-1709490646
2134363945
-1781383642
-1445836663
1848849443
1721563518
174829826
-956356181
-503983107
1657257939
537077911
937475531
-1533479598
-1590667273
-2126797098
-1289572627
-657895566
261302520
2043607326
1712149128
1708611685
1276729305
1948997858
1579575126
858034224
2133912450
-1481117048
1606376555
889437271
-1573995529
1151366804
1966634377
342022051
-1866227507
-1788471035
-1486790478
-1296188891
-1779330344
1769382654
-1797975811
-1237009030
918861097
2096134825
-1112018259
118677839
1222605111
1925498200
1612500095
-637324249
-668446117
-1244198932
1355145794
-1200782245
-1596281727
902556026
-918737747
1376689506
-1994122724
1529805867
949467756
-1075800750
1519512922
-961433501
-1662677381
-403968346
1059238041
-423373276
965775287
-1553821119
722612760
937971893
-402498126
501343667
1252923121
355393662
487726790
516522426
-571725498
1902520117
-1137140884
-798470902
828036538
623331903
848968398
1822031696
-526939101
-737224880
752596122
-2020913036
2029909885
-896741548
-1263563752
-1879353313
1459503393
-940573807
458729598
1555358076
347591477
-68226804
-566780286
425899841
-1470542234
-969710036
-1891008719
-1248973840
-341989676
395493021
-1240449025
-1077452199
1858706510
-370609801
-473952226
-1192551836
1611399615
-1153880674
-1207554285
-797833715
-682194969
-1794514837
140449925
1324477102
-705953971
271057547
-1954342569
-407301500
-885242509
1096273703
1918804473
-1309617557
-176860853
993478981
-376641029
-1657002004
-1363930390
653865837
513849570
294892409
-818472325
384130447
-1393530817
-831483146
480262773
-51024604
861369084
-1905532805
359766288
1538491282
-927914503
-91170472
-909777676
-1175296300
1693795798
-537136807
1443537203
-515043238
-1978089966
-1287563702
-1518420871
-438974931
1063365973
1270458301
2141644674
-1321524650
486499081
2105272074
1628200651
-1087656832
-643030482
800580502
62004107
975628764
-1037582994
-1634425000
-1040736284
829753156
1203200111
1206560665
-1772105130
283935138
-2000151960
963231226
-2027578253
1539272851
1385627126
20393403
-454082344
1392531270
-1516574160
-804243143
864853083
824745898
-1650896648
-1581118536
-1715747199
-337042488
-1290760556
-1232077981
-994917070
-1892718228
1664591484
-902994032
-1394325585
-1244630005
1065122165
1132508999
912301251
-765728
1650903262
-675726332
1335056440
-1419001513
257399625
-1818624836
-1204724852
1087088559
1778505292
-76042979
-1221446171
666900954
1660035481
-2054662886
-1528099007
-1883029849
759785292
1862757542
-1391422735
2122471714
1613661572
731475902
-1631023801
-1258445254
-1313798860
193343149
239808654
236318884
2048911931
1360092811
-1356909254
-1224409345
-1284181839
-1414713850
1459308896
1248608313
1369820035
-650452380
-351632537
729242160
-743294911
776585416
-352793600
642154140
324992054
-1367029837
-368610477
531540523
1073422009
-1568408371
230253946
-1365495315
-930220862
-1338092827
1319744050
-1488567566
-928919105
598043702
1645632463
-1574422480
1774743976
-1916486420
-1126915728
950004394
137588816
777114086
1510160500
1298030543
-1014210050
-969687108
-601741012
566917663
1407017276
-983302654
897532625
-112488428
1712596462
334181070
1885428408
-1972630209
-1447626331
-1864322441
256625348
-903708240
-352051915
1669052319
626451227
-1450064997
-1222020220
1035048820
-47103205
7800631
-724859484
365721138
1713982863
277287145
1592800292
-921026581
2027760669
778692002
752003491
-1249121910
2082674179
773234052
-613719387
253312533
497208834
407321803
-825205079
2017311793
1001687961
2010560234
-1220620678
-416856085
1185465206
-1504083980
14734277
-612911947
-1176534231
-110931907
1534535147
1460038573
1078809626
-2081227199
-1858621416
1864348197
-545859139
1671926467
-542147436
-409775009
-1899258109
-974128327
864518489
1706866840
853264147
412679783
502342116
-204825017
1131124025
959665993
1098414671
-735244890
-601685986
436607541
-918042721
-562807951
2026292281
-941635519
1388872027
-1571592979
-1161057915
878359777
1799616605
1999038507
-705957772
-1169186348
1525583595
244128909
1601313315
947631425
-1176117751
2073407369
1735098318
1997352476
458972168
1308854700
-550998651
-1709409586
-1398122398
240746466
882291744
-884107755
-1028562743
1143624948
-1050745233
1378864680
347366269
816369489
-1233406538
-1280288226
-2104614179
-2080577776
-1132060329
2002149775
1095552577
-928034763
-1117229615
323312251
-1094790138
-842209998
-1865083159
-1737694870
1731346665
-2106083919
1627271461
-988057643
972701848
78888336
333246081
-2019846972
376673158
-442922963
1310734941
-86404168
1299844606
653870050
1792319668
-292975158
130970747
1310525907
625407123
-383477485
-905098954
755064294
-2067371577
-1231721906
-271819009
323431186
-1560144424
1490252988
-1703000752
-762134563
554241078
171287623
-753409634
188714783
-72119886
-768338454
-1603941902
914929931
296674095
1994551887
-1933298504
-960323473
718089112
-1109209415
-1916431913
-314437574
-187382508
-2127874012
-729734911
1414640959
-182759048
83250345
-1358685877
-1705054152
1392162301
-824604889
401946111
378749964
82191922
1887576351
-1306280783
1721754708
-338662860
-448549152
-407351152
1037379611
-705440741
1186060771
2035230461
-1359485723
-31483721
1546706296
-1918340767
-1058867726
515211131
1778297249
-267055045
438531011
-2101469767
1341182013
-1617763465
1168269277
53022991
-1925078936
-1410511866
-631846708
-1515066079
-813099999
107721386
1177004650
-1522937721
-442207186
-639555567
1087704672
1139856649
-31861188
-7507419
-483118867
-1784033527
565369161
-1670309214
-243094042
-681177024
-1596177338
314266344
1095825917
1070473644
1393453815
-2045656814
-188437435
103262409
-581141218
-723547578
32988149
-1448612866
-427351081
1306144334
-1640032661
-49960358
-36630203
-1799354265
1719251316
-920372609
-1130731922
893225305
-1086030390
-656595746
733090659
-1138524473
-291627555
1049406756
-224750172
-689308728
-469203754
-1520894221
854702273
-987711819
-786603560
2071130581
-218022588
1076293700
1793555336
-485844883
-1971811890
546453461
-2139635761
1017188079
-240268673
1196204300
492112862
436485329
281485979
1340620447
-1965952910
-992444990
252892265
187627120
-1841039783
-1184930341
635405150
-1043135778
-2016663757
1969886483
-74189701
1754641751
169401981
1733873144
232255731
-1233170895
1938106059
955302812
446050064
-65274438
-1535498412
-252947764
-776379050
-1923128691
-902077005
-1279714680
-754652184
-133097178
-930160660
991602606
646680618
1673146553
-197246292
1419749367
-246579545
-1355507394
1484701652
-213723097
1018193717
-663036208
371280184
812654976
-1122812073
912770615
-783993949
1060739703
-1141815583
519741123
627279390
152002218
-1424084254
-391226021
-936806031
1493725712
-1696619843
1203688661
905767914
16393073
1648771993
-367485049
1332596060
-713121255
-227850757
-882536931
1367590762
1122155208
542968240
-9392212
-1408784891
1342042092
1758471151
-247838969
-857979854
1417109777
1784161215
835010897
1853030672
1496135064
1362999446
-1607663149
-39583463
-493125978
1497243458
-1104439537
1894956968
-780483489
668596492
-2044351211
1691071674
-1801604524
-1013452518
-1017982700
1976570616
1268291385
-1543384043
1189993011
-535764492
-617305125
-110559733
-138245215
543881395
-1369680560
887702165
-1859468310
944348267
-1085483409
-957369540
1960758668
-869415028
279782530
1593632792
-1927174966
1857314052
1810944826
-122638662
1275807423
1421200319
-1251390493
447169355
373317045
2143151725
-1915305000
-1450280972
747101879
985854855
544056888
123432576
-1784386460
-303089262
-1436785447
972015680
-639593723
-1312781403
2032723068
487471
555364834
1274386985
1056700482
-315202731
-1811241519
167316448
-765157281
1615862639
-1219589873
687252264
-779878388
-787972145
-611771310
-1681460353
2049851074
339247233
254586142
916613961
412862628
-1070678097
758287703
-799754799
671719996
1578560838
1973579799
1018542477
190759785
151566552
1785872321
616412837
-1160270440
419003843
-1572552362
1910393270
-166153934
2111442323
-1541498618
211965650
991598165
534527140
1083081738
506667211
-1452499771
2071074060
-415310928
1770066097
25298724
1817367479
682866103
-5049960
2020648289
-1058008110
2086286812
-463035235
887689838
1904725101
-398269260
-981823189
25729333
-911866789
-1020649540
-674802310
1311765708
850616412
1208940206
447052632
-1391894554
-1201934466
1976175125
-1617742548
-207902835
-1771316801
-233095389
638215990
1676621069
-915024649
-1480696638
366444827
1218790195
-2106489868
931390952
407235488
1076933303
-1346493466
1181533487
-1166078283
-1033686538
1574448125
1000119716
1573204918
-545739805
903267152
970970334
-2063349780
-1409928641
-1313853184
1992272466
1321386841
-1873750264
-57496931
-2047873050
-1490864204
-911988434
-1030675257
-1735968829
-1016640590
-922269556
884607512
-181695633
-1746393465
-192232171
665320513
1315635226
-964653141
920173902
-1057291406
-401032137
-1768208671
471068667
-1775579137
1492927054
-1115662220
992589085
1124659776
-592833264
1970074051
-711585253
1381248184
-1489368917
-1061848576
-606577346
892093560
587257183
-471207116
-2050349982
-112725051
-457719983
-1963923579
49367786
1472520952
-36280417
-1584568645
989958900
-1585198171
76552884
1544083456
1766917581
1753295359
505884636
-117333017
-2109345881
-1581440901
-664908262
1709963951
-1359191415
1330344370
49850937
-1528677689
-590580602
-1471236981
-1346924000
-533283947
-214323919
-1422907752
1196743018
-955187086
-26782129
798474432
1373567798
-1434675207
-1246452786
-272731617
1372915002
-336581759
-1461786890
-974215895
1621991454
2042069735
-382254883
296055573
710265095
722698384
-883128288
302590328
1491669105
-376481363
-406759985
395314735
1940812353
1463455424
-2007929431
-151237246
-243131622
1852532831
1728640392
-1031725435
-1467633938
-676987848
-410832866
-1120556607
-1871321896
293600853
-1548898591
-416109036
-1013085143
890888863
1160261444
-1341104171
-380940608
340398760
-1196910809
3743291
1831912607
-1658897500
37602447
837262078
-1637438279
355137720
2143495321
-152217538
-1606721776
-1638507145
-1786624597
-490168156
-340931585
320218280
1730074861
526343623
2076744916
686589773
-541272329
405172432
-164214367
-1165819936
1595390923
-372018848
-1650444205
1854307807
-1858269691
-1909393744
1509439747
-1173041781
1661707601
-628371719
-185797748
-1791870997
-2118360036
-307115753
-205579683
2041224983
651188365
-287247256
1958114959
1362205362
386627766
2073066234
-1294786247
1925798071
568487430
-1259701788
1867021827
1638942329
976561154
157318132
1930742521
-1785608732
-2003366348
20609674
-1394517599
-1665764600
-436119197
144345283
2105853262
-1716208168
-1025868797
1550683353
-2126398794
-1360339922
218225135
1952689096
1383212226
-686335983
-1757057195
-124695755
1022874277
-201998790
1888663280
537120139
-842470608
1176056020
-1869398147
1017343079
1484767587
-728309117
91792487
-630336203
-1959076282
-1817264728
448978372
-1163170789
-1600957447
-406799390
-1375265916
-1048880875
-1388532214
-910052905
1953275879
-1288649888
2084770566
-1404398797
1693994287
297656092
-820941998
-393645328
-669590889
521122092
515023163
285983704
1868620931
-1173901984
-144814518
-238183096
814959608
-1762749738
395471325
695339061
-815163059
-66180451
-704590606
1397004404
1118787106
1440074906
1051762502
1558500917
-55012719
1841811119
1965097374
1367358416
1975585187
44843545
1748732259
394775492
-625698554
-1050172647
-893755020
286950139
1272643580
-493199658
-1467014089
-2094126254
792981
-736603263
1158988529
538202713
699467295
-1802129734
799542871
395405398
-1507199011
-1512518095
-2115521435
-308786288
1165465336
2090272400
-308951187
-518208567
42086578
119305368
-584965518
1922281995
1934108129
-1824703350
1116094134
903870631
1591757978
-82781241
1771064977
1775722362
215234859
1692299450
-163270269
813365362
18981455
128654581
853153165
-625817520
1634817180
-1454774886
-1807361604
-1324042322
-704288449
-287394308
1569949189
1698369604
-221793300
62679173
312175704
-726726042
-570647537
-1767900711
-681982226
-1280299312
1101911367
684280379
1533601766
-882274138
-1910265068
932450607
-835301873
-1330502731
368759758
-566630559
-374099193
-1232751874
-1294991656
1150323397
331507332
-1506264203
-78015979
119914750
732465905
-1086476538
-463779173
-548635645
-440072388
897344472
610710695
885335296
-978304530
-406801452
1243000527
417673593
1397029243
743215208
77819005
46163637
586010075
803606151
982494107
-1357353127
-1706471592
-1737216268
-1190719093
-604133550
-117463383
-2023135552
1133568858
1901478392
1740778048
506440721
-969306828
-1557189008
-2044824352
-1346237660
1200139545
-83075503
-665595535
-2099509356
-893348656
547639945
1509101591
-1612231205
-1455458532
-87223679
1979586688
-1856734951
-2102807507
85913983
1790823805
882110740
-234358439
-801913268
869930452
-105896833
-512022517
-944801514
296296019
-136666241
-103598085
-458683497
-1771558616
-1840128406
376801439
-1562804363
1247903344
-1826779951
1540511200
-983023892
-869772787
1820065984
108020753
2072177578
994882236
247130692
-309315812
-1352091655
2004276837
-2099622099
635103486
-1972392413
-1661315147
1526774548
28111732
-267613679
1340553450
1689512863
-1532149514
927729973
279429101
-1103528701
2057640164
934728873
-1902674011
615996106
-1924121857
-1299748456
-688840055
-1411122987
357482010
-1112824868
1312148087
-23947100
-825645552
-2122199320
-1593173564
963124949
-571054856
-556048152
-1531823725
-1698087702
699710359
1590543398
1746366826
-589630641
1984277782
-1283730769
1104618498
-1803898982
-1630438924
-2037848010
1334068573
1654885140
-1386359235
-242176457
-884892130
-385192585
1295306491
-989002145
-1737723884
252909561
-288353555
1422243626
57954327
1172069513
-1520201098
1685831374
-1787410153
-1321073321
945662680
-1371770793
117349489
-1130942310
1977766049
1676066578
1605743492
79963277
-1716916891
-1322296273
-1879959932
1117708217
-1660689236
957778593
-965575539
537258361
-1136135122
-1953706679
1025526011
-2068240709
453043005
-1137585326
-1796470280
-714819837
-1781647998
1542145758
1339739221
68033973
-694037269
-1027120670
-764127074
-581682285
819586787
-1602654899
808430951
636935299
-1509539644
1576832623
310135532
1478679958
1831612297
-859076968
1289495513
-598986939
340952776
-1511896832
1131104101
-1238419460
-1303696674
1319668454
-1720739676
-802727204
-330397077
2050142714
-1403246819
1570809533
-749683968
1815659775
39386266
-2058948239
-952161001
-1493613908
-216435649
1962206031
-841929917
-1875377453
-1411879202
-1064716561
-1098606424
1776780741
351467657
301248818
-1593597268
-888318477
-1240517785
-1741580924
-439920146
1800953816
910597067
-1394501020
899049078
-1981127658
-1918371454
-119496156
1656638254
-599529505
232165996
535739373
836299921
-950777962
-2049871283
377630982
-824750430
-1868181579
2051464165
-1420385707
-1591362018
1119354864
-1786431683
881981989
239917300
-1676125029
-2124672701
1855993385
-2001327628
-1628671416
-1756036967
1836273088
-277722169
749072308
-1848278103
-2015053702
-548813025
-1580992029
1480076284
-1530242854
-1270800338
504569480
1643948748
-1842819235
-531904677
823101610
387158743
-1660323397
527491379
102980485
776201077
-1944411540
1583356317
330651565
-738873108
1017422957
-1113328046
1218063993
1821277699
1221003075
-1937613685
-272816226
-213837100
1805440831
-361546245
402324761
1107041510
1813495300
-1340038913
2020872530
1178551419
-1772773562
-2141030381
642343806
709976869
-1658012204
1373371528
1107945028
2144704414
-823743273
973570163
793517219
1230500569
149066075
-841421848
977936658
2035735124
-1168410609
-1980868248
1947499240
-808469584
-2028485816
-1748400745
1481795070
1890248066
-208472757
369362481
-1244893038
-1228170901
-1249682741
572226622
-1352101010
-1773753499
1370577328
311571845
1007495240
-711769504
590243865
452194621
-1286446484
-693203443
-1940525148
1880472586
-113234536
-10189320
937599212
-1662839001
651204390
-931330596
201784147
779738847
-305322640
1739447090
-618656512
75080769
-551566993
220698634
1367715627
797077011
-2129258843
77348638
-26492265
1462375686
1101040956
1073487140
1123823712
-1855017173
-1518058897
152462179
386511606
-1960853851
587834153
-1005561975
-633885847
-232843360
1126665451
-662754117
1131644646
-1963609727
2042960114
1595791852
593524865
-95955106
-1834322536
131694961
1360956212
-2089325648
660304378
-1803272747
937578535
930755399
-929259558
422012906
392342833
-455779459
-150065209
552315424
-445214818
-1693536338
-1353323653
-1625393895
-1533769934
-2080951833
-771493245
-868112004
-41775763
-348517667
-1812718299
1619757832
-1968931567
1943405855
329787773
84562156
-583270943
316082063
959780585
-469768362
819259562
-2113387762
-618638426
1564456522
-1689950330
-2085681290
1496293563
-2053013068
1884903007
-1125551155
821612565
238663359
1807001522
-833915466
-1658011405
-633816473
-370093675
218614826
-630505853
509087053
934643450
697958760
-651975475
-1412081463
1926054197
-1228828630
-1109364784
-1603749563
440032699
-470964200
-962979606
1302649288
-1353067476
-1942207103
-829430148
-905661231
1869400210
-1641639864
1894486477
1574178406
1924300267
-1289767396
-1889605841
1264384875
1758489828
-1056263189
54051935
1301678647
-1042382105
616481432
1600198961
1748099172
-1538667177
-736535830
-1367224724
816472550
1780487450
2056783048
-325273870
-823216802
410725975
1013147043
-324210908
1727838640
-236257152
743981618
1542737540
270778578
-987133294
1899128677
2071711643
-1405639705
1280599963
533245586
-279440868
-438795125
-90466436
-477589259
145840968
-94056592
520982512
1314061911
899725460
795890729
-1222321716
-1396479221
-1360385910
1978959430
-1690583416
1325746465
431353324
-1541719136
-1907439107
-1746181930
283734302
1254521845
-507566992
-952124343
2028098501
-1022544458
-917370674
1081743988
391944874
-82973665
-1413817543
527834457
1115099620
1979036296
-187587645
-794712197
324489014
573245691
2020602232
1554979983
-2061437259
795962885
-603297375
1616804211
1309287854
382974417
-776108217
-1431603361
949036998
208705138
99110646
366882394
-596256159
690334079
1356331714
-169940242
73097799
-1530182940
615768718
-284873954
-467855483
1920705783
-318167925
-274401640
-1087648879
-998360631
-1924541953
-1961032154
1542901168
1310738878
-963926969
-94671254
-474590820
1011484512
-1223786977
1660273098
-1155326880
-1690827665
265501983
-968041048
-1023304825
1437492284
-99639416
-1660692778
-182138251
-646160586
-271302080
-611010231
-839939565
997977029
1023802139
306515723
-1717481806
195207254
941364059
-395877770
-366655448
-713678154
153691770
670445470
-337024961
193444003
-1848858330
1852307727
1756687184
717213088
-2046337908
-647793736
1288455978
-1518632439
1422733784
1425407525
-550853577
1544263526
869491196
-1403136268
1601651937
1631931907
-1799242319
-107166079
-706773199
-1412757569
-690325061
1377775587
-396088135
1488700452
261880688
-1827750628
-122440524
-673855048
-350983814
1705450123
-2087185301
-586542958
-1848179493
508982693
965904857
1027818031
587173425
265990884
-172702575
-184786299
347093819
-1725460738
509722847
-596609447
-382009189
1492197210
161394990
-269632819
1391408093
-8821313
1178507688
1483489852
-1735341641
-1778980018
-1564900829
1647381066
-787565422
1574278834
204104251
2051268406
576857929
-1334693483
-369284165
-519069583
1574486063
1292128597
260609856
-1779844492
665313366
-42887433
1113954080
-1112086066
-523783410
1459649115
1427149959
1806736252
486058412
-124775247
-8463645
-810582404
-474058868
408788523
-1525361279
-963306844
-297297320
2125959924
-1357905032
414679215
-1511417207
1820963680
-968768059
617572248
-1152602067
330060643
623274935
-1390785750
-1378097173
-1768641209
909517197
761749464
-1312201660
1420503961
1610851677
-723554359
-1053329637
594009700
194438710
-1832585929
-1088729226
-106655839
-944770679
-882178567
-529121402
899099373
-1082076476
1198974045
-825303324
-1377932164
1127434559
-597079749
1705217309
104205133
-1233553317
-1750484154
-1876682640
-1744383329
464975336
-568359003
-1390900011
-1453695325
-2092836153
-821481535
1219981121
-1593741198
-1408124464
847011936
-1081218776
-1875440320
137142517
-1878669837
247507011
1744428242
1770031271
-1988013525
1293186707
-705135827
-841362056
-424098095
-510013788
1501868431
-393359359
-1730176554
-389615594
533514914
544880389
1860208297
2072000601
-1898351121
526995414
-572366648
-582564937
-1144918384
-956557065
-1716585574
1673632407
-244360919
1295155970
1207974778
576057087
-1251767015
1908659148
1030005782
-1127797158
-1635336981
-1678272570
1538127866
-199234693
-901598702
1355924901
502381927
-2052004639
-1385590827
-915736507
-162743191
1292086076
-2083434104
-1686641974
186108456
-1955419089
1248622588
-527342840
1565357437
183543127
1060870712
906024484
-2050660152
296076172
-1879388824
1424659323
-1411148544
-643239322
-1758914539
199930306
-1683588597
1333796867
-1506319210
-1646888339
65085519
326793478
1989125829
664219476
-853371000
967041250
2029791478
-952564076
529927899
-1438569897
386020389
177438899
1598282283
-1246178244
-1019050130
1251900679
63764652
-758886785
1344623297
1272557655
1883238581
1090653034
1178511573
-362651198
-1707141927
-1665081049
-382493604
195924447
-2103605705
1197571974
-1044939655
916123685
-300316655
-634192388
280749166
1593262733
-131073893
-461650450
-1436183910
-640998539
-1653734635
-1196401361
-1174193503
1849506247
593714971
-1930570553
-1436367124
-912437414
-743919301
937811958
1656012116
-1499469416
714268872
700897144
-1359693031
-30914464
-899320083
948579593
-1362543592
91811628
-161260796
-2068311254
-1506008771
1619074166
1597931560
928472357
1540401717
964678487
-916695032
2142034767
378721896
932928369
-965861634
-404899955
1208443174
244734735
-331786913
1992070680
1755499807
2025451402
-1017251308
-884900220
-1394527464
1537107950
263019113
1470681341
343918556
116557276
427658020
-1892299820
938757488
1945856177
-1584210215
1851352377
-514989175
461735655
419032444
2043051338
1617816386
-257861189
1489109304
-1576489908
239006217
-955474160
1144061054
1724068151
846911450
2127779219
-1475932832
-485374857
-1963940688
-1178478818
200917534
-472034575
-850542281
1156822369
-1644997887
-711793341
1551206085
1197554879
-1977862809
-926206128
-72525173
1476903285
-192787425
1498792955
-342702073
-379118847
-225294090
1090668849
-1573630275
-1362038335
-1194519663
1806698541
1073534757
1487717081
762071421
-1663416842
967639782
-107102630
4598660
72208428
463260741
-1247419489
-1401779134
1747683845
791881943
-936116230
-1774742537
-99072623
-2144820354
482374544
417230237
884632901
-821747310
1903616129
1769812285
-1314242122
1754810205
1923688523
-423321730
1057075108
1378824141
1118460783
-944405890
1392837178
1732340580
712408917
889898980
-1808927341
-1032160653
-1770631572
543336501
-2005471872
1755592326
1174165141
-1576898713
-1470344056
-1421222110
-1777657407
532003507
1424385839
305315245
-691399464
-435994705
1550708603
-112290643
-1861627684
1845391515
1676850355
329076277
-728407474
379490810
1258464105
-29450853
185727696
1173951844
1386017211
1215137902
873689355
1850101146
-731069484
1224149670
-669588782
1635045338
-747957063
-1225111011
-947726969
1434523253
-911218878
-441184962
-488736579
1896626334
1027015525
1358850299
-1738019041
872795011
-958610502
-1521952252
-2092187249
1894400161
136034106
-648266443
406708369
1096308052
1163664202
1031887695
-1672030230
-1311414355
-130911752
2044197866
-1138878332
633455751
788183171
1880601514
332692628
1526416092
974258720
1657987505
1436576254
-1111637932
1120434939
-387477420
-1737541897
2117489439
-2126375045
1179725072
-1049250580
-1154005757
-316902454
793332670
343147938
-1782043720
1293199252
-1630213882
1384062621
825143923
1280315917
-641802223
-1638621498
1740761280
-728276423
2044168066
-1234970041
1336093332
-66887833
777824677
838942905
-661326430
-1097910786
-320058391
-286817919
-1227276307
-386118533
2107111819
8131191
730211230
-1229986631
1943373204
1635974343
-765922281
-537719437
-798656507
-1387785188
-1929572281
629254151
890673743
-318637062
-1656945089
-1042446724
-170830072
1670750059
-2014716923
-861477434
-1848844068
1797717725
179147176
1217120328
-1753525055
1196324938
884682900
-848038759
1960397678
43511193
245365799
245865610
-1079996915
1751346500
-2053204093
-1408569241
-1935351250
865419578
-331991899
510206589
647831807
150833157
285548726
896376540
-100004422
-1740784593
5718433
-1567458466
-1324376226
-1183527454
547772645
-885562393
103592353
-413093170
-1201987669
1971619565
-1022865116
-2026991538
-1736732645
2079409722
541791976
-417274931
-974917654
847163376
1877886720
1036340582
2121101367
2066875342
-1143888248
-1561730870
-365005161
492554417
436485333
-2078531482
-2001869970
16528988
-1506053139
1719273157
-454825600
-1386350725
-944288711
1900003890
502811335
1410107364
327784312
-1241315679
704056966
-941903072
1344368375
255269326
-1607334754
-955648214
-279226114
-1180500570
114731551
-1075851402
-2090217075
606428390
-1356512479
-1127601100
-135189944
1488461314
-1004585515
956885
-1628637777
-2074099641
1313878742
1545329870
-945524335
-1882134717
632690372
-597555813
-1336499006
576239716
2114089235
2009678086
949888011
1648029406
1656204320
1770973352
102216289
193120722
-448605563
1405392816
2111189082
645019820
1348685229
1613055970
1860275932
-2087917108
-1623754326
1555086050
-475678441
-755818648
73278021
29209522
-720262732
2040164015
470433110
-1690844039
1769348942
1597033778
-1545111978
-1362774906
-1237933023
-1520922497
1250123570
-1461599597
1297538304
1118979087
1859672673
1539131213
303649676
-1273792159
-321613256
811432979
830746530
-1701317018
1451790716
1559718398
-1342991339
271377951
273568057
-1888664287
-1154968931
-2079592572
-1712140335
271562769
62843662
-141142361
486114647
82437031
1759709644
-933327847
-239974115
-1014556924
-1866139267
-936325492
-682656629
-242383915
-421774336
231850681
-810315982
-642157865
1641791134
-1556863612
-74829792
377011357
1433689471
1582627933
397590645
-1818326384
318220895
-889198616
-817439946
1755554871
-824972671
-72123169
2128676448
390581433
-218267677
1761068855
594862400
78443679
-152489550
653745025
1917543425
1162691549
-134346752
-1152542061
-976550778
179912722
-2002997581
-1224537241
-52636550
-1390701810
-1689939008
81456962
1312615588
-1370212971
-1572457319
413365272
-1491748481
2035614306
904482532
-76797650
-1976894199
-1836714642
179103852
-1734567423
-1278043685
2107087729
565994076
-618712218
-2075755655
-1634830935
-954463318
-1502423310
1857826795
-1489349159
-1244207408
-1212694373
1298400908
-738658668
576100033
351445662
2050672673
-221031494
823699226
520821668
934698028
1392084803
-1284267112
1001974560
738652034
-1332138437
-934169910
-1578792966
724267035
-1505322483
183347207
1128136049
280064553
1374769667
1492828321
1661678140
384160363
-1545557748
1802403930
-752550413
-1615025726
851274688
-1264099050
1580642477
1225549316
-1401296223
1528973778
-791547671
52501519
-784735068
345768148
-1288236111
-1553307871
-680520209
-375714524
-628600068
-1772656281
-1350603038
137476922
-477133229
949600723
-1517668517
1032796408
-1315683912
1782680370
-1443257802
468843738
-1690665278
-625887107
686593298
1560079467
-733989876
-1400020370
-429610918
-1970014726
1332903632
-1984701866
754230147
695996813
513360590
1248499245
-1625032302
-2075796202
-1197317006
2100382186
-856749599
969492452
1732510005
-2018655723
-150722271
-68419236
-287356350
-1176349799
349812386
-1865179416
-1276910243
-1933904674
-1313226286
1967107374
-1165101056
-1054190569
-1146878974
836182148
-824753978
517045976
632238704
33020068
2098586381
-306057494
-1029772159
944647068
-1102460715
-812445598
-67909043
2003151879
-272384274
2114032880
-904966303
1774427777
-622874798
-236967820
1532872127
-382807465
-650273329
562453206
924075305
785371518
175852265
-1956392170
-332305762
-1592812602
-1003839235
489365409
-615283675
2143969615
-237023319
1265154022
-1176554296
516878395
-1276102293
-1114635479
-1424108317
-1728394843
-969959544
1221687447
1487606430
651039184
-827918290
-576050023
855479991
961662883
-980256036
-363962516
-582045308
-1998704811
-173478143
-1139416847
-371108808
-973751196
1148500195
-450208319
619240036
340117194
1348182210
925165956
827615169
-332699789
-1422790596
-1337369981
-1546920404
555735017
-552107533
-857519494
-780685327
1113985360
-1239177364
573690034
1912410699
847177369
1179584826
1770801487
44848171
-125301262
-933698213
842776038
-1804116680
2013121916
609701857
606716754
-1558013673
-560054464
662198740
-29433656
-1836920085
1621647458
1853112918
-2041064409
180274463
-392142953
-2054220280
1197098900
1051943266
73785044
-2079694676
-513356730
201725171
-587195321
1405998348
-1850790243
996183326
-464570742
-518516967
-2141882503
352698373
185663510
-143207338
-198627639
715668899
1704662517
-1688701322
995996514
258346254
-1114427973
545143876
1856879633
-1437689349
1980354230
531756226
252532211
-1826916729
-1662326172
798955669
1313666051
873264436
-67434459
-137224801
-567974924
996663089
1540290609
-806952723
-1068647360
-1155413283
261571019
-1172747564
1924765568
1914558094
-663240522
-1510370986
909062398
1748224909
2109154792
-1472742199
675952264
-782766747
1402556285
1032868538
-1510382714
618264925
-1066226706
-350336242
1708276046
1343625794
2108824706
737457002
58157239
-1067789207
1820461827
-853236524
872661228
-898421261
-495409483
-1267044454
-2009811070
1467258706
232422531
-846782094
-919806517
442783756
-1452155269
439994850
-2124949652
1363182526
-1859072388
-358735647
-646011348
-499860636
-1174773714
814511038
1672765199
-1283244329
-1555315151
175176769
-676291421
1580143254
273448600
-1441855985
-676445544
-922993208
-498052456
-75069870
389703318
254239873
2018319740
472451481
1204318795
344343108
1483837148
571808764
-291646782
-740898616
-232170483
-1419931773
1039714555
1411049215
2058261723
-2014034745
-1921306697
322649171
-1139863691
-622437926
-2061809006
-418694094
-779608152
-1343102109
929690199
-294812212
1535774032
140219405
-1793150321
1124037659
-2066219510
1064105506
-103830437
211757603
139478574
-1301669006
1237602947
1133485947
1060394236
1264052089
-1070640434
2016571659
-1987661804
-941992000
1158496403
143096342
1082700331
-670798205
-542452593
807303546
-305594117
-496393325
-1481714183
-953727178
47115899
-447021186
-810483500
-2062459347
-2055325360
2134394092
-81232509
1794358825
-2028871549
861916235
-888029790
369256994
776207987
-53611090
1112855058
585565886
1008983820
-987278094
-2114810282
1143364891
1299891512
1693908002
646974749
1361356
1941115797
178030620
-631412193
1115144226
-818099095
-822357132
550356267
-1693238868
-2052743982
-2084932713
-94117247
2034584064
508159809
1962239027
1329069148
1304127162
350716201
-1575254826
2081462739
-763866172
1353848818
1832897749
1630633697
-284011561
1679061299
-1476372113
-1197405758
-1484432062
-1270285792
1464711729
-1529507456
661477098
1269258817
1177558939
-1916692020
1983422865
2100034917
828264451
-900796399
1663267162
781830357
-1001093447
-591002170
902871948
-1746571317
-86531733
1654660099
576568470
1033706276
-1850523701
1226314839
572086866
-2013898667
-1119372946
2025257688
-455547251
1951892379
912723447
1750506874
376964551
-892264074
340669300
-454703964
950648374
-11609257
-1082497273
-1411456768
521990929
1854870423
1391485896
605766290
-2091462646
611009707
-360340503
-927322868
-1161172709
1793761174
-216395749
-1921753761
-187100539
1530633630
-2018328271
1210700949
1675703573
-767002302
307017730
-1174340643
-1269456216
-43662742
-1018646638
944469479
1538174706
534348256
1556049267
-740937358
-1096642438
-622026754
1243624553
-1450208990
1595723240
-1088453975
-294568628
1254603926
518568834
154539645
-2036049358
-1023643975
-532165388
1751037769
1609574348
509793624
569687887
1996139453
-2042597104
-1133029899
-1667178669
348530786
1792452888
-2046538790
-452399119
713625033
1901961033
-74574992
-342657782
475584007
1346490808
1092875985
692217469
-1828231840
-497942072
-461713510
-304181408
-2032029119
1908535063
1127182854
-1528619636
10254451
-773628774
-1369688776
-636213922
-1199805554
1535624198
-1081201449
605232572
715824299
1111448433
-1361319969
-17786794
1769801565
-724545223
-743913290
-1427457490
-1501136416
1267425828
515721853
-1199818663
1220562067
1775316424
772655017
1926749446
1414765731
-1351750355
1309578705
-2128029505
-1095827960
1218932656
453872329
229663727
317774005
-1556905431
-1678360850
2086499491
108913931
957031504
1348968643
822316180
2132704142
309407836
1263971772
1411507045
980724698
-322348820
-1427938214
-1401130712
491278039
910598443
2059551607
131898662
-12220373
-448351442
-772936990
-697854753
278751984
-6178657
460960046
1448382287
834647462
-1332962912
1586971335
1236107379
1834998123
2099627497
-1066492347
-1050083062
1499906153
1319300146
-1266089468
685010592
1201014671
395854808
-2088460556
-969832505
-1447518333
641223866
886056108
970655911
-628619050
972368228
210401989
-931656775
187473785
232453999
-745260187
385757903
-2001557137
-1131623897
-89799910
1556012119
-63628093
-1790694546
1662380520
1622927583
-15052612
885868255
-1909802588
272946395
432934480
-394779850
395228547
1436887718
2049422293
496602606
1981449965
-1967550266
-966631426
1555864875
-523492457
1959852148
91772932
-1504711718
297910480
-376197030
-1257104093
-173542378
933242905
-670933090
-1823677113
-656266291
1278296315
-2126828257
379808519
-154482781
-427760619
-1026320643
-209762094
-1314830315
1955285876
-998654370
-995601561
-457820959
636597287
2088250223
86681482
-1247892827
459212049
-287093335
245587700
778084038
512724736
-370656171
-110157686
-1899692653
176962046
858291025
-1137377326
371918505
-2082819097
-2037987308
553344930
923437976
-496405445
-1702546706
1855704089
1476981958
-2078824139
1234503828
-1991901229
1180643475
-1004117476
1992118236
-888043432
2022502590
-1159623976
-1090199612
-1583301164
154655238
-1230730041
1146704312
-1093729779
-1629779436
759670993
444355604
999258768
534353815
541089465
521478374
-1128220114
1506209969
-1752140362
1402739961
2098007462
-2000274543
-985367998
1991435022
204890019
-1231741600
2113652016
1792753516
-962074648
585927521
939614212
-2036080741
521607625
-1640854957
-2095162754
-829834645
580945372
-427950055
-1933351560
792294459
1835311856
-2083292260
2142291697
2009875319
-1921797570
1301026544
1897986920
860887394
-2095631650
239458229
-1192519570
-1079831787
1266325628
-1479593537
2069578870
-1985579322
-996394677
-1955229703
1540020207
474857805
-1970624711
1597572997
-1546978412
1699907556
-310253469
-1411016408
349362178
-274845138
-1044430134
-2060147483
1603512970
-720973702
1947832135
975139815
892359496
1326223944
-1663612996
1521876131
-1055444876
1561960715
-870660980
1079723325
1464720119
916349744
-1009754804
-411367381
1474533441
-1132434594
-107913030
1424129816
-566717095
-403531777
2057967597
522221578
1192574773
556869375
77613262
-1813047098
-59880373
1325711828
-394597434
-2064911246
778521447
1822148029
-1511847752
604591996
669961151
645483597
-801050831
-1183978053
258765380
-852641750
-227000866
2500307
44732474
1032112658
-1458016962
-547554084
1302990602
-569277921
-436285033
688390469
-945240746
-1312796341
1321355309
1330435062
1167034702
-1298374859
1745879985
1302620340
1048482881
662497316
-157013000
-1541226806
-1148974217
-1357121716
-771734292
1888480996
267502141
191365456
-1330868025
-999705795
-1853585088
-722066680
150004093
246599164
400596766
-1332541309
2126810489
786952667
-955509190
877445199
-142836852
-775417590
-104250417
-1372586249
-122062302
2065184338
-1002402745
-1986554164
-1853336138
-412529540
-829808435
949299176
-2050465145
-1335330830
1453163040
-1444524945
-1811649141
-1414994265
993385642
1364837656
1882540196
-782222796
-1835560495
1153198571
-509319663
1954345027
-1575714164
-1835146420
2056795942
-1173328592
49409848
-1363579081
-1260699073
-243495700
1747714219
164574924
701113330
997121573
734023305
-595658738
-559681661
-1045304413
2062153430
243075047
-1449418084
796866549
1817123532
1904668783
-253714371
-1753034932
1523111151
1108160365
230647537
476812198
-1200882594
-891561699
-2107967934
-2131646674
-250984086
-312204493
-1282238611
-554788638
1992863596
971316255
-1313931943
-1330038922
1608581074
-1043197293
-1263734843
-1095684489
259140219
934900033
-1414859327
1929695668
-844910779
-1697180951
-1386040481
1098758873
1519785187
900289170
1089334953
-825811621
-454854413
1049648151
-1784516651
208336027
756059471
-739016475
-2050019145
-1292799931
1686083234
1122014465
232296310
610288378
-1250148290
-1277847472
249067650
1963833134
-1542432467
765800466
1287830469
-376066478
968806021
-831867729
-1688403688
-721621452
1648588544
-1635067978
-832761864
1005674662
172721099
906634786
-419996039
-1344525986
-1945916770
-783095074
-11330694
1348777500
764828940
1813525898
-369612775
173157649
-326786788
261884287
1671345257
-508895873
1534156567
24836368
135230306
549951132
-543934301
-1182813933
574528025
-1861547844
1565408528
203765919
-1950671312
-1169451858
817237745
1687611670
1932453775
2113940837
-845263122
409559653
1413736787
287780826
1258708952
825753482
671962630
1441289521
2110445566
-1593405610
-883727600
1113662234
-1092930626
-570469004
1796427630
1595768442
2139069790
-987654231
242000289
1538540617
-342696420
1375026012
-615526168
1293552829
-348009341
-409192615
-1210987088
-843416408
1294126080
1306713553
1615535435
-41236195
59584948
528237221
-643793696
1045320026
-2042518902
-1247264285
1786658722
-1737461023
1089584780
-447419760
-1926308796
1969552359
-1052332686
1789219239
-649568852
-273489934
686514300
904139105
-269243674
1692603069
1796775297
8911031
1783355995
1690807646
-1905383610
1985326884
-2038234046
439206314
-1664772333
-1374596945
1767721045
223248344
6339459
-1025554904
-982910264
-1099263389
-1046572900
-1146888783
1399729270
1237636149
-1216404194
-190486656
-286064035
-1457535743
686817567
1504500450
1109233740
-2085396496
1247797719
-1742911614
-1944245542
-312002433
1001512632
960141035
1087923354
1391919527
-879408190
1096573514
-2041566580
-1146756291
-3609324
2035409016
531870677
-603504229
-1155182651
671625272
1318533298
1671027584
1806916596
2077524668
-211114838
-748920268
1641116701
-1193809298
-1905477629
-1001328657
-826624594
-49622548
891964534
878116987
-1041682727
-690331821
-1788825307
2082066456
990191020
1495418815
1612009932
1682654367
1184926814
-621684974
371465527
960611561
1881136874
1127428085
-39231757
747741809
-1071307295
-63436772
-859635640
580974903
1037912700
1369400525
1299211366
-1329649177
132868080
-1338238046
1461146589
1832342074
-1197480442
-1411638388
396864338
1214736284
-571594518
-1102265829
-541146769
-631515121
-512955838
-705117955
-976832485
-301345458
752521090
893409220
991767787
138456629
-1788866178
242542060
-1894777641
-955458977
-396211904
795679003
-1120530640
885890064
-1319455205
-214484054
1653955537
585653333
640553216
1422092132
1583784084
1360209258
1476935951
716677260
995785224
836886363
-416643728
1463557412
-1135946912
165163757
831645796
-1632748436
-1233198675
-1644415298
1143558038
973927080
592911951
-1207678294
1302052279
1842982182
379188393
586990960
1443928393
274002559
351344403
32004245
157617337
447628060
1521659668
1017663111
1058198451
70450684
-1391403824
1420297990
-47838798
-1526706765
-1300416065
77157823
799591893
-478649931
-508210529
1128638265
2097467385
754677716
1690848427
1666322420
524819203
594115079
-709547507
1192405455
-1422151555
1979266156
809787792
-898899030
907004260
1228826511
1605811609
1401333579
1917505599
537410284
1242478167
-939099771
-1847236493
-380251214
1968749369
767490198
-11594027
-1221127223
1621761952
-438805295
649879425
-78920426
1641389781
2116607868
2111335657
-940329731
1968155453
1887644667
-150891472
359040039
-1901331253
555237165
-405189960
1191556
-255782219
-166897387
-966434567
1040945043
739613802
1363993789
-1249274220
72115936
336002498
-2069661098
-1233265753
1714331854
911696503
-441950301
441897827
172812182
-926608173
-184341864
-235181094
1273806991
741608363
26634814
1161535261
2006366639
-535960693
-701400615
-1469468282
2026203985
1242281778
1172955723
-870809263
-1109634504
31492928
-497095238
565623665
1260635603
1148338477
-969911952
48761249
1838649026
-356891267
1058738691
-1644524104
2133451160
1279683889
-994179659
-2132263359
-736798
400930432
758749469
188282954
1995444584
-1651253050
2113190406
2131974780
694341554
-1368256579
923470998
1477950827
-1767223859
-104206870
428265138
209837359
-1638245809
1006371417
1573588385
1338181683
1701161367
890318219
783880687
1318053708
338558553
-340622929
1097213331
2021274381
-951069095
1841949200
652548179
601877081
-269115530
-314485297
-1074190745
1669258808
-1833256727
-1669506607
800990556
-1969969426
-2048473906
378240506
346823483
979392073
-179434012
-372528742
1562026986
459045691
61605264
1012884263
264947921
450710183
-1692852697
-1625237715
272903872
-1004011137
546145644
1502534273
-1673740785
-2763762
1299612503
-1774560324
-1190123258
-1364853102
1987871000
1595209703
1757344895
-1962423539
-873202597
-1027103117
-1958549814
-404840356
-145495348
1932767339
897646800
9399944
-172994084
-793811220
-788568710
-276296613
1239422661
2025016532
-116927661
711350838
-169784628
-658266184
423990379
-823247326
-92309563
-223499236
-914880386
-1487221468
175354076
-588334883
-1614729898
-1199032876
1399745425
-1131457038
967428461
1580810288
-1476958972
337832531
-244638507
2056550061
1628444530
-1724359368
-1549255588
1797409935
843678719
228005510
-4228373
1079432569
516314293
1332155014
-1400994514
-498671033
1034853068
1511652567
-1970662535
919705371
153791787
-455702875
661935593
814010037
1347349294
-1182372837
109805258
-1424761080
1522165674
-1933910762
1629228856
-1214409975
1749467181
-1046332134
-310851064
561475017
138912905
159739529
-992710424
-2130605370
515691155
-1829626607
-1307070524
-1234718851
717326888
-1793410202
-1046488469
-2023136701
481344880
2001479729
1769562226
-762570156
-467304090
-572248505
-848094376
616029484
-1166835049
892556318
-1735009558
-579871467
-173309399
1248308860
1750979560
-1495405311
251404063
2051385968
2076824809
587259289
763326426
-2142305659
187590011
-340060267
1753886690
-28880075
-1946602610
-1853880499
-1969650202
520684188
-9211119
691285392
608740865
-409702547
-78113827
1321003444
1971835966
-1183933655
956101074
-1275440914
518163294
-1996242035
1646027583
1689691875
-1254437928
1561698123
1799276935
-1396946050
-2076453088
-930860547
-644216832
-285462012
-685319381
1631284054
-1086913250
-121883292
-1732226509
1560216986
1384880592
1130749395
-1706222921
-898541745
-1061579991
-805082216
855280581
-1723265996
160016963
-1979565276
-1929574021
1265957234
1413715551
2024724069
6610378
-1456701167
-1695376047
424691547
1969314173
-824297299
-927447526
2081259498
1554415993
-53098648
1573196246
-1256133902
1294584902
-2138231006
1655267032
-1081378148
1991160782
506262759
1529797139
2142881783
-1864097949
-2130584407
286073531
1889736642
-1151342074
1390816302
1859290155
101931147
1674971365
-939022005
1434708489
-1605472776
29169189
1028835154
-637177177
1363959140
-1855306782
1063172040
-863026260
-1078775891
-1060439181
624775771
-628587277
1353489483
-981291790
-917698542
744269234
-318582363
-1416129798
-1319479866
-1552068642
1087434399
1833004722
-1170118192
50703822
617152887
1813610506
-1592266493
1838802462
-304439343
-1843708348
1207058140
-144182827
-115184625
-640052042
-2049555208
836579530
-809755674
-1455118387
-1818096187
-772382653
1704317998
-174561707
-1848463748
138794974
150793720
-1043567882
1081336910
489042100
-1282836251
660730369
1380962525
307083962
1099894453
-1275795604
-101086739
-1084660629
680447006
-1195290341
-1849397157
1328281763
814711518
-190932639
-362446259
-1972840754
1694398739
1225162181
-1373954902
-1239447231
1762413002
2010490376
-485826612
1596972519
-291587371
97527654
1716300660
2034525472
-1490445344
-1647020004
-451615234
767261413
1615725254
-968124630
-2116058411
1639267887
1816164640
2114808922
-878674904
-855696743
485224223
-1008950144
-1139428387
-872691645
835749787
67997186
329347014
1597040122
821727595
-1893746278
198436114
-367947371
-597736970
977953626
557680389
-1171283295
1135740170
209184752
-1198846741
-1770820800
1620997612
-819148245
-309894327
362029901
360732079
-1214575427
-1414595498
839475652
-1099689271
1491788866
-1161612375
307251297
254784995
701367681
360954162
-1125825146
-1900197905
486740976
1218393966
167612513
-768801409
-490539907
-884234026
-1743142067
1642525525
678037643
84545688
1983723641
-1884772298
-1605659334
-1138718071
623643847
380985347
1438505707
-510597543
718007542
697019401
626106626
2030125575
-975040254
567628951
1997552109
-932227177
254478794
-981778480
751256421
333345282
-1787869965
2014343619
957982452
666582382
-16684276
-2023458376
1770102454
-2001738081
-1841169422
1849614540
2112340579
-1403634260
2056637814
-1639289408
-533766004
2061291509
-705474500
1800425997
-581392348
294595924
-620445979
-1420782533
-1663211966
1350618258
-417621136
-1173992590
-1309320156
-576896228
-803987747
-801406895
-1044680330
-1671969803
655195923
557434621
-1728231724
-27321874
130428675
1608640125
823323789
1448775957
-608600820
717627717
-1800093270
2097644394
34485153
1078457104
-1600012498
-1705607976
1547444264
712202226
273200030
-358471069
1028170789
-1956712275
-1194642749
-2096527203
1960359063
662280258
-589742675
-1164311202
442035106
-526172469
-28252421
1066240179
761434221
-998761080
-545425574
2074843414
294566221
655530038
-1450846645
-1340338465
-1151931358
586768295
-1873659096
-1024652550
330621185
875866511
976054888
-1368054566
-1893119213
-1998679653
-1696201951
-1479146579
1022086076
-365955129
-1955028786
-1519200559
444888062
1061974000
-392964782
-479108730
1362196512
-467331416
1741897532
1116966371
595720586
-1141678263
496975948
2276110
-726070541
-1253429428
544413750
-612025689
924471997
-1496524069
438527909
-1968590460
-193728609
343987875
2027642754
-1728360541
323978116
-1213713681
1613176949
-531819684
-579958606
190854130
1254493867
-1755739178
-1345039058
-1205822621
1483218394
156749499
-1813876641
1693284175
-1557833343
-184707793
-500031759
802589226
1336880500
173126653
-719304452
628924454
-1120980329
892429075
2024742500
1644586439
-1363180567
966658096
296951170
-898395209
749002692
1980791003
225927171
1289126870
1597184354
1919543190
392122896
1844020117
-1127702877
-1226182573
-1043712081
1274443652
-2016012788
1897166887
-1797315480
-1352883160
95639827
-739683267
-2027009749
-647385070
-883732839
1081797644
998161521
1878537004
2113694135
-351253812
-1695670112
-1466472619
-62664516
1657951269
-453391181
103075376
-622497674
-1781854167
1583307546
16375865
-906788943
1274626692
-834878754
-1990387432
-444844292
-1045839630
-994681080
-821627591
1097646258
-697615120
-1444181949
1015067804
-2023447240
-100109130
627614912
1529607913
513619843
-1757413533
131060313
-367033145
-1237531172
-1548736390
1616875256
-134817171
-777678105
1491111565
1351680826
997672824
281860832
45775159
-411184306
1103542271
-861509336
-1889789362
1599576611
-1340245276
1970635264
-498979239
1866035906
-1147299476
647767187
1283895360
-1791085577
-510684142
-1785861831
1554682946
-1102298569
-1376937833
-535035911
357285418
481434557
723748189
-1918626992
-1836603707
1388118773
763055605
520360752
-52534130
-182097122
-1542286090
-690934709
359730091
1489177386
430935824
-2039451760
-1783523044
1236581096
-1768389792
2039737845
1800002865
-1102676380
-1292731131
1753697399
-1688069827
-2019400819
1147208178
1189287006
1439122568
67048984
585753349
-269597755
-1275319159
-1547088476
-709002919
6939225
2034230356
-881624545
-239803177
-2030395807
1246181201
6902375
-966975469
-987712003
-1794239698
123414836
-327221931
-1292980046
1308695830
1861168180
-8298252
-877417179
-1089542622
572846455
1929661674
1372997414
-1707904241
-610666739
350785957
1885952496
-83358927
1688467693
2061580315
-1445715282
-586382680
1260405015
-957810400
-528775359
368997328
1696945661
-658024965
15893824
535174141
-189355233
24520246
957615424
-456667288
1299199988
-1997427019
-2067214764
2036611171
1830426896
218797577
-1000360489
-463415852
1416798082
-1049474555
562571112
114650336
159347326
-1951421806
459878709
-1043176986
-560158917
-1842147905
-2008989572
88026286
-611650786
698216732
1471027791
2125421538
1445747736
-1211896761
209001623
-977282116
-374273205
-1641039673
731908954
-1099598848
-219404813
256926488
826469952
1144041773
-1851600765
-1222641402
-1383873966
1213902062
1462091790
-883537602
-1228602363
1513187798
1420295656
-1387296735
-597666441
-263080371
499892621
569896411
-1200700168
-469251388
-1475836736
-276127308
1794144203
-380692689
874231287
-1358723419
-176308948
-1342377036
-974672650
-452412114
684182933
-99014496
523945401
755625574
-1395672516
-1138589286
-449657450
-425675693
1981698272
757915674
479129251
2048832379
-1917847611
430539035
-1316657836
-756336197
-1963735555
1535207950
1641466984
370898518
527260648
-936038126
1445280518
785227600
-25346051
1630835810
-1606291165
1770035197
-1446263863
-19688178
-243831258
-1188631340
-401689289
-496367378
1410059725
760035464
413294610
-1551509549
-795766959
-1248246183
653435848
1172789246
1482369736
1030260134
-1925635728
629308885
1690835146
-139877689
-622737906
-231288109
-1385680809
-126461671
1345795349
-1986304064
2136768247
-458239399
-619915476
-379898334
1563098915
288433973
-1623944907
997303538
28102883
944821536
99248010
-1772215149
-250292040
1587756389
1631621513
560010751
-628692805
1417511295
-1740979886
-12357309
-107620347
-908504922
636462031
-2075271379
-612291503
1261402797
1442045172
-1792329150
-1099875872
-253207541
-222165945
-1749177611
-1418011236
-1654753482
872900002
-1951608042
1294087552
2019610423
1257605688
-773407608
-576324810
-538454150
1580518869
-139165897
-1059887871
1300827366
-1911258007
-828452280
-21188387
342002733
-396790842
-177341295
-844448285
1291401572
1104389544
726915146
1011111922
-1994830635
921753078
-1140466171
1332484491
-630040300
470876487
-1518834981
603981821
-2136662449
783734695
-716458521
-642495039
-133513494
-1442441319
-938596104
-604719321
-1226692277
-2019682976
-1501622143
240047409
1409927921
1107227258
-1606953260
497085118
372826315
864831852
382811791
-865597462
-1777534777
-2060955195
1140674646
826931124
-1787463512
-1517371300
1734733762
563995618
-313508324
390522843
1907051416
545313569
1135062029
-361177727
1071422781
1144087919
-2093762249
1516873250
830008169
1497395901
-54209542
-266424461
-1985166309
-1009094705
-27742351
-320267900
777855436
88587623
520506818
211653772
-203493401
-1929362015
-1276126281
1615189740
1849549431
1804667808
-566349427
-748359826
-538143454
1347981674
2115177740
532150221
753083733
-871811056
2140952791
-1980699783
131120064
1596915218
1866732805
-981358950
-531121915
1206403072
-576867089
443109717
1687386539
316104548
-999618997
777435983
-660478632
-1823640609
287307129
915827567
-1143325377
1678535313
-2014461156
1919641575
2147343830
1593915326
30637805
2044590707
-1035540532
1832713902
1371200459
-1946422045
-66845638
-1552002093
-310005483
-1120257577
-273696744
822738225
1902230844
-614494775
-748356878
950326522
-1426227821
2086466641
-109443878
611758712
-1735250071
-386392669
1193641888
1874361647
-1973137831
527476827
1721878336
-1433547198
-845339681
-1114555524
1099187611
-1215511531
980761646
959036598
-667421334
-444797901
114349121
-369088793
401811567
-1392482446
116167984
1293534435
1885449452
-9917355
1355428036
-552151944
-523317672
1546292145
435270477
2121717164
958541136
1400593298
-887775566
-2026108344
-927096117
-522490786
661988040
-1681331815
-1954962798
-1376768965
398001895
725257333
-1495215890
122854574
247273659
1479497084
1050853282
807206532
327234647
-1944495713
172033563
139253748
-1952826993
657476838
-696702747
1136441605
-835943802
-1005652115
505480289
-37002707
100577157
474248879
-11358539
1862021434
-1026761714
-253636858
236979459
943126645
-336490192
1670418802
1691703260
-921983996
1106970909
-498624103
106294007
767578512
-954689543
1702832142
1486109725
1161215527
-659206668
118873301
-2032974489
1478504034
1817323162
1798067750
-864211284
147141834
1073961321
-1672120463
-2060508620
-149357961
957980579
-1512727390
-597608272
-2044334598
179929958
-1316274779
-1039355794
1482423420
1336937465
-809515476
-2128485432
640071974
-671786136
-305683025
-876432675
-139192637
675483986
960814004
256726147
-566585436
1244497664
558859344
1653523067
-2070407228
-1702086470
-117692179
-768396058
823170347
1676603477
-1745888948
1442734328
-1668900202
-1197308656
573460685
1807511275
-1124257705
882984097
-800150546
2121784117
-741509254
1895324041
1493660177
-1601194244
-1443343575
-252919120
-1261766783
688716745
2023670865
-222318547
-667329610
-548608388
-13509756
-1415882396
-1296193576
654413183
1452631329
1026465877
-11903
552150590
645837745
-451996109
355313095
-1246777898
-1559548780
392049972
-759635847
-1217009396
-1440711972
279438247
-666307673
-1632374912
618826872
-339897270
1468220263
1071429153
-2018919020
11704285
-1019946538
1133202659
-1666853312
-1487703054
-1214982307
844743599
1224785487
-491039993
-167304395
-1022563685
1813908353
-901258794
255533100
2092917083
1925369316
391982570
1106930088
174696950
2126724726
1282431349
1471667436
684470972
-1115016177
-1175898016
-1842384230
1855687542
2124972669
-707253596
-2090095496
1344158175
-36132880
494847960
1670224758
1584324947
1942318232
276770826
-503266833
-2037599802
-1800906612
-563145263
-896248273
-661696009
96412653
-2050435678
646424885
1928509668
-1058699957
1745235554
-835734087
-1807570304
-1164770746
-1890226371
-172483729
-2051748958
810722936
-132960587
-287176051
918257985
-1228618606
1614798589
-1228414069
-1685385506
-1130814012
986305416
-1982558423
-2110937023
-1242412190
284789724
2106184374
-497391001
1468573380
-1831381077
1738613902
655257530
753855341
-448878557
1220986083
-2061077630
-943267986
46441092
786898624
-1020610405
-926396916
-1193490445
2080552267
2070292328
-42860384
1979696782
-1560469174
-1518545145
-933830210
-1656371265
1881137895
1464169925
1954000537
-651767851
-1890448457
552355028
3922598
925434576
848430328
362650427
1352829310
174973563
5174810
-1822350323
-1284586744
1485625792
252940160
-1045541923
-1650440745
742041911
-221495929
-908750480
-860054576
-1457354497
1276053446
903982516
1669485839
1297028049
-211050345
357484273
1876593930
-338800814
-1775343402
1646601022
242949623
-1424136793
1063873512
937954869
1257121387
-1784814514
-205350913
1201726954
-19282621
203396140
-659114341
1280934680
-1951584313
-140034335
-1124800173
1222144157
-192510453
-783551133
-1485918507
-307976664
-579401320
847883210
32814122
-2072135120
1870764620
1728134760
855176766
802209575
1611242878
-2020920292
-57477217
-1333706769
220640101
-1358704153
-1251275131
1843466124
414441145
1619809215
-1493299439
1378410523
1614217882
-697934173
1274729945
-1938893565
-98051407
-1790181393
1435465380
1060602985
-1075064427
-881340943
-812379279
328276969
1095653743
162921915
1037934526
191863938
278112992
823165498
1893929990
1845256657
-1883369951
-1103787897
696505738
1694132353
-1770253716
1037624701
-1956227500
-1367078911
-558344294
-800700278
793915768
1769870200
2049560076
1868777418
1129924509
2020054517
533565647
-1229088431
836214715
-1393779221
-1021198853
1513295304
1787432997
169200603
579531099
981868602
242742218
39163986
885278034
688598832
-663982153
-179337962
550764028
1237824250
-595587873
373599644
-1493351789
-1893857969
-637818338
-1026266436
633964819
-927625704
1474955899
-1854472793
717920289
167274888
-1640135763
-1694271976
1566589736
-260252817
-1748791072
-906934327
-1998895931
1363289040
-1938272840
270091048
1023990628
-1576171344
2087198101
-4135606
1858669611
-1146246864
1097728793
1375089439
1611378710
1337421278
-704549914
-1041132569
-307318942
833694279
-1993444180
1721130725
-461762769
-975846448
536865122
1602359377
-1021528736
-1904187
189957586
2107988370
265750213
671279794
-763544997
929136812
1135526780
2081624817
-2018346766
416793334
81380756
-309428092
-1229271447
1371516689
-1530690062
-109287388
1911114739
-1913345515
1575717752
-2060466278
1613661415
-331738100
-786880413
-106503860
1916216516
1522057123
-1841092108
-1926341350
-405839499
-1984974562
-363831726
-522902934
-761999915
-570599284
633345198
981155713
1268011124
-1513768132
395836328
-1239977452
654983835
1288519791
-974716432
-1636555490
1616313229
1667700046
1208163632
-1604454412
-1868936177
626088989
-1599988951
-129293674
411872811
1825086129
491512092
-484160697
-766169808
-188802017
1940307306
609001822
-24688132
-1027851850
1241821054
378556766
275013500
11714350
228772330
-2005031356
623922036
1750916640
1283068624
941517856
2032230267
1201628345
1016301187
-1823709209
2121260617
-1352848470
-1782112147
-97191802
1216973109
1463742306
1860701746
-28494534
2058486264
1753417855
-622956267
1782127902
-1902050122
-1423198335
-1622060646
-1942115323
289127999
1662646208
-2088130195
-1644238710
-510213487
-1592914529
2103551874
-423084188
-717068383
1969636354
-375287172
-1699823618
-1396996006
-1828221699
660467026
-1782444474
-2013858843
-1084032563
1627439664
276438469
496897323
1413889547
870463386
-958592529
-1409851753
-128667106
-822946857
-675700805
-924965344
518621425
1010569868
-1039635338
-86499962
1593519333
-299749210
1431201236
8979163
-39651319
-1835249027
1945730888
1102554436
1399569288
977692726
224444565
2115009024
-558052766
1367503976
1838592419
370015657
-1193378977
-451602175
-1261031530
1915708858
-915384769
2080607851
339672860
136996433
-50831307
607611114
51949574
1162678325
565590934
2026819655
-2077776358
1964051225
157028045
-1639576142
1594448678
1395765281
-2114296174
-871263260
-750113192
-576010074
1938523995
-1156717180
1127765197
-1256327882
1969086994
-1768096309
-123945113
-1250361122
-161177593
564076394
-558102046
-1114135382
1215330855
183446954
-1735473367
-281051284
-1614655634
-1125583915
155303654
561857980
965488282
-1157497132
1560539223
710307392
604817184
904129817
439447144
-365765075
-1925417629
1543592126
1279748349
1201035789
2026004003
-259211282
-1812007026
888782530
1851477299
1598754691
-944670471
1494238922
776162158
1060221936
-570254190
1942314948
214835179
-1973791647
2012833919
1409537074
6959215
-1378575328
2020790595
1545555327
554464547
-1988053446
1919792791
-1463455164
-1128565882
-39624862
794384768
-252959546
-707103580
1401860628
1334615965
-393828925
-332043640
-1496772355
-761415743
472096621
484522222
382587801
-1061751871
-315466570
-1509206723
2098829598
-494998642
500019406
-1643187789
1374578072
1878474117
-1949347095
-1881856031
1650060629
1897299973
-1378438587
-991373734
-1379224958
-1709754302
-1239775637
1459496359
-953755371
851372632
244096948
-365369219
656528622
-528640349
340507662
-562279631
431773240
1484208205
1977050112
1002538603
430708757
1166940455
-1942613013
-216364775
673150330
1486753468
595473809
-824128089
-936712106
595981475
-550064677
-1746940308
-378743047
1000208405
856425174
1045286247
257315763
856590526
-2069668354
-480451798
407745212
1533346519
-1205539137
1314490645
197794387
1677747828
715878712
-169143609
-2032832216
-977162214
-60891839
1448987346
-1655419138
1611703956
-740523601
-937056595
441045900
-1694551546
-974188586
-1723611666
-599291996
207786050
1539136335
1881682104
-342381417
-749012390
1723781626
1246529905
-944595498
1144491893
1227944006
56337848
527837404
-819095322
-205965905
-1232780650
-1382023349
1412922234
965959048
1776044019
-1485133995
-153032175
1818484730
-292466870
280923741
1930112367
-607977652
1338139040
1134502365
2030933331
-887823005
1471422641
420876938
-1857853751
1720161676
-539504788
-906156619
-430318660
-296241543
-1102778974
-274122509
1606813647
-1308002167
444881657
-255894528
66303596
206773324
-554289882
-1087953696
1497077276
-1605706426
1794827611
-1802788282
-1363131111
-381532943
-543485699
1980665913
-264826079
1289038344
-1812897383
-1142443275
312118412
1515380738
-615229416
-790332401
-1055776096
-1878238500
745381682
1717198299
-902068956
-1233499365
2035257632
-1520406255
-877166286
-1092979183
-1401887595
-1941221202
-1247446703
-1223438754
-2138983186
-508538857
1188416194
866455737
2022463911
-1830588540
1982641178
-228988688
2114437393
892711579
-1825271536
431940397
1923629633
-579879589
-2005434472
-1978880646
-552134069
-497099973
858112560
684158342
1434978480
336123026
-435195016
-522768727
1386725140
-880986567
1867341576
2041228325
-2016077772
763424622
-245492867
692452270
-498972138
1723558395
2134475221
1664277547
582649729
1222279318
808369660
1767943358
-191118161
-409667701
-1585138522
1482575873
-1621388480
-389457000
34597471
507019155
1474906482
-1770951913
-1937991712
384521170
-38868849
838888802
288208803
50201577
-2062190938
21306482
92723384
281813516
1049149309
1666057417
-1249916199
-1620060158
-2008960827
1784250258
985561020
-545986589
-1176648305
-590828795
-479953496
699692323
1581069567
-1667300080
-1350344885
-1137321522
831051838
-1316058061
-2013045559
-135197676
568064949
388663979
704006680
1829984264
-2145546377
-304517166
1729164938
909078948
391604990
1405115333
345700779
-775019760
1787926553
1902723399
-1496450740
-714794205
2132990245
-963722780
882556127
1091412009
1791417978
2089232473
945529349
-1330828569
484302632
393880882
1784759909
836644315
1077971171
-735891019
868186815
-1241019193
-1974568133
-6505218
1871565632
1106610288
-1282620913
-1345419413
271608087
2016354979
-1047723197
668717113
712155464
-2056307080
1076712368
2056534383
1518800063
-279379750
-993269924
1605666298
1016903079
821245254
1208553706
-839739879
753626620
1458485970
-312130476
-2052962821
-417467554
460864880
179310806
-193523035
874118184
110477171
924337709
-2067748583
1016299969
1226094418
-637748991
-1346452556
2144984113
-585775700
-811574626
-578094633
-568163593
-1399896180
-321153046
-203594295
-1249999079
1408256237
1309684627
1239106780
769989243
-1851679872
-1069281401
-932383283
2089728116
-1699015252
949655977
780859760
-159267938
-1373684267
766234561
-2050500212
652913901
697296352
-357364045
-1219028477
82245634
-1401783561
1031741683
858757174
-1492406079
304287113
-2135932872
-1410728793
375727648
505501076
1130888815
-522050849
-533266878
-145541338
693783026
1194105745
-895420477
692882208
23986425
2002758910
1035856981
-79417283
554616912
-1673431653
-31987573
-262494126
1715018058
-1688005390
1202023668
609666518
-1520125195
1590361797
254880876
-1488900699
-100590962
-196158344
-1672553555
-1315983104
1668953911
912236720
353691180
-2044869672
888411366
1494266166
1341922338
-1757441205
1045818016
525159201
-54284824
1292992622
-920813593
633177396
877201543
-453115059
-838439567
-1123117948
-701995121
-644859345
1628976410
1114126174
-218877913
642361630
-1553373926
-317494681
1478388069
1637215653
1947548282
838126595
949020128
-413177125
801404611
1522487802
-945425790
1165242784
-1761518343
-706071207
1694277282
1746577702
714738119
1337931926
-71241391
220838835
567515899
1921297398
1488035827
787516324
1935923763
2115556403
749869585
309720244
391012056
-460679336
-11469202
-1638376066
-1206035636
194352112
-1701294761
-1927635648
-54687394
-391772577
687729727
-416089631
-1664620026
-1200938865
-593473910
855474740
-1233433522
-901466162
493115305
-1291630466
-1152200819
-1790743307
-683226522
1646018869
-1924803365
-834620723
344250752
-1458976246
-1768877120
1594250927
-312169094
-695984855
934266414
869494634
1788867503
-2120928065
-2044256335
1090967144
-50345302
1119871676
573932516
-1265266925
-170221644
-1290133287
-1264963546
1886765172
505008557
-1116873508
935414926
42804509
1568025887
-454834917
-2081712101
-834923191
-419981936
-621815490
464004144
-510881983
-1279954921
997180231
275370814
2124341760
781886257
1986477271
493457090
526638617
-590790700
1120339113
346122354
810463448
-479778876
-1586550685
767302322
-593048152
2120107302
-1285183859
613915724
-1631286860
-1859115182
-297358111
-1011827872
1309232591
1285953773
-1903954236
297333657
-1240563048
-1625029835
1281167380
-269028447
1553242841
-1963609442
382894116
1277527510
-1603411921
592662686
-76406524
-745811907
1362552304
2136155845
-84203771
1095049143
-261568952
1724645135
-1380148101
1314763377
107974053
1770829181
-1619438140
181220769
204568660
-628961567
-842489463
28240494
-249960852
1202923769
-711247549
1017292335
-108713494
1250236352
16791041
-1321131560
-1348955363
1393656831
1975389543
1128352944
-1419485372
-1842553047
1812978425
-1517054393
-1260163723
-1443102616
1125611929
-1886166105
-45687361
-246333709
-224841394
-255974455
322567827
202399138
933100870
-1067272374
-1716704161
1739398083
-1478119907
1588797278
1618773883
-406749394
-689804193
349022212
607233096
687221654
-359964853
1760690555
745380246
961043234
1860991962
-1234567948
561713478
1365134395
825606143
-1124802424
-2023866576
-464242521
1047289391
-721451412
1102242374
2138646998
1661246755
-1008551070
-1509510151
1125400188
1339256795
553947250
-463410725
-574605985
-1305277978
558928857
-980570747
-1636544143
2032530400
-314170046
-422662470
1932454689
1408787516
1310415155
285225932
614941421
1486348355
593895369
273959998
1202809147
483748188
1269080744
1874594218
-1135063191
1447475853
1108938284
-1171201307
106911266
-54568383
-352568860
-762403488
-1004671757
-1415412661
-816978881
-1563387696
1287460637
-1831129045
1254126983
-880101103
1728571820
827832206
61439503
916597319
-1015195960
-1799692005
-37788760
-86619322
-1335698870
1020023660
-134221223
-86111693
1920785298
-1857112998
-1012743090
552820587
-234170217
646051965
1219867920
820056739
2129833535
-1409505550
-600779786
1967468111
1642566128
720311646
-164460069
989644104
-1475440538
1217388595
-991173104
903081640
208381382
933307186
1154500244
-975234056
1669317363
1156724272
-1608855678
1133587853
1529959456
-558239204
-2115017270
1005840686
1889410215
1239532095
-1685839581
77510394
2014215192
454690246
-551851712
-1839085432
372207763
-267090563
1818636865
-1269166513
-969282982
-943062563
124324972
293904200
67323041
-209969848
1568013084
-1087473967
-2074347608
-1384831342
-1367849223
1426566356
-18950133
1922795459
2062466920
-965768152
1805940568
-788079334
465837893
1644243767
309557730
1143011413
536643791
1857972960
-918555180
1052595247
-1607840541
1538359197
39399304
-1053443030
-2012515987
700147944
549865241
-448582514
-153834725
298318554
407350070
-13226319
231063122
-1039770091
-545495751
883045751
-840008859
1565469156
990351991
1472445980
1892338180
-1899004768
159620825
488716592
382695410
60995157
1859523755
1248002019
-764887302
-629491292
324015539
-1168189054
1216788003
-1592731926
2100613509
924308801
417538594
907527585
1258327317
1866169402
1928288527
-284602362
-2023747699
766615477
269495644
699438332
1316063329
2003060650
-608627710
-1812200400
-1276820833
297371011
-313067012
-273647492
203798923
-74371291
-502366984
-1924590448
-49028501
-1623931343
-732398772
-1343896113
-1235370082
-2050486394
281227046
769954166
1665306867
1890393866
-1731376889
-52424701
-520538825
1261886378
-1707885198
-1634747692
1797427471
53559198
1096956384
749531149
-1141174520
561436913
