620775862
186797890
-301043995
2023541346
671098779
-1937987095
-788487820
-1795827167
-879173062
1970447794
2074926000
-484498982
1270511902
-477171312
919195829
938833126
-1152711173
2013740131
1279041503
-1001405389
560819239
-1486413479
661738328
1691745096
-1170273465
-1898776943
-542886927
-2080757370
196176205
-1470733824
-1857288651
1166310320
-1342175327
-2138253160
-2042460997
-1691956820
1385289630
-466588762
-129389636
-577454966
353960511
-1375893381
1013033444
1374277829
280688409
589336142
2018282092
-537478967
-986319220
-2142478752
333048936
799269813
1436060469
971459169
-429499555
1915694177
1920116390
1622017298
-2086724330
-1813580638
-1146137255
1610774827
-363558729
1147482316
1673608673
-837375362
1915894546
-1032771720
-1849991327
-1769863845
-86655943
1037494662
-1148009662
1473364022
-1255052717
-923810203
1012733472
847983495
548584883
-1652080495
1059806212
2116111345
226507302
159139421
-1520487464
1020033702
1167368588
-684281102
2051825175
-1136211959
1556233129
-519742569
1692367555
2103700628
-1660795076
-1527173838
639513244
1234670587
-299767727
-719970802
-807125106
-1174786415
1730095059
-1107626019
-310114198
1904145643
832428132
-257081855
1059636185
-502005310
-435850127
1665577990
71521932
-1131436515
911624576
2081835123
-1339400008
-1545839697
-539654964
2073978818
-1985401151
-2029586051
-2053835502
133626795
1505788213
703139523
1892980141
1203346088
1519869947
191072280
-1115080992
-670913611
-322343733
-1866726704
1110759282
-797277608
-903649056
1508995745
1878164352
369473248
11919852
-117244536
1935723662
283918065
-1288619444
812528109
1446194910
-633664961
-1694662531
-103286011
-1528563707
-2044975208
2025048525
656799607
-511343942
35501608
-674888619
-1669065150
-1656038415
1059071736
-713198554
858562013
-1957878488
52990647
2034716609
-108592737
-241940481
-1076090947
-808833075
261368161
247385870
1664480332
-1967766013
82120545
-200411150
156799256
-1074950292
-1178412952
-497528151
1148284937
1388344782
368953903
-306806241
-491007170
483300451
-817183746
-589106680
2131603541
-1998416948
1030561174
1333695984
238617577
-1407495868
1172639825
-285604465
389044571
539215128
-1984360826
436439650
1837468373
-950117290
-1468879566
1062204022
2043018636
16759236
-238156844
865942662
967302724
-1570762220
-1104894313
-987008696
-818929127
-1148610731
-1165254986
-975618557
1513181051
-495081557
1127089435
-1311300507
-553692295
-1844333758
-756800694
79516562
-1741363389
1642073471
614547069
-1761771904
1948994025
1004019064
-800034545
-211074175
-510832024
-1396923994
-2091174371
1026226465
-310698521
1721105113
-342193303
-754977743
289660477
-1576422805
-1675768446
-1963943133
-1441821513
1290252216
-1673481695
-372778344
-1171618537
-1538207539
-1791228714
-1302278345
1312902366
-1360930210
921897443
975354048
1090194126
-225905923
477735784
400591456
1900376745
425401737
1106105535
-1850692538
730671423
337798884
-1308581847
176603765
541713575
-1347110168
137509545
312642780
-352990004
-1095854950
2005770800
1938044067
-939794389
-1691615840
1390387705
-95970617
-1902026534
1053659376
1563865398
390953960
-2119529013
-637635382
372217836
-248349343
-1095029679
961249255
-1888682469
-528386151
1970775524
1743453682
1305889057
-1567649384
343129632
-1936210121
471624543
-238681635
-12049133
-1596350566
986286620
-1316583315
1727556023
905973961
-552952407
-384502225
-2006511427
1303655349
-1297059898
1690391927
-332541044
1633230141
-405300156
-734820384
-1811133560
45736492
930969579
-1988989602
478121367
889153125
-1237188195
-749868910
1362721248
1440181084
469057979
544494688
559334357
2136576456
-611271738
1274101438
547288691
-87145834
270784073
1633451215
906623176
642167584
-901489418
-606213073
-512043339
36993182
251822351
-2137295472
-883437067
472014556
-546178041
-261348219
-2069627043
1335326253
-858769304
1862559901
1841230949
-1454863201
-76962569
75289524
1496533222
-632584593
1943967253
2052450692
1732571428
205736383
1368021351
204526722
-1032014833
1941057926
-1277861959
1335759847
-713145914
-838059065
1902485791
-2099218676
-1958039973
-1660852475
-441540771
1637087738
1961448669
-1425280267
-309024120
-452110527
-695376238
1842706549
1290619884
507536136
-1292981628
-1665069891
1860238128
491291493
-1041223362
-1407720493
1288733112
-1332749841
-1340604201
1664689732
1956819018
-1874398576
721878319
-50008560
-1098560781
1135086495
-1135570824
-389701915
2104905515
27151149
-1408903176
-2040918640
1939404855
-551914082
2134923532
-40490320
-710138418
2145646971
-785087889
1844913324
1445857535
-61971321
1863613884
874722534
-753714351
-467102193
-1131408079
1702661168
-2034916309
-423869818
1883681205
445780606
-670969738
906599504
-380848869
-693113379
1294966912
-774621730
2033562792
-1468201820
297627683
1926459642
-2060888110
1420947176
-1305273050
1353322339
-593436854
2076773172
-2002481182
-882001764
-507013060
-1387353479
440511016
-2067756800
1851310037
1785956163
-1027882910
1779170842
-730227963
1425210413
1277624568
-359803853
230082182
42053015
-343904780
903653675
2000159516
-284124523
-513323800
596867212
1101922845
-864302806
774058255
-667925285
-1582172621
1677394357
1040057265
2133033522
2055662688
-2011279957
-1316245812
2077431307
-1649856190
1283927430
-756068880
1278017629
1033389720
640334332
1875380586
1553138156
235678980
2063082612
-1653735516
799658973
-141621743
-176010571
-188096309
1110164616
-1132440968
268587488
-1969741646
-729297519
1914130591
1425308832
-359472394
1863546681
89014113
-638603105
-1509161631
1260854513
-235370220
1047224123
993193107
1625384752
-438166841
-1288780423
-1076365602
1472728710
-755602485
727693113
2067380594
-45532177
1179777396
886466987
-2071565383
-1065215380
252263200
633270529
1098786052
1810132431
-224636296
1491625317
-666316697
1688093398
2126445558
1403839277
190642912
-364639109
-594508890
-1755522483
-1534926914
-2006007158
-925384145
-271884019
1322342208
1560597875
-1416403436
-1606386181
758680443
1241385825
-412152521
1794219298
1711839105
1038064267
1404170911
342860923
1914729663
-1540418359
-515623814
1736268707
307485351
-873465751
1773401701
-2051532082
358413454
-1087833533
-705436694
1504179451
1855525334
279665930
773904201
-1771318936
-1071795121
-1909986843
-1003181958
-611768248
1269145818
1631739453
-714577806
1202607795
61593167
-468884776
-2123854683
783400414
453283488
-2123997146
1738657484
1694966155
1134734910
961135579
840287463
-125306430
-1086700101
1907198909
-1366133371
-2096976959
1280772528
1459169726
857238595
30400048
-762845984
1091507533
216994449
904682649
-693172067
-62022168
-878751556
-1526120938
932716394
-298724619
-972506329
-51690677
1626113505
1554027730
809881563
-1567776874
297250262
-2105072854
827852867
-586440315
1915490237
96844938
1474085679
1150807688
-1803858360
376185651
-1852290270
-822131225
-1801818028
1467554609
-491488055
413138677
1962235141
1523266988
-882585144
-241256826
279103023
906132861
-579218500
112451485
685559031
-1711810300
59390845
-361419927
-1181274951
191378744
2029535395
985201778
-1974982612
-557920770
1098767691
-52340465
-359271228
2076911551
-397211109
650055963
-388136873
367300148
-1901250942
664079080
682454275
1791372419
2005369156
-523310222
194668366
-1953754481
-1349028555
125668823
-1115669874
283818891
-1807069628
1105133062
680871818
457173456
2145585851
1449061047
65814881
-374019087
-208548668
1993851546
1650087082
-963141877
786518062
-1700007726
242621660
865124960
912226417
668069028
-322565136
733179943
372390639
90509419
-981784508
-1798647907
1889167740
-185046065
-1786821438
-2113383329
-1468391136
-1979185866
-1720969407
965091067
-1123229413
-877117831
242405674
1496732355
39554600
-203796261
1804738142
1745974501
-1713969658
-2111302602
49458775
1390618808
-64542925
454591862
1579199373
439737688
552071418
970047563
-1302674150
1976778868
921935792
1674862618
-761942368
-1554478490
1347529017
1179089972
-2057487766
-2051344509
-2079343151
1602990921
-72715823
-863370572
2122690824
-1221658082
-715632672
8533317
838889230
-1044242050
240583227
417112060
-959413712
816596845
-413674436
-17542803
1048374434
-685267037
1269442654
362569100
-1297917313
1884716856
-291232802
1008093827
689631245
1444280219
-747114337
-1287522618
-1535166396
-1205842744
-989808307
-207795101
647821200
-1368481095
1847641029
-1522838114
-1852643627
1541291549
-386118220
490702525
-1055614284
-165407673
1106448253
-1344057057
1734220556
-648747415
1022658912
-942058605
-2058686781
787962881
-1226211624
-1656570906
317431750
905498770
-206617533
-56578627
975240013
-382416745
-1580743992
1249165989
2138346083
-657833548
296441460
-1612646552
1121599141
913920558
769125030
-523724126
176074569
-1175008355
-326436691
972624019
964903522
1993004256
-490058577
-688226251
-607670687
-1926582448
473543884
1888861584
-2098839586
-913499337
-1837498750
-937556659
1200598936
2126253955
1672472146
1029856649
-1715481414
-753026890
-258482780
-2028752916
-501958816
924447520
829803239
-1666584327
321242968
388019280
343812092
379840678
860961580
455677895
2051547860
-2086506449
-363734176
1590166255
732865623
1469659430
172998135
729322571
-629120633
1801220559
1984083516
-2120232466
834493157
1332992682
1202027710
2004372273
488795667
-1567547056
-2015046757
1856610720
-1733698118
-477064062
-1763300607
-719639244
-2119044179
-439843458
-1816819214
-2100285497
1793663310
-975377772
-148717754
1888439235
1546732080
1922176761
1980899062
285094429
-1767774979
426941403
583356310
-755647615
-185876838
-406214987
1436871715
2137120974
-1075991672
112488676
-547619329
843335365
-538057843
-903703431
1671598904
-2069409540
766526355
264657487
-31132400
934998040
1582092751
1903383904
-1110883655
-550265030
613933093
2004541268
1584231519
-308853575
-1113624374
2021345882
-2108421524
1470818834
1184350506
1980750907
-1827279609
804224796
340467468
-2044926292
978599900
-11854721
1607429108
1213501667
-456315358
-807437978
730198728
1816536684
455275225
1642432627
1552970678
1595080508
1255448916
-1821282317
-500135340
637621510
1138520566
-763276973
70570504
366385613
-1671456960
1609339857
-706122583
862462906
135782154
284206710
2050477926
1634353710
-1394629616
661876034
-1443104282
796069915
-1924344912
1172491689
1968405425
-676882545
1037044721
-1508110786
-703796274
1088363153
2090407367
-1170408019
-1834699092
1265734960
-1328398444
-1779690257
-2136578491
883150040
1322802162
-1111226184
689424512
-118193945
757950639
-1000178126
-1945790506
-1514958721
-985652712
-396306704
-2019587528
-410703459
2080573050
1601783837
-1513362896
-1828694678
1961987557
1082765555
-1762058682
-1212582447
919247411
-481762189
-596262236
704546897
-399285432
-660972974
1845377276
-1919663597
65430426
1287093042
-138882391
1495292222
-1136260877
606403601
-2050492140
668897162
-2057097867
-1730282234
-1825834919
-217886189
1325636830
-1652170967
-517713879
2131231343
1312107021
604833235
-992301327
-934658814
62789829
1396963079
-1457521860
1999155344
-1434198096
781946671
-341438635
593320723
-485652827
-1677181942
1990658863
1241399246
1205282093
-1461095708
462774409
2123033249
1568687427
2134234632
-1082262195
1325290655
-768135589
1799339379
-2139604935
574750173
1163877541
1466767050
-1558879296
-1328000884
1804707986
695783564
-109302990
-1771986614
-1476861290
-746371957
-1577443814
1895850164
2062935855
-979741288
580390374
1993757247
186806054
-1044827011
-1595661875
-753017784
-1317396459
533397551
-85015315
1224721768
-1209687768
3847492
-156904781
-344526067
1255913511
625877154
1502324095
1687747910
663270067
-2060400264
712895366
-1800164387
-2144559153
-1418787214
1813669370
-534990678
1550130594
-1343180248
1989015145
-2104347866
-618676358
-1769590058
-1921212830
-1243610818
-331460588
-65943214
410473821
-2140767895
-1731824614
-394110150
-597763876
73236988
-972394260
-1099682708
-127870259
729751996
-1831789661
-1784726597
472855090
1634373044
1230976082
-880658722
887550467
-1563836343
916763022
1765030315
-1793619374
-1252987509
435470384
-986264443
-1330096208
-1236244275
-371754152
-674965997
-639810353
-133771401
904962229
1454535730
-723426712
443190554
-605633276
1455222828
-1798792866
2013203652
971689174
-764853719
1493687075
62598037
-1388860011
-1249716251
-1091210149
122405010
1776204488
2134086307
152659390
1515605432
-2085289067
-20369311
-273684670
-1995624876
175801479
1607177292
774797688
1671943825
496775570
-1672830346
-1010947787
-563677102
-763487149
1736549061
1990453621
1542824257
860568219
-765894866
-1229314179
527803944
-1071869650
-567185117
-139657921
-107548801
18990791
736916041
719103489
1644067653
1787913055
750912622
685775167
1027287059
583483310
454354106
-975441968
215194989
-61085455
1790606883
-2004879544
1138353499
23592174
-452677850
-1145038946
-601453768
1590870581
-860506445
-310153459
136729545
-155483993
-334398360
449759294
1212342928
-1006543301
-2101434366
1788726950
580903010
-286931969
-1923269616
-1376738003
-177506505
-1476292771
-1394628632
197772048
-1600506048
-1014656096
319718623
-1791870201
819181887
-1757204555
-881954125
-1508323159
-69823982
-1031668683
-1354578100
1178763279
1139764111
-2089560670
2011104676
1741249464
361256599
-748108048
254038018
1091626156
-1802327451
888707143
1109870957
-723173149
-656472793
1987053063
-657581472
1726804966
496779727
1932256268
1174244537
1659567542
-764446934
1751953714
1374122743
-1932950547
-920366032
-774807781
1786498724
-196908765
-1693028962
256922159
-2145293808
-1819969901
-1704374078
-1368269340
1173477695
176552957
1848536981
-218119873
1342182948
190581197
1660238350
-862885991
1324362766
-1530025605
-1540163404
1855254950
-1315330463
702462005
-206226315
737233587
1523955337
1705002940
338360246
1985859118
641025324
-1541756533
1476236459
676348267
1768579742
-903182275
-1888183065
-953539163
-319567207
-791956689
-1380727242
-1369790910
1682992941
-221085596
-993232726
330999642
-672383243
1354688681
-1692851725
1438431353
-933848437
-1151155719
-659953164
-849154140
-697946819
1573305378
938450066
2089349274
636820736
-1487928409
-364192562
-181361573
1813759396
-891113752
2096297237
342123757
92238665
1960532352
-1912022826
-81157795
-1599221743
-1300459026
-236967083
-1372897788
47511830
1244534
-19832898
292762891
1840475806
-908241335
1602569853
1962883888
-476425331
2096343011
1775999948
-2123076407
1427091482
1396403636
-1064080499
905070345
38120389
-164857854
1089822297
-2126155391
-1804143992
-1308312819
-1993522216
1170152425
-1484277428
1816620147
-251564462
-1073875936
1582175646
-1220144426
-1569999994
306313329
-757359454
-415732805
-1283381574
1605675544
-1689420473
-699249739
609411091
1906533380
-2109240900
1251269826
1933796646
1547819485
-74324958
-1811226892
-302938418
1298596679
-1063763326
-1024077997
-443365313
1846998888
-1996161536
-1385424639
-1197169829
466648232
-1600036528
826717343
175980100
1354584247
-2142770583
-1539384849
683238962
-1236243245
-749964423
251832250
1074717573
-187839925
-259426536
-1693325836
-1427670243
2146134846
-1249844289
-459127267
-174444311
-1921799256
-2047724933
-1411594775
-1554145346
2060263070
-1976650531
-1849944030
-714638743
-1714652200
-309309900
787363789
-1873114618
-528916112
335940606
1419348363
-328876653
45542889
1961709978
-1173868734
1200365247
206403186
-375026878
-1253936644
-256458744
635624810
-491283399
-104110578
1655633924
205737254
-1370915776
910241148
1227914750
791960306
153729101
-371950436
1160264644
-131541418
-800732545
-207534856
-517084994
1909180569
1041857867
1512876665
-510410174
1136486538
-1915433477
652912320
625538343
-1975187843
-1210514855
586153687
-1954509673
-1670957932
-939203161
-585404664
-1093141975
-201347265
-917282607
-515165939
-1361736913
-2022520315
-1697717787
165822569
-985112757
1669489795
453985986
-1691156204
999863368
-502355019
-929087729
-1986319267
632331046
-1471468684
1241602415
829892620
-233674122
-1737165761
-958648334
-1848562746
-231505432
278845757
-933730354
437442741
-2138623198
1710557826
-1607305138
-2042222745
604955602
1244237713
2007854345
1994182646
-1862157050
869230113
-256698537
650350697
477068218
-2105390813
927032065
1056503130
2061973170
-1189780476
-150224329
-1875539752
-647746166
451114543
-1942821690
-609383538
1229976843
1375677141
358887049
-1714250716
1703580863
-1700091664
-1663721184
1266544869
744384966
-1586913404
598355168
-1387133023
-2108759317
-1401859545
-208298742
-1733496876
957245937
1936615876
-1537830082
1467126535
-304542157
-640643685
-519027151
847814518
-1875458965
-2075654005
1140127645
1951660274
-285126703
1780612755
-531802759
-2094935032
-1565054873
1123284630
184040042
157605731
48624275
1087355998
323060088
-313450642
1309432813
1665457890
1353048324
-1796775875
-1594068646
-670740789
-922418951
959144365
-104545703
391569716
-853393342
-649190967
196601244
2094250673
40361339
1464330607
-1282460966
345499282
535262954
-252444878
220120547
-1038442903
349050288
1299850370
-2065817868
483788232
-1087293381
-990887670
1340732492
-1211605425
-562196482
299950169
-497481473
-1610221595
-1943574940
-670472764
-1090052855
-733781692
2059918593
325917321
580274853
800300219
919698698
-1257735625
-157784865
-1509008081
129616391
826433869
1591159656
-380727454
874302406
904856097
1523279785
1408873335
-633683054
-325925885
-37730534
-1329280331
1199538341
1204908194
-635337005
-1435247222
1892026330
-1294445651
1833452642
287137235
-1996324186
-984076099
-1174173729
-188028582
-1876448951
948843377
1045879614
-586862432
1606163520
-2144780838
230327012
695272923
954687741
-20236006
-372364420
897570881
537228761
-1749267385
-1591205622
9838471
-1890897591
1214258580
66609983
1898871716
-604708785
-899972686
836250383
1688767706
1662769204
-178569869
-2003585664
2061420534
2078732147
-2091729487
-901421115
1284426453
-1080749576
-166467219
922132619
-1571556054
1679844490
126841402
-194262383
2007779711
-819221628
1226786523
-1425636226
-2038703495
-1009588021
1211305003
1107423726
-1274853281
1779655931
-1043283907
-50689587
-1266543908
688822243
-1864766525
1509160424
1325777668
-642866125
656934323
925161409
-747425388
476732019
2107174183
1408861858
300379517
-1236142281
-1790009980
-566486284
-1201535325
1449988241
1660125406
-1402905904
-1300053791
1208313542
1845953691
501177302
-1958677680
-1744729021
-1739828139
-2090078659
-232581175
2116917457
-1901109499
-397531861
954289831
1316969479
-476935587
751800391
-1144661295
1699136256
-189155212
2106522251
-892675593
-216898226
-1691515992
1296024158
1940176154
-48534226
1941689535
1534992097
-505592494
-2071245060
-244762801
-451811703
1377503435
1965097961
-1569157024
-1921078547
2095957008
-1847411734
1122310991
-1336328736
339213195
535050995
-1367027468
-1345850430
1758638412
184112485
801611015
907294483
-2070924535
-508608572
1483343295
-1081523896
865027173
1952359852
-1112004165
-1186657055
1595943285
2043919365
-194496475
-27405125
1083266431
707314293
-1092499692
1029282
-615398908
-918378474
-298210254
-993312982
-1473039872
354862952
1082145694
-1908990786
-1216944785
610004361
-126217965
482609145
-520912621
-1795678045
-776353975
-2121024716
-112513420
-786441820
-1030536805
1651024735
-854247384
1758635316
164064233
-1201837036
-1219582380
237789155
-900623169
-159336215
-1415995534
268534178
-760363594
1247977477
655069524
1647324277
-1602109926
1130805749
-1748605337
1919349349
-1542949939
-1484334400
-593933508
2126350010
-1036370326
-228603848
-1230387132
-1601515927
128585900
-551386734
-1611779109
-1264122933
-88972271
882502713
-296828793
570417552
2014493370
-1390544418
2094181248
-749729550
466148245
1883937747
110317427
-1742072020
-419484483
-354281575
-1165549694
1335565869
-1113862112
2007470263
1607650959
1924101257
9594465
-344466483
946808506
-1168109393
-1613456384
-1397494040
-2730713
303948641
-1914968904
460423958
1163111940
-510401184
965282088
438025021
-1849873206
-57684890
800877237
-159980504
1728984258
1921817432
-19652178
-1768447518
433018314
-1218870853
158030256
93265479
-1330701992
-1760903576
-444034997
2106789079
-1972626497
1879669115
-669083163
578918349
896595377
-772617839
-1130458914
1695451759
461814276
-565880783
1670845172
-1377284953
-552924231
1407211914
-62951191
2113438675
1113788473
-1353856162
697545827
-1093833511
1848951264
452800318
-829382638
-109689987
1803839167
1530082295
-1536356841
-1813099786
-1267978339
1959133772
866144420
-489206851
620774207
2063933668
-1822721825
-1208116568
642890217
-475585658
1293264907
1529675063
1000820004
-1769563773
959041257
1535049518
-1104494656
-40177806
277249883
146836835
1773552156
-416204766
-1672039349
1612048857
-966961500
-1808527156
-644566070
-639546100
-1711211878
-1114565496
1910927227
1919010958
-1946740967
1505596162
-1758132430
-272285998
1858698839
222527085
-2107158057
1489077319
697366826
1113244854
-1715367792
-1552548440
-1347082035
589465597
116043807
1318604690
-1826471709
324069952
1505344648
470020950
2123488699
-1335402407
-1309381898
-588397296
-879461676
-303775702
-380510754
-629547272
-1227010652
617446933
-693958812
579032567
-1255503723
645254578
624184830
-179655811
-1472181681
-922707525
1720866646
-424081263
1041022268
1673627467
588651893
2050201129
1886399304
702511175
1295692317
601589435
-1031009816
-713539300
-821996427
-1832082157
-1792523682
744326570
97434859
-290096025
1592670778
1284370815
578208597
-1790874200
590176291
-1861402808
651805529
-1031911910
-1831517993
586204035
-490118385
535571238
-2087884689
-979538311
86024164
1098903406
143889383
730823019
1582646721
-1144183518
1821177566
-1579994357
2106012779
1812890001
-1962960487
1457102637
846468908
1192781314
-806022323
348839358
1811706547
682271173
882386077
1394838772
-1101976264
-1772895868
1823667809
-695625017
1403974883
-1184268322
-1425276760
865614239
-1996543890
1337928502
-1241784832
-383128498
1124869640
1677464775
-898199820
329440575
-1955519364
33643771
375845333
338490608
206305938
586133757
2078503613
-1074109539
20543669
-598553204
833566672
-1950707139
-2121582379
-1342055662
-1830072891
-1447514447
489687182
1000404724
-1408264028
-1529198789
-2118758006
-1734246869
1987808464
-886593236
-1050532829
1969483027
711652424
-823200031
1237764171
1459054723
152781865
-1322374929
602798255
-434093027
-1296939401
167734941
-1407898598
-1693443610
-1119937508
-1887002222
481005847
1322207000
1346034479
-1198145329
-2050908198
151052855
41831802
556377822
-1312463264
-106463647
-470379722
-79728821
141882069
-1306374166
1085976088
429277011
1537376309
-201357784
1421883536
-1158126117
888949044
2025451146
1720569167
383911587
1657021794
-398117649
-399645942
655017147
830559370
1588417844
-1467146114
1471881269
-1401349029
-935128561
1755016371
-1305642213
-60744630
2031650074
1865891715
-205129309
1166572470
-2060575694
-513870243
-1981042271
1524848204
-471754750
-1717817018
-134161092
-63567188
-2009735206
643398689
446629092
-917221556
-1717322043
722651183
-1810410365
1698836893
2073091545
274037208
1904644082
-1606196373
-2054451248
848105131
2026855086
-1178109303
960446935
1407557538
902088395
-1729624404
2113840550
979223466
-1560649944
370647447
1644030160
481662563
-2142363421
1492082040
405310811
-679418076
294918159
-1007012463
874755987
595514433
303207332
-1271634661
1841759515
-4630897
1358505142
1693370470
-1218231996
-921468632
1189862634
-517690300
-3175775
-1508542101
1482653732
55881640
933936602
-583963834
-1424319099
-221013111
-641189440
-1112736329
-235224172
1268405516
1453084834
470748047
1214006202
-1979822623
-85067042
715760760
-914999053
1893078764
-1336369478
433363514
-1763457598
-729679576
-746454668
1508711993
1202634085
-1972717368
764786071
1198732097
2109680714
-1593383266
1440258703
803600262
-1781107775
-1969658944
-1573109377
-125039899
-176952078
-2099119256
-1274852526
-1083861648
2104248080
1210267420
1157960720
-698764759
-1361308466
-1066479346
1680883570
-1047969268
1571896594
2002544837
-506398025
-137532590
-1752284440
207904251
1863911352
403196148
444963001
-648874551
1706353978
-346911123
878342843
-656003583
1562028163
-1149688892
-1143485269
1508565722
-1997251537
1525284297
-1851418950
1767123666
1339095107
1465890462
1880047044
1343360208
-396081278
-1752192392
-122813753
-1508182904
-145797633
2115411111
-954411630
-1787983581
-722467597
1159473363
-1342003524
470207006
458260432
-823819129
1192977623
-1256024463
2101005973
-1810606861
-860415770
2128282100
1643655524
-1596547859
-290859509
60628222
-627609263
-216463559
-2128711548
2100302415
-687902084
-987950839
-731303976
192266031
-137342111
-437724986
1696002124
-1311102506
2003217774
-1138846448
-699897956
1574533646
-1116091691
-1138362365
-349142809
89806870
-1358502493
1215431356
914883562
2132071881
1825096721
911346971
-1791493263
-535017985
1184646682
-1553660471
396332809
1512351283
1462220877
-1011732868
-2114894854
612531814
-1172045852
-1227171719
57596275
1617845058
772011028
-401808038
-1660275705
100877953
1353152678
-1466560495
224726104
1023533455
2072849862
-2072755668
294671633
2027423342
-1748055782
-1287685798
-1433957351
-855174439
1918987286
848167213
-1636603132
604062124
383028110
-1044642527
226667213
-516376958
1197423756
-1643397412
333369026
1973493663
632617571
-2119973705
-1339151681
646910480
-1239926269
-867877764
-1888249698
-1209105392
-692953457
-1444153743
-1221619475
1987840430
631104300
-1910066027
78486242
-884820053
-913781220
51782185
128206731
-1185230680
547537162
-320520335
1040002121
2013503616
-1863632218
1450591675
972918910
2012555762
2032786804
1043023776
-899693947
560761475
203673569
-899542647
276318178
859846818
2101250455
-1330704780
981556410
7831564
-1208901103
1499149560
-1160087931
-1682775950
393114737
-1905966970
-1481589247
-194432424
-2097304431
42384113
-60771223
-875055553
-1828712105
633444911
-1104119834
1690399238
595664973
167999073
1006984006
-1141079924
18828912
1203215376
1806615787
-1500366950
1157038663
535920313
-1567913723
1059145728
-377840841
-1938993269
-504483069
-713081859
636688917
-1925399442
-1393036730
-74909725
101334780
483531591
-722919913
384311547
1735929953
-1787001478
90277083
-74608987
1190920036
-1819564112
-1158022523
-872470076
-530080408
360335833
121887307
-1516642728
1090328293
-1544891532
1557295003
1305379691
1088694140
103895053
264075856
610983217
1968995147
-1713719289
843792928
1819155818
851587458
-195460709
-1654395559
-1963293173
-1732283338
1912323616
-531165492
283906588
1834957173
-1395701876
1318559497
1236682979
442663321
1029489210
-1415457588
262774594
-461723935
1449817837
8491190
-589100195
-1289711043
-1065072364
-626569153
1865330303
-756422296
-233419441
-1406870549
-162481858
-1329952196
-1044659151
-783670085
632679900
-482220223
-1036223161
573441254
-960535312
119085446
1187964505
657840072
-1779206076
567262132
1792363247
1902779674
1972893697
-293412257
380700694
429235043
-505934327
-1267022433
-1280395165
-1760578130
1205498788
-83824673
800758840
2146035837
-2142053027
-1905654284
-1229143483
323199485
1902362926
644578417
-2022656942
-620304006
1632885466
1988546104
-326849478
528714260
233640602
1004079188
1426625850
746960051
1368435195
-1053376762
-118137493
-1881125576
1231475462
1885978653
1545165709
70407924
1036916129
250025610
1396624645
-617466787
1368467252
-1163316429
690860072
-1740591618
1806702734
977489671
-478511431
1638986927
1156840970
-1493149102
-165180240
-867036410
-1135446547
1647381842
2033651517
-862354931
-174542574
-51253751
-123203573
-1030367948
-1825840696
-1528078508
-1908879160
1288417673
2569466
-2045047492
820863717
-242318298
167623057
-1294513525
553744282
-1853248535
1783159317
-1389218910
1809361964
-1069151638
-1328395110
-655644023
-1829710222
-1950142423
-1250779943
2021556295
252581269
1509595143
927708316
-2084151436
1578150678
1972807159
360253023
-1736356852
1918951445
-1047634699
46480948
-2050438011
652049103
552730678
1150262503
-523497438
-33716120
742658976
-485924511
-1680497015
647921386
1132294012
1083565137
-2042848109
17038221
1385323369
-845264376
-980807069
723427640
1362748563
399765156
-350642503
948165447
-1256725723
-974458768
118231944
1893238926
2055037691
-846693237
-1765181499
1259131550
-889560164
-558448186
331893377
1827124550
-1925766297
1223339474
874341177
289733212
-1371903477
-1882859365
850985836
877702589
-861567428
864109038
376106350
1614237073
566620835
1888732513
1712362620
-1905116461
1307039253
-1510905741
-756172273
776744464
-1135357177
-949033231
-2124346251
-391007122
185981505
-2069421669
-248800612
1478359279
-1705904942
1115050759
1654337841
1370775031
-1446561469
2012819142
-1839926039
-23352565
946888719
-1640214844
-209793507
1521996507
-449533103
2108330740
886798748
1949013377
-7137857
-200321236
-229223748
1037796107
-1487078186
736863053
1723411122
-222289354
-1707820457
-399787610
-1038630621
-261275780
534241521
-532895847
1310831098
-519002031
1652822079
-162022273
-1421546373
-661989720
-1841261580
1054083784
1838679960
1097355452
398869076
-1448323225
136644483
-1247100660
694308325
-1721099412
-308123516
12389030
-1865941402
-1567851534
-802061556
-337781336
-678394624
244079674
60202249
1090555907
1348951995
-334696936
-674218885
-908312958
802488371
1960469645
-1036480698
1709013514
-1199527542
1213115573
-491455414
-1842412253
786282912
1875792099
-1104858704
-1621989962
382194049
-913446390
1485063302
134827800
500470047
1576190814
1967371662
-371382202
-296166848
1139250234
76640082
10629746
344641209
715682883
1438060924
2626494
-1341588004
-501781042
-892199580
35768902
597849390
1876775550
-1777739799
-2039788700
-1966954403
1840297521
-1520372605
1232294702
-627088272
-1101581283
-846307944
-873191357
477512255
-1449958859
-1893093873
-1467066425
-1324725210
1433671377
1630351395
-612061781
-1821783307
1939858573
966292857
-1895240399
-720409046
226619504
1713101939
930942383
1055998817
1089177169
-1939433786
923074450
88289547
-1173352587
-1858730679
-1962852955
-1512445858
-302559363
-136413936
1623895699
1719042700
-740553858
653445561
-846423382
-133022409
-894730383
-1825505019
1067563489
-1178269149
-868465203
-1523549270
-760898020
408479276
1075418482
-642381978
985398701
-230216837
103414217
223389271
61055518
-1979952396
1816586536
-1691193463
-314376403
-317597454
323804538
1247700176
230209047
1173698870
-1769876706
1551716824
1624934681
-110217700
2108314128
741935226
-1565424845
-639246577
1828939078
-148992432
-701867986
-227341762
416949340
-704835701
119357664
986199439
-1830833294
-1077892349
-1891575889
-429260077
-1880957612
1260743567
214939987
1683276603
596028380
-594541930
-136253985
-1414871541
-1491098988
-65071130
1156537857
896294541
2002223007
-1109310780
940365960
1305859399
1943119576
-800522173
-1459524570
-116475793
-1559717061
-591840551
-1251993225
-241614946
-1656804733
815413038
-1230626495
-1297631548
-505008363
-66061769
1208644349
-1469504420
-1786639332
57179267
-34144362
-1816289568
1495877620
719929044
-260180880
-1328151171
-1704466229
1594430449
1857626795
-129363958
1760130949
-1365494854
-1423829336
-882185674
956681440
-163189891
1154851787
-431501823
225119449
-840663161
-1751259006
-1623371411
14775373
-421457412
1355419270
1413438324
-1446257438
781624042
160123744
-1533479876
231873319
-1616872036
2097341743
1776051337
-212821255
420587308
1084571560
-1351526286
301653545
144450139
-581814947
-2066351785
-1697332901
2110266532
1992507713
-24956143
-1820284112
-171419506
1240743018
196319339
-1071707737
175794498
-1439452135
-1487955247
601735616
821465948
-2083251209
-13039289
823948642
-168007931
189227169
1381698204
1895089021
365324097
604151398
-897382690
-180099469
1788891781
1008730191
2119840784
843404467
-817831796
613485407
153008666
-1415297113
-1600059030
-1575757285
-331963904
518278352
-1005049376
-1522398133
-643431337
-799062738
-886728462
-533172478
1762994931
1259960036
-1547337033
-1430085412
-626353691
345150748
-206037905
853948039
-423087196
-2033917400
-738228774
-77782141
519695497
-1846423575
-1052120121
-867734739
-1235762816
-1746025868
-1287471126
-396861959
1032054268
-913123087
-249619981
-2109479170
-1014407893
1998381254
1114019291
-948654665
544109163
196007669
-113556608
375132167
-476986117
90479554
1282964339
473512061
1579145973
475643033
-450253551
541381849
-1537577093
238581805
290945488
-184340273
-1236668368
-1485676316
-12930598
743880970
-1929060886
-914996879
-859175457
-871814541
-1002437467
1548560322
1099989543
-282988110
1804975802
2084747805
822617830
1355054836
388085583
1473985157
-610979373
-2017881618
519168017
1234951266
284421371
-630013406
-1482387936
-632270752
1370756817
-1433942175
1201074763
-1111315817
58341258
-392083824
310796413
596182763
-563054681
918365870
1824135798
568233909
-1093284910
49590805
368218557
-1212953950
-986478098
682428415
1857443028
796676059
1202633577
2107548236
-1889264723
1006522214
946585811
329839489
-1829460131
1305118923
-716170572
607346963
-1630639857
-1857447686
1305963417
1311579622
280503354
481673835
2037254000
-1865307889
-1558773738
-786001017
1024762901
-1016072991
-914899893
-1270476986
792067884
30308903
2066349291
1469922328
-841970383
-307840083
-1028660830
-1461699319
-224164404
-732496379
-701277140
310401311
1815077225
-728680569
173406726
-1756588794
-430760952
1723497625
1690768744
-447757586
-750071471
203320367
-363355791
-1247466316
1531807210
156131477
1812071844
250297407
-1630129651
-1757648788
-1295008622
-1467103700
-1014668972
-786543631
-1829918247
613931693
1582562263
1126507141
-304391348
-1504231250
889261176
-1814414232
-1045386893
1679425337
-177923972
-2017827640
-2093454539
-1007642342
686480478
280281082
-1856622381
-723132731
773226975
969067014
756562456
566721144
-1895718047
1310931305
439753678
-290940260
1665380469
1679411733
-1563441036
-1862640016
589531058
-2135804740
-431493075
1101785320
308828616
1831130701
156232698
863911378
804071892
1667222462
1810540587
-338277061
-176455947
1176471052
-1936768494
-1944465136
-1901651170
-970057089
-1125430022
2068439303
-22164691
-1039084750
-2142244265
1834508479
-1040473028
1004520402
81027390
1038330918
824525367
1518036645
166412566
953558554
2117000111
1007715790
147856272
-484602542
-619692308
-1743063858
537719252
-360170625
-825029560
-1021583794
447181052
-1005276498
648659386
239118875
-1601668667
2111970543
1328769969
1971568497
-676860029
464953915
1359548194
1470146427
1471283797
1425717394
-1745936156
-1865853926
-1686476646
-145304988
383163963
-878539035
400898979
1813188401
427727537
2146030704
-969643095
-1372663181
272652076
-1282990127
1797521153
1310745787
412956221
-1108252065
-735145842
1015743257
-960028235
-1628118083
-67714698
-247725888
1724986750
-849992170
-848719337
-173678870
1220527015
398322345
-1913072068
-602243335
-1098119744
1863123592
-1047775093
-1653353762
-543092889
1559271323
1102741826
938258366
1604113954
-259327509
-591129566
568436434
1467572847
-41583331
-354231894
-1135867762
-1511031270
1545873979
554895240
-649628155
-148540467
591153594
1924889676
-1256938357
-640568339
-1820653128
-153902498
1645361051
-501058909
511296644
-1668280782
-1135684357
1714983736
-537810077
-1770107975
-35268834
504722597
1278794129
76255002
613040584
-155159702
1364136837
-990298975
-2001085193
-547212130
-1084180871
-587367433
2051840513
-1134490041
1460313129
2063420051
-88955143
292233451
789706458
-1053769360
-176827305
1024456294
1559194013
-681999872
-1179045673
1213512190
-1950555948
-264339872
767295393
-1614062156
-670437643
723488972
-569152343
1801863388
1158853006
1703319124
-408902824
1539779568
487686792
100860112
-209769620
1885451680
-1155270225
-1883761648
1501671452
-1900649172
-1916796303
-394968488
-1366190722
1902978550
-1925314075
-627876853
-626524115
57335890
650742031
-1471641947
-2074266842
1080511392
2035904354
-623890706
-2005571598
524635549
1013330309
-1545377172
278955274
1539406581
1194033241
-1362002920
269768310
-2110812900
1067445307
-1756401579
-1124127562
-768024227
-903022458
303105053
1967850982
572216626
-1160354981
1168919421
705144092
873010134
1579656612
-1267938494
1632910356
272574745
1344991061
819067380
1896319759
695332210
1646076916
-1581229053
1054841591
-477388966
1757846363
1210822464
1945138631
-1481982505
496544444
-378283634
714834217
-116197290
1881946598
-820670760
382689120
110938045
750643398
1089135173
-1981121945
1482491072
-351762129
-1169738070
1821941082
1795100532
128381149
251478592
-341426155
249650209
1966237622
1796544918
-1756731110
296581467
2044933715
702772681
-1324201545
1126294355
-1228072769
-23942671
1504180328
173357162
-416704130
-1807680546
-547361415
354394887
-1396795184
1574917123
521086447
-657421143
177177654
-1321830222
1684410537
-1625035201
887882293
-601339767
-1943361087
1170985399
1977030233
-1163548628
191785015
253221076
-1427242628
1982404403
-2122128944
1619909956
1990615624
-1072619418
1496992059
-572260879
-2043717127
-1238034137
-684774794
1425911191
800700775
398582831
-2002712209
-1617783146
1453816387
-686576771
-14039314
1111451656
-1537013600
-149109366
-345378895
-1003626474
832774325
-13026880
705190360
-1350391929
753419489
-632186835
88323203
-426454375
-1672671250
1428625523
-2145718855
-1780737260
1251141529
2127442947
-788819317
-205510757
1172886354
1023160202
2134084985
927233092
444758847
1998538666
-1034557677
-1976455061
1878102918
1182823661
-1818727197
605464003
-1231800373
-903283978
1093296778
1854405805
-1232143625
842348281
-1864195800
-509120052
-1410224325
-1562287764
-1935292159
-680505128
135408212
-80464130
-976524964
-1647294285
1327008272
-789136184
802374318
-1603212103
-26428144
48731074
69863160
1015510875
493704142
-1106538633
1926184044
675652079
2043928033
1390707708
480519766
-706763328
-1934928000
-2039316706
2118506554
-1127695764
1342270276
1752359130
-70068424
1812505967
-1597797327
395577105
958328248
-73257222
533015542
613122171
-857860798
975933449
1627165043
-1855456548
1115265709
2083990964
-589819012
1247240310
1137762427
2117875140
-848970788
-1414735682
-866557053
1821634696
1948489372
1836687442
2015880656
152689641
1173303685
-1966674903
-2052660279
-2008423492
-51441694
1353600012
-2040744047
832129879
1824069258
1131495492
879103664
-176415642
1202009116
2089285268
-2056284686
5385983
1835780492
1202348649
457441167
563355379
1059296990
1163273295
1001506700
-1958100378
1001074738
445052071
-941729184
-1403456095
2110144255
-1904310890
1683128793
-2116759514
-889777245
-204206016
1902525504
-849176828
-1415492838
1490223414
1164992955
-632618899
2055900429
1874032684
-1585398798
1696832645
-1214601713
-1867608337
-860785675
1818589052
-267615710
26975125
2072443485
402868446
-1051341953
-1612520971
1722011057
73581609
1680028054
-1520080807
-1735933174
1732370079
-1776051117
-20913294
1265153272
608837213
-197341278
877784460
413973671
-1197390163
-144161995
1590033666
158095677
971502999
-450940284
-684601869
1021651334
-1559492931
2099849493
280507189
-1389618221
-1990340760
-502231299
1243120265
-1778894818
-1548449827
-877332059
-147124208
55404658
1834972661
749421777
155544830
-1738480759
-1805210388
-6834210
-1373151860
411508150
-680036744
1638841162
170703411
781542405
-653936355
-1488133511
-1909477354
1226802592
736948159
-278966858
1456084159
-1248055436
1064339064
1583458423
-610549490
-402596333
-1373327188
-1706604571
-1129896083
-1441756709
-96072615
569978266
-1104897720
-1012502184
-1281907021
1969943211
-1002442820
771270118
-196856337
-1025188119
-1757705331
-1788592486
-1128752033
-2092847004
1353637981
2047825251
-147126082
1841485616
-347734245
-1244974485
1684228045
-855234197
-1697983559
1063471554
-959571170
500454269
1503136289
1194061630
-810637009
506431649
-1239363991
-127015780
1551784633
-209832027
238541892
1702503914
-381896374
-1171929107
1903399356
721655849
-407493871
-744119619
-1347159779
-787317203
1013016568
1384320182
799735348
-1497376824
298951672
1767543713
177619641
-131789017
-1246041433
1014240363
1230849545
-573663109
1264424981
-1618829968
-1556229097
952526811
-401253671
1678356731
-1571033180
-1875549848
-1794749594
-327832563
-433476690
-1276565583
-1246518110
-997370531
1643030565
603843673
1274081721
1438570656
-436328988
264382199
1733805357
1026208266
665183710
786716221
-25604815
-428650989
1976518552
374943579
1269061943
1904238974
-1443931434
-395649115
864920775
1859206550
-176564071
860374131
-223249518
99198138
1725314888
1970617672
1545800391
-937893092
1427459628
1911258165
-85003356
-275566651
-224838623
1087207551
-612633777
-2083415588
-1412921974
-1014798465
766358501
-1062402522
2063637893
-566992951
809179859
-504561456
1032539743
51120784
1525327973
-783587476
1235072330
1205831496
-847463268
628764473
-224475827
1657431437
-46869181
-439825497
1784579451
-1601775293
544217412
-472188647
314998375
-1378710275
801686839
2075848684
522128086
107198114
-1809101509
-1230158921
-1920172106
235426381
-365213687
919401172
1948409679
1841538933
582186821
-858101217
941231032
-715359154
-967999209
-15695619
480095371
-334455954
661860090
863941023
812596187
524849074
-842775085
1117262216
-1178669466
1450228321
-1265022139
1402654284
84110087
-37017710
-279131069
1953247897
-774273683
-1721776949
-1575356186
230782843
1461219345
1265032683
-1019696768
1395516891
144873829
-1193016247
-364109584
288558152
1833609289
702923804
945496119
-1174926087
-1666757694
-79639524
-1386406069
-2011609070
-1826106899
-1411159191
-1643004117
-1101928922
-916014543
1514703276
1645529395
-153811203
836155059
627015035
1029853105
-1505453930
1891225870
-105880318
1336132535
948968047
1159308867
635102430
1607996466
-773467901
1500704238
185037132
1769351739
-679137901
792051899
750880130
843732652
199847465
1683968535
976448860
189039862
-1682982439
-175566551
-1088256709
1802913586
-720618167
1410622723
2006258730
-522383499
248908660
-1629915116
-1543953343
-7984537
644466346
657639137
-1221198514
2053066518
-518040102
-1012505100
-1299700303
1927272455
-686872045
-1878445292
111283590
-1427900018
-1918379960
1611097525
-863385591
-1881896609
1230834515
-943639886
760117046
-724882588
1522864700
-1646168263
1412844976
1544288208
1158319802
-696279290
-441431325
-1272254861
-705951751
-1652737581
-1402792596
734317392
-354720355
1831007246
-1620797513
219680876
929797894
969402060
389825257
-1706796824
2136664789
-1735822595
-1525933055
-524072623
-1368597841
1690901473
-1772423367
1028407
1647202112
-376892230
1924957618
1906618876
1911267459
1537475
1161435471
-1194852627
-405809601
671304800
69812960
1815054998
-1751585580
72743574
88845955
734278993
-205184457
1254005180
-471473594
-20426464
500797242
1644450930
959496977
331484860
564302096
955247570
-815529022
-1997068307
1246938896
1160502245
-1160387943
-213361892
57518265
-845294759
-712058665
-820999130
2058811381
1286828656
779493537
-57368974
2083558306
-1337490118
-265931479
1288592453
-909873587
-714855163
1388753166
-181534892
-2049921728
-646337260
976957187
1452486298
1990734782
-1343697264
-187887441
-965245588
-1048961396
87756731
275795924
911341513
-784927821
2018644587
-1138639438
2111547382
171084420
-394592843
-1713417043
1448345930
-1985089572
1290389223
446791725
2020289606
-513488215
-1175743044
1925611205
-648597528
-1494350676
-782321718
1221542550
1460229184
-176702592
-2114857154
1952412661
-1262577085
308461018
1116956876
1583905355
561994974
851581201
-1332378400
-545149123
2127523662
-1660454175
-560357351
1156456460
-1341043538
-949130389
-1415915785
-2114813635
-1472975663
-1656970369
195346642
2015639676
208540241
1125778206
1647312397
-930832195
-985651736
-916526022
2013066636
1187638435
-65735938
-2091514433
1993897314
308890405
-525510270
-1085101354
-465753393
-1945357714
1334462716
1849264743
998253929
72676613
-1899063069
-1116390688
1751505304
-1468725970
-487222741
-1799764427
-1897900474
207194767
-1653604830
1839624743
-879844905
-682021355
1979895420
-1232779065
-1516211625
-1046986728
-908086612
1197221181
-180308750
-603546436
-1574883724
-914667323
-321087320
1294791323
-606534209
-101598214
-1765535680
1748324256
1064898990
-1760559017
2130444157
-1812654027
-515124496
-2069506567
-370571377
-1954755424
2050184534
976230825
385951436
1796489386
205142181
502791962
-904159329
-238016127
-1293159762
-931845266
163437248
-1151851041
-517562724
-799509506
2076194981
-1253923734
107605388
968705370
-1886058953
433998942
-104067998
-1101269362
758450377
227986536
32936666
829918375
-1800121019
110965717
-1659187235
1424339573
-1678711128
911882731
-1695676651
-1523062639
1492101039
-1280108649
-759991357
1308176801
1335092178
2056247111
-110943025
2086911706
1671975793
-224641255
1700398624
1260806342
-1947191475
1932179765
116435758
755613767
-1284884679
-1498227082
2098966228
-87972901
1918236688
735807311
-65946518
171361568
-1675059991
-426080532
388011539
794426010
-911497335
267547799
1469819986
1884928436
2051337241
-931584163
-1503388957
220148996
-1944220648
928499697
-986505528
1015585491
1003039890
-1356882737
-1781704287
1965701083
-1469195375
-371395420
2027320896
62423634
-998221612
-796667156
962724476
584667431
1546630590
-177716516
1859621445
1329251211
1557561489
-1741785981
-108167175
-2085446478
729214683
-1044576213
-790700555
-1139730470
-1364542672
2055089157
683044205
780040332
-1043944936
-488476668
2043784832
988470049
1316809291
-941460472
10247558
42731911
-146226149
1231737919
867561900
-690137020
1923173425
292550600
-1170739005
1683083195
-862450309
371041688
-739431340
1495868846
1164172900
-1167031391
-1877525513
-1059304700
1856460102
-2067405776
-882849564
-660696629
843419676
1691387286
-1066369334
2109517695
999244668
1478961162
427406815
-1015865460
-1447213885
9182670
1365584440
-1083594223
1347224465
-1352975985
-771926950
983175910
438740600
1753071377
1865365264
-62638880
1589362415
857356811
-1893091714
-1510863533
1204340876
-1590665393
-1187853194
649231319
1783818098
397368365
984296969
1088010831
-1054959097
9910297
-1204930975
1426247975
-1854713366
-2036585333
-1857738034
-16938020
-406116316
-1077078234
84028446
839430592
944578716
-1590924772
-1505203920
-1854896385
-370954032
-1170391344
1556899531
765843932
-1045922366
1937534652
1966108843
-2073944000
309953839
1742198420
-61962275
1488021877
-2128927226
-575395925
1090675276
1711482926
193838103
1916005270
568020890
334436554
-1183530229
-1351049714
440866612
-1486108711
114865300
-1631518438
-2109463648
1040743646
1231820260
-271184019
1706725144
1888783702
1175414882
711602444
-763304612
1488608249
534180251
-1843096013
-1492472124
-256604097
647007862
491576441
1158420628
833098277
-1342765652
-1498848718
608128659
-862554576
-1482453642
-1889211372
-13805090
-142146126
1705343111
1811317020
799381753
750190411
1572027964
1364238514
397157670
1217670066
-2006494703
-2075445493
123255034
-1791098187
-399606185
-292686898
-1515918292
-1283089282
330610211
-126425350
1120000176
572846871
1257804425
-1999403002
-1015382781
1483356207
-906170614
-1610577079
-1213632568
-98811107
-7120566
-1637406308
790476948
-752264411
791758853
-57360835
-1716264443
-889069062
762137923
1737744117
1579522329
1570022020
652261323
-1795403139
1482911164
-352663581
1006458837
430016797
1903265954
591249586
-1456579838
1646099350
1761176151
1233228431
-594119792
133174338
1901070227
360866267
1630322377
-288782727
-1160718638
-1275317826
-1122165060
1310210101
-1604082908
713039981
241695535
1633231352
235681857
296395695
1342741971
1748224236
-2134885408
-706573924
849911225
-1000786100
-978270136
587252135
2035944964
-525363453
1543150630
-1229114913
-331783200
-1983229294
394851233
12393585
2071152562
88662070
-1138467157
-370943631
-600193648
1924438857
-1385682790
256829657
838308083
1729646568
1223566582
745709777
-1614327893
-1156424491
-458623596
1532820528
-2078269422
-1010004065
-378921501
-25670334
-1308111228
-1470947585
-637110395
1551882443
-80843250
-663328891
-534193119
1106550092
-2074195867
1593396852
1494620279
-343881084
-1796843239
-2004324631
-727024460
1721543993
961857545
840201537
-1742823929
-776989897
1027217177
-1242805060
1650335091
253193113
-1241188574
1973027677
1644398567
-1222367418
-711854038
558860309
-760634485
1084497342
-1391884076
987670304
-244072868
1576270358
1398405401
-1408636755
481546746
-1705184191
-582847432
1152529860
1236177088
146692752
1254041067
1597990756
585805845
-980963461
-34210086
-287300629
1249510401
-1559208031
768003156
-1373655366
1803567106
1285968909
-1189570756
-1156149736
371487008
-1032002374
-1557561791
-2090521770
1045923135
1262088024
-1547337903
-1284124364
-1582599244
-545843632
-1684282289
-864703357
672914201
-194417658
1546798850
-649415925
1885481060
893521501
930046033
1590072494
1602001718
-1023510913
-744024403
1689590477
-1917797520
-1870167843
565477325
1181129193
1858540556
1097494901
1380305313
-1338156659
-792246487
-194545582
-1052164480
-959506837
-782708889
-1127908775
-240527197
1234830021
1465778805
1712529985
-2088953642
-1721833202
-375117593
-503743005
581637227
-953658160
-304300212
1598335923
-1892356494
1059120592
-775867265
948657294
1372401704
-1344720529
-863782595
1613114805
1656272044
-1916807598
231011576
-1431036135
-450487304
-107698619
-1435520022
-646338088
966064398
-104199588
341369452
-826524921
-1648021647
1616250203
-1466734201
806622897
-1690684458
-2103019433
-145964853
1909122848
-572185573
511872413
18783
-352486310
507767416
-1898091055
857523801
-124026898
1953685492
1564255066
-1340570033
902308080
1066508825
2039926781
-777645522
-2033517503
1437798378
162896072
-1568377527
-1057962733
664510997
208661552
-1719438667
-2119208533
403739236
-1698691459
-603636781
-1302728599
1538098809
-1559570331
-120816595
-269768443
593342906
-1205554185
1518259845
-936096230
-1544510839
1073308602
-1221529813
1798357736
1074933432
-1552150506
835927951
149297493
-495963332
1826985713
1084911382
-706745291
-1689248993
-1198638692
1382636848
1522768330
847339963
1511638256
-2025944918
-897703282
1673102372
1501271988
628662336
648720431
1798903270
1405758273
260769910
-953415462
-631182096
556794472
-730568025
-1194102084
182032590
1304568467
-1189699234
1804848069
308189470
1155693354
-1573874205
1801968046
-1537079492
-128524489
950002457
-1140910531
-1596676289
-1549568692
899240327
-961250361
598316073
-1950236252
132415667
1082594806
778828633
557559431
387469750
-1425777972
-1615815868
960771827
-1013258483
59805671
848558436
-1881303176
-352236116
1215938566
-32406673
-71882397
-1919409320
-419035957
537857996
-1704244194
614452790
561391810
1572565314
1399324886
240916894
-2080250463
-241823246
-682419106
113265716
-1805434159
442550663
1399141203
511576889
-858073043
1419535019
1782883455
-942760162
1911486729
1027834812
1218209154
-172790438
-171701387
-1484853569
1631614383
-1729905796
-183726143
1531530388
762059571
-93646973
-1133274044
-1616382101
1204047484
542949741
172806489
864122998
243988439
-231304691
58788266
-1284395808
1091953499
-1311417567
878660272
-595147267
-2140762363
1618750627
-630343303
1389467841
1492006692
782199647
-2083612756
-228134794
1180419319
1445643461
2005503178
-1860773719
-1610120301
51514368
139050934
33165925
1466613514
-764783546
1562739831
558180515
407876041
642374770
-636706245
1641273344
2118673474
427990991
-540641890
1842789808
1791058634
1530175541
1513714476
-1002929742
-319853117
343031130
-2025206236
602861637
-551188483
855780705
-1858779265
280999578
1041434457
-521147721
1361996079
-1052264758
339708847
2052369183
-1571180117
2140088073
-1995112463
919614474
-1368165461
-1822167012
-2061104752
-875945941
613248560
-2091450616
1600227870
755591755
868180167
500203019
-20310220
-71741095
-812244979
-897963825
-1001223019
902818245
1455484533
209596381
-957408109
-230952947
1446321480
-2096341169
1929151153
-561729385
1073494509
-1367442231
1544895625
1373640897
1969310570
412094634
260500719
-42973898
-1401560022
1957498493
1679314263
-90496637
959450112
-711061323
871518579
2089020649
384714347
386931609
-1786420960
299350132
943667483
786504573
-1569862526
-577031604
-459360588
-755396046
636018285
-1179037110
246559185
993215
1235104006
-369640498
497736779
-1422716336
-1919473494
183429327
-1307314502
-1362458258
829995277
-1141804494
1303909435
-1296123792
1068619942
900663647
1336956531
-90905552
-644659638
1997862674
-2057509420
838252546
1265337623
-407424146
1194732062
1010691554
202125971
-1876268201
425363241
-451557908
-1177806060
912819968
2075435488
-92798704
-1435783071
2078180802
-1462603376
-1435348219
-512244071
1432077103
-1522163358
75267965
-2078229677
-133695129
669648422
-1242130789
-667260154
1392940201
-2047398831
-1226177375
-662988629
-389862356
680411721
-962631442
-1604736096
-296995792
-456793377
-1438226394
-1069029425
-270647985
1598653468
-368317006
-1376812017
1494439192
-105214401
-842100629
1567113929
2052021213
1851612934
292032145
-422612770
1698390988
-2038645460
-595716863
1494576840
-55612100
1435664435
440124839
1303914495
713757769
787247203
762884400
-341631843
2096300962
-2123324655
-186042364
533979460
-1385021280
-980101340
473925235
1659648319
1423680667
1490064853
1105436718
1237921511
1874401145
671751093
-1470353672
-557265337
1306222471
1408912884
367593628
-1075943933
494312075
-142327841
2003542049
-986746251
-731597799
482413738
-1798777284
1928435480
-1175950043
-230094481
397597957
1105480233
98617561
-212888714
-1182719251
1380390539
-922357080
-222888266
1017608431
-2648086
-909774429
-1751750500
-239278074
141595939
-202851061
-1593609462
-1307186722
748018915
-74938842
1133390753
704444621
-405878642
-1889252522
-1258446013
-305157372
-1066694303
-396359578
-692061741
-2030711551
-915430438
1030166567
1030283838
2064330568
-132235946
152738619
801497791
1340873553
2001412092
-1694566352
-1027615394
-169892924
-413296423
-310851376
-726307655
2098873315
-1725918132
-1910847306
1131593990
-259620281
223190180
-1010067164
2007378263
-194475314
24551175
1331916308
-135076576
-414387245
-557016427
-993068916
-1731831306
-1107156320
-1501585972
-1111088586
-2061702759
1532953376
1280751149
284847663
-2085641164
1636894424
-1998277088
-494267617
-1009493278
1205247768
1672017172
969024137
703452788
740992621
1220111850
-838119069
-1931331983
1740139865
1334173587
-964545047
-387335075
1446469189
790221815
510987949
141068094
784886966
574468376
-2112985358
497681243
-539049025
20265079
-1827328965
-662891962
-362780746
165419190
1126172958
-2061750499
-2117943510
130512254
136517981
381489932
984758035
-954365534
790383414
-875061739
1058240075
1413662596
403964409
-2064906221
-132131779
-2104616009
736939483
1552719355
-45742373
1932277221
1758874890
-2131783835
-1550631979
1702099955
1390709249
1888587851
83366151
1768721250
1552837404
1153061647
-1275060174
-1368953608
-1142225042
-1572856126
1992954350
278388383
1991177426
-1158150750
1853451231
1404721036
-446176448
-988512284
-1908765145
-1536316765
1199970657
-1181978956
2038731803
-1475253479
1386784356
-1816081543
63704120
-1710000293
429546770
-1019771043
127187799
-539963859
-1212486624
-660185332
-16785632
-1479798250
-311384125
-1980717381
