90228986
1377604103
1253282987
219656792
-404285835
1924587222
665043439
-382764221
-1492378896
368865018
-1027524035
-1562045454
815282758
895970790
1557069802
839663875
-1728690546
1824731590
1723178009
1212584952
154230925
-371391260
-991381936
1575218493
1124854636
187539789
-707391160
297441896
2045085610
1244414644
260505859
-1989372734
-1609479853
-1381600619
-107303388
-1562139643
77372785
-930745699
1146141306
1680238951
-124087613
-601855672
1489050333
944019159
-468813396
-1732070196
-1562953155
-1086794107
-1530130578
-706475979
7584247
-1753012568
-1538086761
-2088028464
-1015454870
-349786757
-670298437
-1171074611
-205578550
1256343943
-525400734
-1004602337
1932133171
-1574215129
-183457212
-52291417
516936705
-1327055799
-508615501
-1879329136
1697873758
1699960689
-1946986408
944726012
1085436443
-715679997
1842253601
-840487200
1599263940
580991937
-281784711
2018528299
462423533
-1123225199
1581239226
-266486483
-171711022
-1294830204
1071100895
738206518
-2136946913
-901867501
1889155710
-609791618
1176049931
1033150378
-335109132
109894980
2052005546
591712106
1568194273
1159007288
1626883971
-616688085
-555876138
962970909
-331023008
-1845679681
1934834253
-248944982
1008139109
-614755715
190125529
-1670534991
2120057444
642083581
-736307554
-701699197
386924143
-274409440
-1889138174
-1961715311
-1934298707
37649746
-76472156
821133142
921450609
455766290
1742873228
2003647860
609286792
457799090
1650061988
1053178141
-1116152366
-1378977189
-1868835481
1992928948
-920957421
1727047764
-319279400
1943915187
717549067
-1000701821
2010164148
1429990606
-550992445
-550580941
1301891562
-1276544679
-933232087
-1111200745
-553847734
270654694
377838047
96875662
-1341938307
1223337522
-684430513
-697008600
-1635563979
-239805887
637806594
312085352
-821839196
310175430
-636051150
-1566679861
1154601777
-368257336
1992608157
-985944055
226759785
-1373983357
-1067188069
1895772058
888113715
741804939
527481458
-434235781
1270487624
656310839
88791529
-1215116239
-1147467295
-2008925892
-1285189862
-534692595
-130962767
327338647
295030668
-1944980814
-1922735339
1969387696
-146293887
2137501908
1270973833
-526245188
1326744715
-766797246
1131588446
1099864930
-2118669980
-827842011
-1229814103
2038056353
1710988031
984305033
-1211474050
1715018736
-1406984486
1080887581
1151578206
1580434854
232129174
1669240630
-1788766739
-1811505508
-51579704
-839624167
603260391
-1158753008
-1260284143
1875607161
189333844
-1583087156
1634016619
2040613438
-1933363717
169631366
32575174
784995207
1437123347
740163210
592116435
-1355668494
-88206016
1423748502
-567461602
2136149018
-1166799427
1633442052
-2100034206
1345071969
207874261
841901870
1162841368
-220893202
-1426155625
530751757
1131463248
-684748039
1634435273
1005228579
-1808791612
-744139451
-153232100
1329103514
1187645994
-517636114
-2123947359
-825135187
1858099913
-1699369628
1606431611
496739911
-2035245233
-1753604425
719995862
-1859525655
-1613862175
-1861279468
1763945239
-1948442160
1543050354
-355154033
1790710868
1773497942
-2044191145
-778699486
-233389562
-1811122024
92144411
1241527029
-2115970819
1190834776
-1141212272
535899871
40691347
64105509
-809332186
-2064335316
-259779036
1428721593
-1501161601
295981216
940624317
211541153
317672514
-667500613
-217216493
118737699
-2055023570
-693189057
1818132917
1945893211
2049132146
-1325732881
1575679877
-1525594457
1791815484
-2025723496
2091875428
1092550980
-1403808112
-1765619372
198754348
-357643719
1010131034
1012942605
-1669185053
-1099410573
2083723717
-882690752
28528428
-1702077391
-2104522803
1635248643
988284672
-1459056735
970754835
-1633224632
35345310
-707253813
1381379311
-1656112797
1344409536
1893697198
-1640437301
654273225
-1971926258
1932459944
193055918
1756357658
-610737705
-2135180518
224145431
217393504
437836798
-2031922613
124401676
-367698535
1972848434
-1662422643
-1705879183
1531631986
865763425
-856893795
-1932688739
-189765035
460529774
-1950133937
1276557610
-771490395
-1079115744
-1425888662
-1957281524
449985608
-938604706
1685492944
-1599102748
247585381
1475820441
262278370
-1321527402
-1696751762
-36191864
317508130
816338712
-114791840
-2018327013
-1996249319
1725012109
-1900628407
582779560
-637721734
-1570546287
1178428170
1060491371
-1925094266
489583318
767411806
1906900781
-548972622
-771815441
-1846327014
-1903107263
321837960
640479340
564597942
1351503543
375001802
801530406
-2108517109
987720140
1235633628
-42482469
-423505314
219127455
856094307
-597137668
-1544362084
-384955350
1900808488
-2089997371
-260040473
1564718191
-1526322622
-143686002
867585617
1747048945
-1693790348
737695585
-749603098
-2060173211
21724371
-374113077
-705128465
474629289
1405759404
-1933955337
86346869
-1392181259
-1481698396
851408888
1336195332
-1421350320
337765919
119233893
-568445008
-957566908
-439637019
1701220138
-1310572452
-772657196
-1593074429
-2078167139
1666502969
1600770222
1379166959
-1929344817
223140749
-1176130660
1758807278
1495450404
229832885
-715311808
-1654374726
705229094
-1377309843
1034248192
1305869662
1974338709
792424781
-1024169666
-1610035611
1377468610
356526230
1220068812
1051168051
-330826212
-783184338
-745676385
9108145
1149293323
1684887529
-393173311
1910926128
-1060047364
-422465783
-570359924
1677127302
-237343556
-1410986232
-1304639468
431642237
-1464804087
1963773076
-571219227
-1062879378
-1970990490
-1554544422
-667130642
-374767832
304254255
-419883770
1378421947
323657237
617508588
-1611429366
-1426884374
-679985505
1496864745
371824799
-1729179177
1766168271
-249361915
1004950921
1166989977
370630711
-1972116278
-1252063714
521837874
-312614382
1068863166
99004680
-664721919
1742928297
1946902520
-1329367223
-1724251525
1715848439
-799514123
-1139672705
1493333786
-1951149169
271972523
-937210519
165912724
1619657149
-2105308961
159795113
1606218832
-1232772628
-2078691405
531963339
189912085
265214022
-2134843518
2053940357
-1592776444
-1045279583
137655792
-1002262976
-1380894264
-847472999
1878564668
1583697367
-1051381749
-200701959
274373335
667222429
1053622571
-46286498
5780794
-1652028764
936226349
306052382
-224097548
1808102460
2063798001
166763621
2060282114
409636794
-1784177497
-1317879135
501603938
-417994630
-89526399
535739167
-1957702934
132052006
-859839574
-1662655242
-1450723499
-1263402185
710056310
1137410339
-1787649378
-178506309
19776729
2113650421
-1444908912
1104902233
-1081081827
1726786219
1442362782
1363332498
132191695
-601038245
1029872623
-1044158647
1731098106
631125268
1902443965
1617908868
-203601257
-124219321
-1203941153
626182004
1560600387
-326901918
-725534813
919418802
-86290382
-12729923
-1387803935
-1243355957
-1194740637
1569340089
2064970060
-1193575170
-1990445291
-2044936154
-732801013
-1174475709
2123748473
-289846555
1061609607
710252431
-1787384408
1489194446
-147417210
-1687451562
-318822442
-410339629
-547190407
-1536013231
518605512
486891109
541132817
-567702143
368382595
329615638
997995799
-362109326
1379641413
1944346495
1036904060
-668813628
-1966557512
-1138655133
665663407
2000354279
-201831067
-672722668
1345543214
-2119732699
-955578522
-1162612715
-572356768
1271923173
-1874237089
-1604063744
5438880
-418857683
288008879
-999804758
964141724
-116264600
1786928609
1065362564
778868960
-1142877847
-1157911448
1539678275
1809303213
-1652573265
1331698059
115678915
-1576250353
1356751082
127074462
881144616
-962628050
306990781
1007305330
2104400710
-2060575773
-1256250683
2132792846
892900418
-1929883762
1345317338
1126117534
-1772923527
-1108319706
477392788
615299243
-1383803488
2066297745
677347857
945076364
-393593301
-1955582923
-1139069452
-722303973
-908939022
-661341234
-899926352
1920452012
1533953042
61370753
801001221
279389755
-946448367
1973420337
864867786
1658111204
-1679643579
829344274
550771437
-1745735273
-275720843
-331632005
-1848414024
-665657589
326761152
-1696109313
1520995669
-2014232590
-441647939
-687244611
-695140204
-2083781777
157379299
-368410889
-1381580310
511059140
1884941099
2019014625
868817596
-1167343024
185792499
1242869947
78868701
-479662153
1938102309
2003665185
22525269
-2111899806
-1190136424
-839045727
-676693148
-1166557398
2106979766
-270467698
-1804928058
-1419885489
-1708771234
-582297069
-1236170697
1258185390
-284352246
200411786
-407686344
450714419
-1509831116
904061454
-11423725
1062194571
2007573237
-937217458
-1896173795
1827215646
-837990673
-1968531548
-150324677
399202620
1580384365
1267397221
1427625382
-880906091
-371028792
672571770
1515088114
-1318594578
-900539636
1972851247
258683979
660874258
315509978
1359051082
962614786
715028230
303292815
-549598881
-1503943609
64049279
-1473777755
929249890
1606082360
-2065731176
-554643367
-1831766402
243433242
-1419065409
-327147122
-1916485596
-847469851
1006277360
-661405199
721003878
-226893051
-190760154
1776806748
-1350036348
-813298593
270895373
1705381759
-561863225
427755409
-1296419333
298998461
1197485709
329019518
1787430689
-44826285
1006825893
727360009
-1878136835
1532148415
747765980
-1373357537
394639379
1986400095
-40983593
1312905723
1430503387
2025413719
-388442077
1732519588
-1928986372
-1156468296
1777548938
1067339194
-1869097541
466677469
-100136536
-847015309
-1767271507
1256440088
775274941
-184965409
661857716
641624206
1808003523
2083902835
210882856
-26843297
2001539523
-2039660860
-1679779245
298155785
-689159580
-1136349294
755891235
-1838899187
1498590660
542724872
-1230444774
-764170285
764518794
640402753
1284127625
-1695725366
1050916411
-28620274
-702598404
1928583379
-74410035
876030966
-764646152
-1602764321
783041401
-45578371
1491636963
-1316200234
-315896107
-1000929623
-456603837
1405886138
962006049
669995201
2068337707
1921642508
2118098912
1629106775
-1206366991
-141498770
962288554
-1155546743
-2068113628
-216483703
-1377242560
-912129406
861605564
1486906416
1826838752
-2044800953
1391114643
1171148485
1941531099
-1734275664
2085633556
-259553317
423926884
895836851
642060593
-932834787
2094196137
448203240
179179418
399529581
-1950017753
193819208
331314731
-260954801
1753501242
1555806520
344157605
2147084936
1319520499
-938524474
-1500439136
50525954
1430369325
986375729
-2127725888
-2025847566
1458620130
-4154194
200164391
159865404
269598394
-1054642071
327869482
1519660309
1153044965
-146262583
-1710348218
-1670959382
-1580570071
-2144638728
660014164
1147822464
-1931559618
603390370
-1559898884
-367355301
1186403929
-1926545669
819385703
-113551260
-2006260474
-742805497
1262599224
-1212166203
377611578
-913179627
692171707
752766999
-215288664
554971020
-1968692897
-160339777
-1015387821
-1294692119
898625633
1042050965
1478409572
1146700295
-1766960182
-287355451
-510417859
1832530337
546911131
1344255738
1204346061
-2020597483
-1293239995
-219402568
380851493
-198720918
-1263751330
-1147174903
-107711669
-1631964524
-856840046
-78541989
1865193294
1522291702
-1676860969
1542229672
650848922
-362099417
1466635236
-1785967657
-763375475
-808407048
855287779
-566316702
-2099934135
920849589
-1879112860
211020088
1035595723
-1465125461
-1590403179
-471469597
834644028
-568084758
-1172906064
-987879955
-99812473
234833484
-1541678412
2051102080
54266667
-811126859
-523662249
1550931532
2138828881
117080475
-1377541830
631057836
94307617
-457867832
1621643870
923220235
347336528
-2037640610
1635255254
2119891076
965492733
344219420
-774726978
-763207736
-2039694147
-820131105
-33784213
704958788
-867129868
-1886032534
-371820317
1555572611
-2115334554
-111095447
2222735
-869371696
1143117837
-2046537038
-1809316562
-942587617
930818604
-1426416434
447037965
1699069484
1992455332
1622609336
-818313356
-775763484
-351775611
304414948
-1431260829
2008346372
-130716185
-2120071550
-746688130
1000469504
35229435
194202371
-133973435
905459749
-325799844
865317596
-1461507705
-1147912447
-270588246
-265392503
-468900328
-293007870
-852829863
1312066260
-1769757503
173949020
421565126
-394641066
643876983
-457116368
-1101415029
926289214
-945106480
-875365398
1797792531
-877279152
-667741774
-938089750
-1996325008
1440355376
409260877
-140129178
-368705941
-2130144288
-607882934
89271693
661255644
-1035355769
992873028
-698295312
-339447492
-1857082252
-1612281737
1068109085
450060920
-160691359
1351151798
-1669190515
258444295
408456955
-620417886
1506847679
1816885310
-1976643423
-1736129512
738275492
1070731746
-1935230612
475871723
-1720793539
1348317695
-1854710417
494862291
-1967197310
1005172471
-452704449
2102080932
-1717773179
-491915043
101808053
380217282
715313623
781496067
2072059378
1339801811
-213716438
1404082897
-995996765
1210081974
912638519
-630551592
-1381488251
1661459124
-1132470558
804950310
117796907
-711564043
-1269944933
-1103991845
-1577047810
1481044789
1115303686
501487356
-204342395
-739824969
1985894365
1619556486
-886469913
-1855926919
-1422093291
-1955098682
-836393043
1695810216
2109167679
-1572555545
-1188341301
1890136662
2139088177
1273413068
-1920727328
1366845545
-1389190683
-1870848992
-1983825732
17789654
1988407200
285231274
699910179
-532730097
1702108246
-1338175515
-792956976
-1632912710
1079924556
39818191
-1293415492
677542818
-352924673
659298049
566888607
-474729742
1968293700
1901126911
1649657783
851480480
1154878128
1990061009
2100296391
-251399130
1126806073
-844899630
744832098
219112311
-1722462180
-1270490425
-1051498392
614320432
-341679358
-1931070670
17791185
1555632398
-345470370
1409773800
-350623063
1943323040
-1454433000
-1430199839
-743968933
401280573
-2101410193
-1763804593
1601695281
-368798665
446369050
-965642511
-1213326822
-899532976
907208881
-1424469848
-1329717330
1073992044
-456668853
-1499867830
-600625297
851290504
1170158951
1608022453
1383589970
465167850
-620010993
434125095
-204216707
341994906
1927178554
270702029
1995242064
1250094352
-1741684111
-1072066919
-1552528471
-784731602
-2056019530
314809944
-510136988
877351792
592912544
1157109763
-432167648
-1110092191
-2107615798
-1917553580
-769397944
-661829296
-356368786
-92773220
-244947119
700417091
1747492428
80723667
1271098432
-509999828
432224720
-1903782160
117193071
-989324454
1741164147
1559566715
-453901425
-1109862862
288763232
-862586017
-761525776
1666263838
890838107
1442026244
-67945472
971376324
-1809391394
-115020131
1605645072
468303226
949033348
-1361740866
-1532984226
-910455046
209963435
1516704816
1962192719
1841246546
575847251
1097303048
-463983621
-1974626531
637573964
-292561674
618749423
1563387127
-1663487088
1662331610
-652251347
138725933
-544577555
628579740
-1346873481
2030416052
-1547839257
-1032553412
961123276
62945372
502223067
-1332513497
1730040371
1395437893
1364877159
-904192052
825628086
-1135965807
-1130641655
561988463
541267633
1088348763
-867589882
1251391293
83354444
-882425882
328162188
478867359
-445643707
627050777
1544091162
-828207918
66562546
929745451
-336912353
1510850231
70428038
-1584828774
-1841553951
-2047569433
1289958034
863938144
-423913568
-1904969206
1234523343
1102244457
-464144646
607890793
-1736716774
-184495041
1809856145
-1773787712
974647487
717405446
128337898
1797872216
-1038757383
564582319
1362260888
-258406571
1465557177
1450064488
-535570535
1470142028
215688358
-1659991214
-1941018625
-1481507816
296528229
-1510652810
-671345198
325328878
891476505
-408501512
1805582388
1153965997
-672050899
-236808819
100864966
-572652166
896524368
-736510422
93305930
1361494668
-728967999
-996484355
-1680831350
400196419
1189657548
329476768
-955907977
875016319
1246456723
-1664835700
-1224884844
2135962159
224023569
-50497845
1283716500
-222312664
812932188
1808991729
-743059646
1905231415
253218857
-53791668
-73991776
1922555001
-1585765995
-2076355750
-825569965
-1150051095
-1857453278
1370442363
611557437
1743516986
-335503873
1378699751
-1690226837
409885670
-1317214069
292894945
-840875214
44747654
-1709809380
145642284
-1919684204
42590052
495431931
-134698562
-1344855321
-997218994
-1896481869
-458786125
1697856696
-558286676
454024843
733254788
1265440492
-1489995052
1872651344
-970311560
184524584
-502104931
-1471483561
-148623271
-2130588046
-566596302
-418812991
-1478489237
1371788568
1171005992
1606820864
1902098073
2142806224
257330385
-85245542
-341777423
-470867680
-2129153838
1900656684
866055506
1806757375
-831459342
-1842476878
-1971560860
-267242308
1228128053
1915310853
-2071219769
-1567027425
-1973675735
-2103739484
-171979378
333490381
156189054
-7116362
-712123666
410965744
-620057124
-144268977
-574417614
2075723287
1561864177
766623218
159091698
-520117670
1339653320
-964193962
579228803
720723393
-636531359
-2035488147
-1084825935
-1690699547
1906562173
1461405857
-378904405
-410619432
486258104
-320536736
-956068290
555924801
-1449383459
255430106
848170822
1369140683
-1575543691
200355593
-115447456
-1927287360
589500065
-604838415
1335513316
1180184304
1741542185
607685161
-429877998
1661662423
-1944684588
1248368793
1292311434
-891544322
-1121193991
-449459068
909680385
1811712417
-866954155
-718224184
-1239210703
1662751377
-430846945
-1162331804
394485777
-1635508132
1784902490
2105050427
459828806
-431106646
1921634921
1773373463
-644960551
1059908329
1485945576
-2087312144
1776786473
-1728995284
953785784
426827884
-1630543326
1064462672
1390325340
385704873
1909728174
-1834338208
-249010301
-298653894
502801259
-1014592966
-879803163
566741616
-243580001
1014438258
1230292561
715053786
-1856990872
-1584702603
-1588588537
-398258162
422563639
34089969
651410498
1702674344
1200108159
-1625142668
2133242393
288853394
-1007368024
657493587
2125665671
-1046438779
-1000491191
745731277
-743725880
-807877936
-1880044650
280620399
-820439322
1041155928
47123735
1577814201
-1035579502
1418848991
-1728821349
907701505
-828670921
615334280
901300331
-247679593
1315270220
1579196570
-694383935
1607409705
1460127465
1444160644
1460612986
953363561
1173211037
-1062235360
115186699
-866315796
-361309058
-1320214981
-249852751
-363810731
492385152
-52213163
-1661147668
1413143986
1925575946
513932708
-798576339
-435767515
88076742
-1928660129
1682354381
-1423648826
80665016
-727560392
-1204043967
1052023239
-28946286
1659333929
1695051148
1805501913
-2114358459
1194854771
-957573900
-141863729
-1784110373
750382307
563728376
-1348589696
-335501181
-799585962
-230551936
699980016
1105168109
1552765568
1887353174
-1749807439
537169112
-1970987288
-406710060
-2065896569
202800360
-1729424074
267121375
1209370698
2000936636
91842992
-1481272301
1745458960
1349438783
846098434
-1908885441
-1855482742
2098648638
1970259261
1696073235
590425006
-464994501
1978111521
1241977368
-1321488490
-2096807040
-1107720801
-1881465633
1260638119
-552788106
922810264
472711293
1418062326
1561460023
1096991723
1915224374
1820237798
-1758390688
-1147628114
-1264028297
1284346133
-107634900
-1375962438
1955100937
-735158152
577654462
1145005932
-752345212
890922948
-649946947
450736810
-266216959
-1771586289
-848729051
-896479708
1257440275
-1595904329
-1523807396
-1511145764
1902889974
2000099714
-1941909117
844372455
825813513
1064058118
1106049295
1833535860
1896668025
-636882357
1522382743
379198989
-1407871938
-703469394
-935378193
777383965
-741942197
1741933831
-534670476
-1874274895
-1747923967
-744456434
-1129449559
219230338
-174253084
-1380927238
1875496194
-809035725
-1624949872
-1126429334
-1188335104
108356822
-1617009683
-1876467831
-1390164611
666525108
1922570401
-1375717012
2091894600
1493045325
184339654
292332733
-1364513292
856200093
-2111070500
-1278383714
-30013971
-1096631391
-10657791
-1823811641
2028776907
344981784
-67741089
-857571856
-1313684502
-1411866226
763988709
1871606646
264689978
1799830421
-647413191
-94037960
-1495401134
-412259499
585916652
2082107074
694384587
2042047303
1951310575
-449153875
-1964358965
-1219691203
-1786401211
-771351227
-1012720928
738271141
1942739193
1129501292
-545048562
-1903930611
1396496978
-110714947
2046100522
467858409
-521151674
1456040948
-357735831
-1592562540
-759326165
1839588492
2127911987
1852523412
-644311628
-1764032599
-60733635
39864866
1061712666
1216952376
-1989429034
1800384232
-1481043047
-789256108
-1476666753
-77793012
-601813731
-1001822741
-586943551
-99143827
-95782339
-698432095
2027830587
364032043
-947628696
794716147
-849653510
-980779924
-1670261923
423670943
2060897293
-243008419
2018537696
-555702205
-939788969
-1575190665
1319413674
1913133124
-1473413722
1536687363
-859275616
-1499344655
-132076284
-130230049
1423337800
-1536364057
-261254835
1107341442
605956728
1616850102
266011137
1606841404
-470241713
563726788
340168027
361648322
-945090711
363829105
-1636457822
1308372202
-665306290
-214423684
69111230
-559824974
-603723222
1921973924
-1588783091
-1278901626
94428611
-1318872430
-936385929
-869268542
760191910
1084846581
-1449603905
-1373807244
9574052
-473607441
978058780
1275647079
1837890428
-842546257
115237640
-152771748
2041484505
878332254
43889750
-877513062
-425035138
1241495871
-485926006
-1735631959
527466431
1755707409
1510262884
426453337
900633906
1552534455
576785342
-2092686327
-2050190938
743678746
233098135
-47750619
1597511252
1751021646
651617390
111654128
-1072823724
1451766003
578898900
160831875
1898129746
1006444765
1265043516
-552290796
827670913
2036765431
977359381
-712644741
-265798449
838761571
159724058
2048926450
-1757183655
965262822
-1720438552
-969428964
-2086292192
441751427
1070590928
1373339464
2040336637
560935525
930194158
1400020982
-1392677166
-1638243071
-24898438
-1025762407
-118716670
1663636859
-818988707
912996510
-617606878
873782857
-1821722873
-1925813844
1836104688
1085724950
1252334207
1154444589
-694144893
524792808
1278947515
1155490061
1725928644
-1578535804
899420209
-779497790
1411858716
1899990544
-1951684691
1378218891
1690803566
-1262473990
499050085
1292749051
2045139271
1920195865
1521078602
-952725064
245003092
1401351697
-418834016
-2025918848
1132250132
1667381754
-1804203824
1004191597
-911605811
1379349059
619500924
1699042681
