820068924
1001238415
544181482
-328532471
-1559450761
87461347
-556694965
-1824164793
-1325920833
228423246
-101719120
153700846
-490514799
-754142266
1522361204
-1138073456
846250973
2093283208
2094816604
333662990
690302017
-1203056836
-1806795797
-1925698979
1076369018
1383258455
-1293361421
-270265716
1317622807
1708284865
-859072657
-1911997435
-2005331090
1481646263
800361616
314344722
-1531274028
1726725617
-571269611
-1660352605
-1637273849
-678450681
-196929569
-1183791282
1892265711
1730462735
1462422212
2025569174
1062936198
1684287883
-236888413
674675311
-117240045
2018424450
-1015041609
-1852307711
2035450525
570354668
1351571760
-1344829268
-105713506
-956434350
607164159
1050996300
-988651017
832089782
1179212017
-1006222915
1050728484
-701679697
-1464036097
-1018318943
-2036304976
222800088
-573925661
-969046176
846007787
216411755
313529070
824031088
1844918745
631483176
-2069687784
1224100309
1882841196
454161019
11144024
341222635
-521081866
930808029
-1715814858
2001310819
-951404840
2094192249
-1856789858
110255754
-290115201
1964627987
2124153333
-45127215
-1417481327
772397605
1816399217
-1226623351
1278454882
-857327030
-551582299
1171042541
-1058101588
1911139040
1141557083
-1289478299
-2139794561
1297257703
-61648475
570568969
197070966
1824076847
1373247798
1114304611
-1227973333
-462892622
-927515411
-122773895
1365570540
807911486
546041778
-321996279
-1539540562
2138046295
-1926714491
1771419414
1655880001
-992696230
972751316
-520869213
-1938416187
-579958299
-1625842420
-350327106
1513119836
-1377004170
-286636175
1142031039
-1166172896
1032520530
1776225074
1205480401
1426801495
1576947879
2129969079
-1654679119
-1346808603
1888320500
-1369794498
168235958
-800347903
375989160
1530890149
-98602480
-471849429
-1157403895
1695780232
-748722348
-1623578787
-1257846441
468205710
465034807
792887424
1674061616
547301888
1472720793
1662965281
99806774
90818203
-41175867
-533054364
-1057755410
654852262
833583607
-2017177288
1234321643
-1468975291
1149572381
197871052
326336811
-1168234737
254895330
191400769
-1053093184
1004357598
-1232847897
-524347744
-2016787022
834860007
-951239597
-1006276595
1059162147
-840831991
-1406900339
-1547370180
1086391732
-1785524887
-1094359480
1729845028
-395749081
1317686334
-1953968961
-2107553037
1728263237
1786775529
-1535713471
1416054337
-1837161982
-1022161848
-1088185616
-1716185465
-689125666
951637067
-180615483
120521682
1729840013
-1495866938
1202262230
1701387955
738893274
628702856
-408126501
487389561
-997174329
-1681425747
-56581906
1246052513
-1743815431
-1499808720
1481378193
342222477
-1572397486
296530884
-884595211
389994100
692032479
-251622685
251306873
1072849562
462042357
2024021798
-944953488
654827968
-493578602
1140399831
1052209703
-268029988
620957720
-392504636
-1336398299
1130956301
1310483976
-1662066347
1896411060
2105499080
-611664053
-457459999
-1732892512
-1963961513
5523590
-1342030020
647763006
-1249428604
1295002047
118205588
-885530705
1623122065
-645746108
996607869
1458344550
546249322
395697867
-307321783
-1745913114
-578865635
-1336828454
-325117539
-1593302064
-1036853111
-1190562200
-1198617536
-1326705380
1338935381
1999336644
401368118
1874781606
988506916
-67731018
-1017200883
-373071636
430096902
-602109981
1939092342
-1949121258
-1480933071
1989610357
221624854
-1409589963
-1619566864
-650438661
-506605666
-1762133041
926684634
-1291605875
-331930600
910563739
223024711
-1445466573
360082308
-1296524152
784440064
906303622
1091052451
-926840060
1824019765
519668888
-2031852783
646786938
90842035
1162442256
1527252377
883781659
-424507051
1541652121
-1082930748
817651424
1314428603
-2164867
596063155
-498514480
313670458
-1716637300
2074495278
1305719678
1719087378
370556738
-210339076
1137462229
-463865626
-1356137176
-2064625804
717971735
1030789224
808336506
-1404525996
-659973853
534646867
-1063242743
1837993424
640099062
482917790
-580150429
1241534702
1485979763
1018763758
-1458187216
-1980315888
-1129961370
54497099
-1216494114
698631378
1508345030
1165447958
1698320256
-1663898090
2119438650
99056698
1079210995
-1399596708
-879813154
-1834825566
102736962
-1417833386
822934086
731497962
-490681269
-1233789509
-430207806
907694424
2018706850
1518119003
-1782146589
1655874317
1754862772
-1061438605
-830832578
-1956816777
-1173285841
41911362
-567251857
-2076233207
723382945
-470618917
-107263648
-1466533842
-241654177
1740721213
1081929931
-754500742
1021721511
1147061152
-1832951811
1533994018
853418249
-1628922607
1063646427
136103086
-828484094
-996901056
-2132347094
-202071060
-1440653335
868125336
750645770
-908365273
440674574
-1106005104
1779147203
1595776409
1328033311
391573056
622885315
1568782877
851484109
-988479689
135988967
-105811928
991907504
881067403
1133752825
2127423226
805351272
705237552
1776526969
329522703
962860292
-894476147
338485664
-1941378596
1374686118
8520780
1176874401
1395361719
834178406
-663609231
1560939825
-1574372074
-554220682
-259982418
1530518345
102348283
-1734068857
-259619340
758293290
-789178705
-1260418197
-60677299
-234851167
-146410323
688080124
-856895512
-1053738868
1482304225
-1120007109
-1293880971
-16103012
-1928413934
-939096645
-715298381
897078619
-1312342373
-1194802368
-101794234
153995633
-851546015
-1692025694
-1755158067
786714914
1105021440
523694839
-1135236556
-252041446
1641865799
96903664
-541958074
-1712570516
-1162220826
596583299
1231148165
-256209448
-508054683
2056939978
-1113164483
1632889932
-1801722024
1191490346
587915734
-1325701715
1856732113
-889987913
988141418
-2056197930
-2054914027
1187444439
1280823959
432252896
855098769
-459800539
-90146155
1297393571
-1950313714
-1687950697
-420009590
-1661713539
1713887011
-1127526686
1156785692
1668131153
-226259477
849375772
340091464
310350290
1230654968
2107474339
1011798897
-1888372479
-1291964281
-2031605443
-1690585156
-479536396
-101611276
-390731904
469589146
1738750168
-1214570640
-1179204492
-905889115
751561272
284615408
1226985078
1746762416
-1010598274
-766818712
-526581410
1729640472
-1204505926
-994394824
1005222884
-391113632
-196853854
-1442051354
1187194687
1264709629
591332313
-1451533810
225064206
579918957
-1064694157
2131840662
-16050309
1802673037
1412058553
1025279781
1739839390
-1032568788
-145627608
1748845013
-986452450
-1410350118
1706915263
557455398
-1803714018
390374918
-326383750
-1747974602
-694078891
-638392249
-1998669031
1176449326
-1554330498
1249442809
-1740872411
1215897855
497522419
-2052426484
-158094540
1349280078
1531252884
2118030872
708305003
791985580
-998159635
1253247411
-245684668
846630154
-55295337
1519410438
-825780848
-1314996117
122411486
1189285790
18052031
1235790043
2143967652
-610972545
277674079
-1415206753
-424567676
495100031
148793058
1332888493
676546618
1692418512
-1137475421
1120355166
790673729
-366363427
-1833594069
344777057
-6585155
912988762
1791207087
541142515
582071451
-205598058
-1331654435
1285694796
39789046
1634148883
-542576681
1860118620
-165703236
-984640681
532631935
-1482896201
-1756137583
1144836612
935135989
609302476
997425906
-1883366618
-308640675
355367261
822958749
1716838092
2129263845
1899206955
1195780656
1551656665
-1133769979
1448365040
-733616624
1166317339
-1573561079
-1372421231
-1749522036
-1496311140
-414089780
-270250349
-1715481791
1211601464
-599350843
-1074545970
1183171519
1717082223
865779783
678276961
693068396
-1867469188
-1430618876
-1229983258
-1714271064
1926325926
1889969618
-84555035
-1715023054
-553885739
315967665
1638268301
-644470327
1850402407
1677698572
-816052576
399076630
141446724
2087093055
-1445865809
-1446468920
273898031
-1549098663
1483635591
868685824
-859552673
-1309713374
-896439061
1269613040
-1043710898
-1931889313
788099202
-1113422658
-95916592
-1520545708
-366917358
1390511277
-162011802
1500848521
-1604606738
-1564220034
-477305389
1894897361
656080813
-1927832556
-1782349072
1932278663
-1368823012
1503278678
580556220
-1407967973
-346066059
361676120
346119607
-2030013492
1839764176
63772093
-2035457169
-1807625290
941025241
-809729450
-1860997030
-2005112305
-969989182
-1767822065
-757616666
-1169290579
-1448025221
-826353142
1704349134
-938929717
447670304
122759436
-1524161105
-594207221
638444211
-2122577640
689199066
2081613502
-2139633909
-1352842663
1998903147
1458614883
-2109941237
-711837116
12141978
-1594805907
41611029
-619489795
701148753
427737417
-260667199
-445079814
2101344765
-540976225
-526855991
-1160671770
-129488728
1737340375
-1304388792
812916679
-88823225
1084773598
-607917789
-1111123614
-30382000
-1203791575
1575132615
-851338019
-1629137776
-919861511
1724013588
-1289063002
-1226075846
-222933279
26656408
-2103984493
-1610971582
-879306107
43540224
-314128821
-41584661
-405085789
-1843371830
853693923
1911714462
-1734915241
619017023
128826827
489922558
1544675226
1571978912
-1831252757
-688367304
2022542603
-977375073
-528181752
1949076127
728680178
-1353720816
-1261099155
-1814938505
1312374657
432955360
-892430138
61494544
322470492
1779370309
-1929178290
-1226905578
146355034
214443319
-33441748
154314535
1943074189
653014302
886737178
-178370650
386875007
-948766004
-848971960
1719529934
-296642114
1259524012
1584823423
-1610740470
1671045275
-337921221
1073734280
781712770
426715694
-1614218056
448011469
350529273
-97028196
963968023
940398657
672385237
-1451859813
812045882
-818338435
1655998335
1610597430
-97519517
2001592619
1970058989
1332986317
-1778155805
-71057753
88193660
-808550816
-254260457
1939953890
-571535870
1138260492
1673659540
946204042
1106496547
50870740
-2143520351
498706023
1656866275
-382842460
434639589
-1467050744
-1358037123
-363799917
1777159777
1910719646
-454318478
866943336
-517442145
-117307865
-564669212
-1104946849
-761396437
-383362354
-1569868253
-1967124692
1389062978
-517726063
-119545720
461412416
829373385
-1488820956
969734274
-1445422518
-1113667712
171311892
1456664813
1964820224
1856950391
-1874432721
-1264223062
-1643335650
-1428691520
828984355
-1012824725
-36776017
-1110022043
1187500645
-752829490
1583808650
-514757732
1407904340
736990381
1428325151
-1378687943
1912185501
1936279475
-1527862669
-925967517
-1236828960
-403004621
-1421255320
-2116118390
-1859747180
2037762356
-1631807422
-634390888
-1563737049
-1298519600
-975603098
611866726
273622632
214257341
-1045435293
-1128402831
-859856343
-1580315604
1259086390
-314486835
1206868511
1525082833
-1768718903
-872648616
1621633805
597483330
-43084355
30125619
-1876190687
1323737733
-1899600792
78144622
-337558114
382517219
506913569
1352933634
-1779876934
-688280574
213489082
-1026644989
1883397065
-1803060942
11455053
85990933
-1366088294
1661205766
-1630236357
1311007263
715496224
-451331289
-177819279
-642056641
-41084844
1070672228
210967789
-318017539
-847821478
1732845836
404924800
-569645118
-594049310
1411027327
1039012309
434917258
850301136
-419182590
934511281
480151768
514195231
-1917525805
895563900
-2117069334
-757982974
-44944003
53342463
205038126
1927946828
-25240467
1293956462
-1503388172
-1595285744
-1730736700
-466501463
-547987100
1679109516
1105953134
-1471380034
1490127537
1166072386
-1152640398
1915951794
-1813542002
772936295
1161917323
1363053441
-971859487
353900673
-843439880
922212706
479688630
-356901045
-169231472
-835474866
2024785525
-2001899813
-1436219112
-1866797885
472504663
1682323462
-1436035624
234058693
-2029077738
1899477507
-1599712405
-626536667
1924553444
847158861
1406472407
1849549829
549262493
-1724207410
1143988189
-1465906790
1271728191
-1511306695
-1493615727
1175760435
-798952295
164903607
-831454164
-813905798
1942849858
1787220677
1968874528
-835610374
322528204
-1293585317
907539052
658407393
2046503994
-1179261359
1608476209
2050747142
1515750574
-935781378
-437686395
1893507116
-1944600474
1770345250
-438695545
-712054904
620860905
-1077302267
694737331
-1918412160
126828668
628137951
-1801752457
-1096590667
-1496005413
2139683194
-83198202
1114469699
1937657125
-1556925418
-991685013
1819162183
1471336471
-213162868
-588626976
349712545
-165841028
-1268379467
-456221089
21380602
-561874460
-172451573
-901736071
1840200456
1599822740
-1410590575
-972181145
-1893546992
54643388
828628720
487572574
251049388
-1850766609
-1402017566
-912839385
1497724366
-1207098417
1634597587
2026074862
421087492
1768965895
460210629
186032729
-811517955
-737795714
592617075
1740415964
1318078795
1110772680
-1566310727
-540990645
948966249
-834384416
1573087538
1594088624
29092608
-519050732
-541155550
358900318
1034563941
-1573280960
447903894
1218162758
484280166
-643321282
548691658
1607147656
-1731205050
171237020
-1796306742
-1976724147
6680837
2071785103
1362157147
1271983059
-289875997
1743495720
603104538
-1156903736
-2012620761
-203182651
-1948296218
-524341796
2090472988
104228809
-1563727749
-507701103
1666072412
-1736696433
-1735165089
-775058859
-1632277680
-630701157
-382480896
513540561
310312950
1026815250
-23945442
-1025536637
1575198437
-1897105812
-263483034
506032010
1161911950
270184295
947900511
-1395021120
577491907
1813237822
1183391625
-1960391411
204779389
-1265461734
95172547
-551056646
1656354009
-1489247543
-2000087315
-39714684
1263733604
1051237293
-892459571
1968024370
-1530515049
-1145437194
-1331865546
-1854770839
520360868
1050478099
1918937958
1486899967
1899989619
-1271652251
708683440
1675648781
1913898727
1139206453
1127072346
259631880
-406098588
-1236181528
-826550072
-1250916590
-687905387
507277680
-1312487975
-1400267891
2079089258
-1242788346
291346576
1376656369
-750098848
-1435894251
1205926646
706239199
39962628
-265129863
-381832129
789384054
801995449
671222760
1526524203
1582744548
-1626169416
-1303001680
1117191855
-474049217
-1926126760
-332402782
1906131668
2132135060
1406495375
-87871154
224051166
-1097715392
1879659704
-986226576
-452158033
-595635074
-391703147
-1224807255
1358214509
-1107507647
876194712
-1989488015
-2087765150
329925444
-1507658147
-1147778741
123642660
-1583337378
-609898117
463642939
-1253105163
2065954586
-481437828
382665589
-471501972
-1653794938
2018357545
-1501623722
-326974380
-188153013
-1207560950
167666839
-1807620141
-172419586
106208044
-285280321
-141542706
-1584972108
1034602788
-927844903
2095503756
-259838245
-425887148
1714788967
573508505
753082951
-1479800724
404062870
1806109164
358651019
-822937549
287888562
-255163573
-2024114294
653667975
205204187
1041531630
-1429487795
-253038174
1965192441
-1482252958
-268544235
-135644514
1815627245
54233008
-1127230540
1291328314
1979596808
-1115063106
517895960
970275806
-1187490624
-1298459404
-1102423768
-1554270756
2067712928
-806652894
991939026
643354104
1878344832
746385824
54345828
954815274
1072900342
-1393582410
148401179
242656673
-549633780
-636530882
-404014599
-1311856117
1756847922
-1918433144
1678435291
263269651
-646949002
-303957379
1975016650
-1731101909
1515828722
-1453299962
-1353011568
-856477557
-1709184892
-139912274
-1140253554
-977959560
-756101180
-519675515
1448353741
-1760519479
1949952818
946308935
-526806958
-1178826074
1985909935
1607363006
-463368267
1492271507
1080688430
-429744540
537331956
896689068
-692851541
-1262869429
2059917700
1270792754
244993883
1518452545
-1803159639
-1086905019
2142849572
380461358
-1589368313
-275616270
1354646607
-218413631
-1644288905
-1908845456
883688571
991601739
-2044387810
93865639
-1873738028
1366367210
872887484
1372728049
