1592771822
-659711466
609474642
-1889019233
-1512242337
1943189110
-1162542917
-1703480549
-790954043
-1197208972
-1883909208
1314579633
1435238774
2031289679
-1646626486
-252167509
-426903100
1846489535
515613280
-1235776519
1765302385
1079855961
-66946101
489892144
-1946754207
419415607
2029504353
1822631638
1215487377
-1901220649
1605053953
1141458908
-915879609
-1505822653
-9101594
1618119787
-1339678325
-255605134
-1276719040
-1849923357
343893717
-43117842
-798935808
573040928
1255488263
-1647585866
382008307
-52083714
700106909
1246342245
205188114
-1077501153
1396631842
433353106
-550161897
-1309596949
-1073955099
-1410177414
1254060883
-1320202537
992982509
1863504604
775731646
1794678250
-1571676119
1331511076
-82866865
1140175741
-7544597
-214455093
-996553074
-536778686
531749783
-1135775491
-1614338457
526573446
702683543
878089595
523116352
738012346
1268505489
-428219454
1963014988
-193639121
2130446812
-685638035
231382049
2065136160
1036105775
1723870423
327290760
556865269
22655131
-427967228
288789907
-1759199290
1512257978
445063104
293712885
433208349
1031703592
1386881800
-829674867
-280733185
-1370969294
1236463273
1993399619
-1288506067
-848325427
613000999
-817625321
-2012762457
-1685783350
1573706464
391252599
-17295247
-1612380346
935533935
-1769311536
-642754152
1500100198
658535765
-1946092698
1177914999
-688193724
616726486
-843600024
39282998
1456912932
-1479512288
-1878886594
-746793325
23781866
1641694898
-351951066
-636507420
592434896
1537538555
-59350274
-1450730660
144152659
-1996009151
1054665570
1733625741
1434593902
76921028
2064001017
-135243987
1828100618
504978979
-984415476
-363139044
-685550412
227622909
1281976920
464193701
1369425808
658641883
1924401444
906746371
429160845
-1237047732
760942484
1026553639
1728976089
1749850449
-214852801
1439419320
-101510249
1499571451
2042139904
713721691
-61144113
385859154
-15656951
-1890584268
-2038327642
1244645497
717600317
-541188181
1568599758
1835840527
1978871229
-1474465678
1787945535
-130469673
852386755
1278418119
744497958
-1792256614
1829681327
-159328778
-2124708834
1111908939
94439775
1209914914
-1850029155
80543852
1031336387
772878659
-211301712
604022192
-761584465
1494332018
-97801494
-1896678174
1758784754
135252324
1300080537
870349061
306326440
-651015117
-1830312389
283997883
-603691060
-533261980
859267632
-1186361366
-1901935855
1354016293
-521527376
-457046628
-1330386959
516596950
-1431561730
2096522278
-84916987
1436708810
-1666965283
-118438516
266086807
-788900786
-2116609725
-669690333
-2078369931
303127017
1937134924
-1233977480
1083366920
552223205
-106498191
-256287376
-2123345244
-1522500850
1870648569
-1414110800
1069857312
1995574713
-1243706449
-2071967426
-1858914391
-263339001
-1920221484
1234618472
1991431379
-303754646
-332288169
479236324
-81463568
58033256
2015863619
-577202632
1196250533
1819652511
-263729032
139506780
658130617
1292762888
1982643869
1524997277
784692016
637907071
-2054269868
108670147
1422018968
-542044542
1514537904
1909363829
804307362
2104861752
-754660893
376040668
-2095037197
-1589257803
-1472399813
-338483577
274190652
1153789564
1886186575
-2049937010
-1433032825
-119760827
873944437
1081246713
-1274405676
479709695
-947358346
-249339294
-120168476
-1651611881
911185540
-582578472
-1919858605
1189799674
-280051605
-1754086906
-1033796884
2094214361
800206599
-1439985004
-1466061000
-1734862933
977550326
344174284
1054360152
1258262136
-22433907
-394883968
1330004756
1433177299
-329405169
1314042667
-204655821
886895527
922988060
-1434713002
-1426736628
-1427299786
-266780314
627025469
-423238563
1435343711
611877035
-957778766
190778714
773274399
-306744866
1097145408
1281934601
137281625
-545273945
1504920466
-1357690932
951103193
-625101554
643655446
1880185663
-387265130
-2093234062
-1701229860
43164740
1123599671
-215154241
-1745410364
-62600613
1567466200
-494561313
260305112
1274215478
1590444813
286663025
870017526
-1581209204
-923997914
291771576
-415510350
-1569356243
-913406284
-2106207531
359095930
1478371926
607549260
-1216892360
-1757547782
-492444602
577352842
-796738476
1203474880
407080720
-1904818600
1730482833
-1381067229
148669107
850916208
1725378183
-985480863
-31592089
-1884719586
612921704
648840967
-46250439
1588050250
-1407142212
-971883627
878532825
837149109
-562307500
2055670113
1704168114
-999479421
-381714056
684052411
-366141125
-889601032
-616937630
144199761
-2104462964
-929925242
1325370608
-742830379
-668815052
1275325447
23679892
2026276572
2003337289
1312388934
-2049594482
113351689
-2032369473
822149571
1972637021
736979050
-1681420547
576722359
1984583282
-1211675359
-1626640467
-1233364395
996171047
-642619066
-1584789805
830078802
1677479918
1055185676
132148257
-808002393
1762218957
142962466
1758359688
-151958891
140842505
-924163493
2115528978
1960179177
48776481
584063376
1446662894
912274561
365503741
1097397188
-1692359476
1097637390
-1005145497
-1969907062
-527670933
1989537050
1845365178
-1482197853
-116572305
250637388
-260897576
855973610
-740951433
-424119317
1676690529
203624308
1029448047
573356960
-879618015
-171915533
2046162466
1310033023
-1844249911
-964873126
1505636882
-972693688
2003277025
266022598
1898890379
1735693033
723745533
-839308900
1063312885
-1365350585
-860939474
-254966034
2062670954
-1862543299
770346427
-2132071390
-1770918520
1295021284
912276753
-873972523
-163939961
167407380
-1880778505
-1850007556
-925389939
1359814443
-1195947771
721433420
168930112
271155212
1174508118
1113379035
-732472419
-294394006
329049212
391809799
-1105874169
238452294
231850420
-1855995242
-442236765
674512309
1601599066
1276705567
1612624610
-1247251481
-51620962
2113442215
-1290833058
1162548580
-1700175496
1269348750
-1621447702
1316118167
659995609
312861612
-354957084
-806450800
1566248738
536212406
-1233466164
-1094411259
556525529
2018699238
-833943270
-138833511
1345833369
57005787
-674492341
-839948704
-1159315126
-300324931
1077622076
-186006110
306865810
785983652
-816501828
-311926561
452427915
604333882
578592347
383857427
-248593994
-1892061282
2018758024
1665479739
1117277998
561796491
-613905446
2086551831
908658464
861055929
884157357
163396400
519682682
-1842754174
1100886513
270247196
-773075486
-654598455
240509502
-142328064
-2092796439
244573719
-109316054
1221224277
-535362944
516859142
-1957879329
1292911599
-889066070
-1212607774
-2062872601
1469577019
-759586445
-2047533684
-2024329655
320628168
1879255328
1197053089
-464037158
-458076152
358629799
-1647877412
-1774244660
-1896168362
-1851163295
-1999734344
-1452433014
897330490
-1636143363
1766019929
-1946664248
-1316519956
1195446199
143666860
-797304363
-1671213290
891344074
1285253580
-930216909
1305396702
-1712510941
-1429299545
-2118042264
1586155299
679884886
-1755290143
-817614314
-1799885563
773739477
-1011031048
544010313
-809794389
-711113890
235373736
-2122331888
-347626944
-138782795
1047693456
-1368918194
1095530813
-1631773037
-1412478700
257122257
-1857346323
-815795490
1501845125
-1698578781
-2064290514
-397485031
876926079
1355339168
-1233218700
1651536157
-2101954414
-2058063800
817720339
1154331145
300666660
-1002286890
-1937750084
-1027011210
-445928811
1604803217
-2055769784
967050479
1842012324
-544436895
-1675410508
-833215329
1370372625
-1740134748
-713089940
-307281332
1641986178
-1166247102
619883980
-1041614972
1006474922
-1424924930
-1918405149
-1586197739
-1498044761
1530014991
-1778885255
-1912422975
-1204178261
-2044541457
-1903312045
139472434
582337502
358291058
1058568116
-278607829
2085843843
-1334576103
1489136679
2032792320
1339009625
2131597991
848567164
-524586168
698511939
72152821
-1434849777
1954034640
-2103460310
1998056194
-293265841
-1247663663
1442991138
487835470
-1850220162
748406885
-1136654901
-1713621657
-832251723
314881847
270107385
1294806979
-1574564309
-1797341062
-699624809
1259610832
1961886390
33499676
-462688824
233409353
-234254448
-90182086
-2032371378
739616203
1459200094
-1800960298
-1155876561
1622672296
-1106769554
1400193222
-261006699
1869814009
1342111296
-513062417
1081341941
-2045110279
397339719
978251443
807369588
-66015855
-1316045328
-1368737113
-323763323
-1005489362
-823211549
216363145
-1569690154
-1157027366
-1898646904
-1015280272
697887852
-1291709814
-620971572
-1174647995
1707231500
-1124337740
501108004
-1279240591
-2035336483
-1388135387
-481571375
-1740395817
-148540854
480150288
-396076698
-386642939
1735474989
-1965701783
764450439
216190117
-1527057111
-1515526029
775211506
-567879367
413381207
-939251304
570472387
-537576953
-120230876
1350955896
1267062003
-1027637167
-997431688
-1831538621
-884962015
-595275063
677280027
-1808372405
768188565
838765891
1340524372
10150868
867229312
-1060460628
323145170
1770502958
-506282104
1180768314
-1011356976
-636315643
1175364740
-1832868636
1382466675
-1687040777
240893316
328390676
-1973145226
30064743
-476652269
609094811
1659209736
-1440719984
-1102857281
2094515429
1890088692
1976620765
908095449
-241647251
94162178
389248886
907156856
1897368178
223924893
1390154270
-522313020
-1958387478
-2109269579
1796433723
-1332525968
-789263689
-318314522
208710710
-1766154616
1840262680
-1687773479
-1536043515
-962568852
-1499844510
-1594767638
1119189253
-914324709
2104019950
-1501388789
206721548
-161203020
-500739755
-1696506649
1005964478
-1723823046
1618659290
1786342474
-1707861217
917457559
-2132319961
-1848675137
218739306
-408435229
-1823673284
468248186
758595872
-1020493851
-524569692
92292984
-383880605
2000146649
1730253545
233807332
-531164540
1451848307
73666377
1500290236
-426153767
1251161892
260132777
1942517428
-1458316588
-672960101
-1198600247
-375424166
-1005638576
206557326
-2095379784
-570236294
1093005614
420197049
-589637494
1852402115
-578223072
604059430
1004696393
-195450710
353638084
-1552642641
-1892329687
-32817523
-1886212364
1097681857
-780701186
1265254172
-1832442532
-1176909470
-1690479118
-38108940
-1161135796
-1826829708
2122610
466530956
-1133179442
-1527384006
1519853160
1570855252
-135420933
-1850085605
-304012625
240918299
1434265226
433513638
643394499
-1917054544
1369119401
1173301718
1719198648
1200077004
1477429775
144903574
-1795265171
-1279908306
105282129
850912134
1448140289
1513382920
-1548008075
1793209087
58890628
-869735015
-367695932
-1705684395
61196017
-798302694
-29878556
-1197804965
1402687324
-1948409378
2107717157
-1470538197
1685462119
-2034338380
-1861321702
-2083032282
1546603002
133525647
-1277764244
662279481
1996439346
761287529
133124330
1516446562
1148904089
1712880483
-1368440605
-837013390
-1311548008
-534556112
1423588791
1976796180
-443931863
403628212
1840891307
-657381363
2010262992
-319658009
-395627011
-231864892
1492297931
1885676543
-1917634248
-1641457659
-74549112
-1904501298
-571914551
1002239233
251090518
-1342296472
-1348270127
60667033
619344735
-1760454392
871413052
619017947
562026198
112516915
481870609
1064865484
-621483156
-972704994
-1412272885
-1659857561
479064071
1668230220
-2090600343
536013030
-1957609547
-939744645
1392688898
1375296575
538617054
1514459840
1851807643
603446001
-407622727
-1325419792
187789180
-1661860609
310716417
-644114622
967846208
239077180
-1723899417
357338674
-1629154067
-34458679
-1778540982
-514124121
-687925948
1068965596
415626788
-1004170153
296994393
243286978
-1768574649
-241555862
-1473824411
308114982
-230451126
-1910193059
-462218790
1187488659
-1847529027
1885848873
332566455
-1575507657
2031132323
1859335331
-151424227
661537257
743377441
-661546202
1030923554
-316780436
1503453298
-410576018
-1974820379
1526401525
1135198493
495585990
1997053922
-100678422
-2068094870
1472882534
-1488334713
702509036
1902169105
1389351189
-1736993273
-1117391593
-1480014027
-1513363434
-682966419
745934216
-628264560
1333343809
1700475891
-837662433
-1003049490
-1751316881
-1390648684
2122862213
1054342111
-1195061733
-1885556001
-1849583760
-2142914393
-734130875
375824909
-668127963
1923677049
-1731082087
-1304420523
1911171390
2046329060
-1581579823
-831150465
-669843795
-732931699
1759629910
-719065161
-746205440
1015631902
467340333
-1798551389
2072399845
-687064450
1086752017
-1481839945
22676721
2011998786
-853250085
-82320697
952619420
1914286178
-1352898518
-1516741155
-193976432
-1054169041
1245123647
-1218482356
1887655202
490290564
-1707769560
-965827579
-357582816
1905861180
-1379951328
1753741096
-210118451
122758883
1691710517
760216542
130855209
843098799
-1719332053
-1534570395
699442292
1595381424
-1977535328
-1944736148
-788796683
1609979974
-1353507728
-119133024
12023287
-655454508
-991672998
-1845394042
807374867
-1141612366
1254278371
1062631307
651673013
408660839
-561149574
-881487272
-815947304
-872709352
-1557932324
1234896235
1094642451
1187362106
1032168633
-848411677
173182169
-465091954
1661518743
1895272858
-1149908740
-329120689
1455483895
1689832824
1716637043
350154916
825695157
114822406
-2034832804
326873691
946791860
-970990271
2137433155
453871576
-1661036614
-41796432
-1611258204
-646013621
2112445079
1778950840
-1677272402
118117920
1580773517
1626122287
2074814025
-730842693
524613099
1396319534
-1515612326
2099017573
-546125830
1628756010
-2035220667
515913088
-1188727267
-37164475
414466739
1489182722
-1761287885
-1066474270
-1009983083
1855646240
465005887
409005174
-1703969945
-5458103
-904468149
1917342885
766366649
1495768917
703697288
2003296653
1207311082
-511262210
-220819526
372787804
-310935753
-983786098
1417649618
1722929448
2102413811
2029034714
694136540
-956890114
-1507193577
-1655500690
1173930523
-1681786053
-936598275
-1592064247
-1659288463
1681303834
226038376
4503883
-1471962108
-1882059122
-169250617
987659436
1653144095
408381778
-891056966
-1835175504
1162473301
-166088899
-1327505707
-346922664
-1746977301
1544612570
505343651
214597083
660436599
1477463352
-316448276
892271254
683535044
594217213
505887803
-726552768
-940514568
-1633465663
2032603802
1300511329
1207664888
815784600
2055616415
1090148100
-846858741
1956279024
1660625836
-745580117
207941309
-1027524451
-2002543247
546441346
1408456965
-73088974
-2028706123
45695704
2076174506
-147121006
254832982
1142369226
1013186017
1120367302
-1982865266
218614848
-1248865733
1049489168
-1308665225
303259677
-1934487619
1244231487
-1323012656
193708722
-580962736
903458372
417075201
-1573933453
2013229915
628432133
-1875609764
1502987244
-628109394
269784176
-332147291
1993116661
1152243617
-79029037
984725204
1052502308
32711036
2064057963
-1969158120
-1347965822
-434612711
897183546
-1035662561
-2097528446
1135452104
-1788423651
-357844588
2071569710
-894393486
856191773
342645993
-411558749
-2044303360
481017093
1951489621
-1581949249
291622909
841671731
-343895264
-2051267304
1829079417
1920426675
-1104836322
953374767
324704305
-172023415
1775605624
-967226651
-377299476
2057986893
35502001
13809965
-241089241
-554351619
572943080
-144802302
-1752731148
-1669275122
-832950438
1692021915
-1609360098
-786070332
-994096597
-1978451747
425950609
1649431491
-293738139
-635258095
-1179556872
990671844
1696064064
-1496655146
1511713959
1287691596
-899182685
764804441
1147005884
233275067
1339004139
349754050
-594905216
1872396833
2136836330
1422573297
1818834194
1076610678
-1254240975
1810864489
65489734
1468359370
-922806894
-2109146996
714350538
-1227798885
17327072
594836488
-1873067382
-1991357594
1737260024
-1874867567
-1184421035
359418752
-1821240315
1536308944
1623174592
-1533914587
290997502
1343700890
-1191098550
42940625
-1252851853
722755429
-390550592
-723106354
628328585
-259531017
-490720285
-483483634
200098627
-732586145
-1330441657
-975852486
1172785666
1998720809
946107005
-318658806
-2045797298
-2100642100
-1551440268
-1085075241
-1207114538
1030703207
-1399667172
-1256669587
-1204282443
435453612
-473930421
-378297562
-371750666
2098665244
1557480420
220506163
-509023398
767705972
1624349749
-141548228
-1021261992
967962215
-1753353311
388484652
1621172836
1940885388
1789825406
-1541068219
2051681908
1110690457
302841920
-192157574
808167871
-618246703
278265046
2014094589
2076571335
-1759992901
-419661740
1523971093
641085593
49277972
772313041
1357563445
-1806123181
1035776005
739483282
-1519224502
216150247
-255900264
-1489973657
-68670636
-165258723
1821013608
883149397
-1319886280
1581384670
-954376808
2084403060
51600595
-522475346
115912965
-581904358
-329342638
1576273530
-1253905985
158367033
2097388736
-1383626605
-1827536972
-1857607163
-2015893536
-2008166918
-2086097746
-1798695
1201079612
-1091252259
792750718
318847067
-1436963715
-754357151
-279404423
1632316381
-1746536707
1603754402
-1898531805
1962848774
-755154534
128369911
2101997866
254105265
851826637
-430038406
-1284408171
420424980
1555807226
-1812795193
-1907243203
1278788389
-227204856
-1812171518
-385207429
-15571144
909928756
-1989692641
1131602466
-448551956
2001387042
2054956637
-2020222289
642782792
1871418933
676658706
831914687
-1808727520
42122015
1764418222
533305537
1187596477
879994299
1074169593
-84597269
-1756387908
-2088615143
1194625439
66001777
-1306175946
661812954
-514364690
-1547464972
1682804257
-785584450
2138872541
-1863136712
-1105436683
-695919749
1566958415
-555965926
-721814894
-500866352
545829529
924174528
-1266589344
809754328
1314458177
-1635545327
705692343
-1743569245
462296584
82692456
-414330751
1963498498
1953148715
-327300221
-963920098
1531468450
-1644933148
1654435777
827379335
488203355
-2052637898
1813142924
-1806958155
1432311498
-656483094
-1100348653
-563877821
-1844349412
-1424644652
-273156548
-1727881646
-1834125012
-1433409446
656945369
-1337497940
1728217808
1245280566
997973017
1622491947
-1281237904
-2051663750
873439040
2005413723
-267893289
-434051372
1684776346
-1991188130
543944269
-1560843501
620335021
-2112801520
-1219990811
1467018218
1015792557
-384719510
-494715374
21701106
-651898572
-213223381
1385743488
1461814773
-500900814
2143387572
1625987873
-101400727
367936289
-202926285
-1975135611
1541142329
-663620483
-1592836860
1028162414
892474059
-1708710029
-1983385773
-1766614877
372054846
117009368
-1937756411
2033115652
-1662102285
-1510783652
-762688296
2010301662
1811794767
-1675966978
-172071736
-601088640
-2096343874
-229057598
1303784372
245638670
-1341959430
379274658
-700091583
1283421844
-1860586612
-1897110591
-576944130
-1371245987
-166071150
-1455728922
1068486089
1837807237
1065169347
-1086184665
676478576
1329225165
-776241744
-1029781020
-869880166
1616588206
-2106455220
-1123053833
208010472
1828782256
-2147226706
-1022239447
-1195995306
-203161093
325215252
925269479
-281820441
-620196306
2062950443
-789243851
-1417006719
-339489425
1030931596
-2135676191
-990383595
-1951966526
-1208834678
1272575484
-1504823550
1169132702
1548789290
-1485961338
-721162565
1488270013
1603437426
-1785045144
-1421915482
-1898128077
1284902886
311844518
1723224135
1523253442
-1588059313
-940247596
698669213
1812302956
-447462722
-536688951
-1239899700
1096860744
1642611920
1954033042
1555715835
1876850073
848786994
-275880791
-918244737
1799608348
-423820697
-1144637337
1716067896
1025224864
-1862949688
1889664438
32732731
874481884
1317332428
-528760822
343200177
-1168371588
-92641143
-792995183
-1864927746
152173436
-1717564294
-113020760
-260286427
-812256839
-847124606
488733073
1118097514
1535599557
1114463281
-1931455645
1785816120
-1109436166
374657093
1160057153
2028522053
1993706193
-379992206
-1304889138
-1272410893
-1549049484
-325622171
766042847
-2095911175
-1840142959
1692639750
-978488462
602142274
685177712
-975331587
835345631
-162414316
920288071
-1711012488
-465427891
-981825163
-1625359667
-1225372374
2145324391
354745033
873520140
-575650410
610880334
385727935
484013435
2109693580
-1121098544
-775463314
-289904821
1147499764
-210401830
-870321990
957116929
-711645239
2114668587
2027034364
-956652988
821033320
369030474
-639807774
423355895
145670411
1800172474
-1682200430
-1299816822
-1478414193
-2000333973
-97956843
1921582221
-386305411
1630186866
1695838451
-339382139
1768236103
-421999876
1302506521
-117646077
1531261137
1863436160
446871555
-995969551
-1754640589
152281651
-1081074922
2031634735
1741957565
1660515009
868241485
1083862110
-1169329862
1244575033
1453807128
-2130498566
1402953849
1983308104
345753472
386848686
1249604616
972734633
-1419713650
267714531
-1646110142
-990889764
826222317
605763737
-2118426740
-1853326315
1390042062
1001436538
-574629157
1956369783
360596491
459215660
454188664
-381057919
730415503
489546214
1678881031
-785032248
-1859215116
-2055486139
-730606907
158602982
524315245
-1630978720
901092112
873634738
306896101
-1371640551
-105940436
-1405904208
474609512
-141135434
1793657667
981615307
149140674
783294383
-61889875
812645441
-1114120859
-1196607287
1082553458
-1382129954
184587151
730230627
542732044
188077932
1481440684
1384893199
808781424
2147266665
1355920120
900612708
-1843319985
-1123454470
-350171544
-504848879
886960793
1898368288
198560714
-135595723
-844844734
-1347516888
-1168141526
-460492050
-117927865
973345384
232085112
-2117868241
471719155
-1473323737
965289319
806728919
209688926
-1600165924
785734551
221908734
280957238
1747564955
1104170229
631908241
1755412161
1962070476
-479996830
-1845474016
1506528289
-1330245091
2063378578
-1491868170
2004720858
1134744505
2128583478
1445964394
-276870255
409050041
1248929373
-1027559308
-1904150506
2127799003
-1348604905
-239985534
-1502395996
219587697
-1839657893
1704102796
1244883303
-125687653
-586189526
-421688731
1870174525
-369967688
155029747
-1567314348
-2104995136
-854928103
843511609
133767907
454314628
1079523063
-125435022
1240449270
-1627114595
1204306343
1233352242
1588003614
1259487075
1388603403
-1096514424
-1716032721
-364292744
-554458293
-1616905816
795618575
1491093514
1194642373
-2014228790
-865389872
618498133
523308353
814406992
13684225
1537417067
-970659223
1333169966
709143105
-12914889
1114735479
-534335098
1121113364
624394174
-1838214097
1596902801
195882745
1400757416
957668624
-1657361466
1352980923
26298111
630844358
897049908
-327976953
-280903883
527791842
2117642035
200495678
1076538219
-2091073332
-339964613
1218458764
2122259952
1967633911
1917760787
1042946617
326467591
1181006423
-124358355
2096822847
-1334008595
-277390832
-2103820976
1098139931
511740185
1604637039
1844107639
1319257063
2441669
1751949341
178958073
812669096
490922157
549100433
-1580997655
239812581
-1588244458
1172518086
-1058946881
13802360
1883204369
-248388306
-2031596489
-2063257945
-185543168
-1497565467
-504413832
2054161270
-126723239
2108759081
-663501703
-107343562
-1915432791
-830830070
1422293152
-244631455
-1665480740
1196984925
-1577984597
-1494833239
1089835194
-1891387146
649008851
125697614
103960244
954097685
-1682079698
-322715729
-214161695
-425088992
1364440660
2107173924
-1658533310
1311870610
1235678277
1583010570
-671817651
-1668491213
1458563978
1280537118
-1801841239
1789751945
-937264487
-1845496306
-1696541899
1993406606
-486546051
-823775155
-559685298
824725154
-1165921098
1072371238
-2126742703
2143848898
1209245277
-911631084
937531230
275158522
-621273716
-831879088
-447912353
-259895272
1705483260
2052258730
351031368
-1111685470
1131532782
-479664228
-1874268000
-1956473335
992297039
-1385586021
547149631
116102173
-1535776490
-195017808
1587941720
-1766703420
795650544
162435655
643677881
997925350
1168055583
387227463
1261188945
839755947
-561372001
1601198946
-1208253198
1831341544
-647527542
-2035302739
1968256344
1960665046
293153212
-821734029
-1700476822
1847823108
-464841286
1779975749
-138920257
-1623023474
1578561743
115746133
185371747
-1019884657
-1249719945
1771972868
1810101210
-1440634413
-811167743
-1356688456
887131492
-1224016943
-1243989649
-1957271821
-932348286
-1372332073
-494359392
1428861856
-838490695
1530203271
526507440
-1631577168
-548225387
-313803135
269007775
-802793243
-1572060688
-1968419487
117429296
965532909
573408883
-1003185173
560058899
592764594
9364829
-254224507
-14599867
-391747344
2053498755
1859664613
-2091055689
1496268295
1718402711
-1351694326
-2129784787
-1043618542
-206467412
1402219887
-567583383
-1354337225
2081573881
2091338366
-1197360248
-211882944
-1351470884
2112423746
1197298091
-1340589718
1841434658
-90147999
1147799001
1228909949
398788485
200106056
2115624227
-2058090724
-183544203
-1746015577
-93406712
-557229474
-1856676581
-1792104672
-1007215333
-498438500
-268630118
-2136709574
-937178142
1599186316
-79418985
-51788901
253133313
1669382030
947031547
107607158
1380454552
1203769670
615956215
-1262122686
-2073653272
631438954
-1967601080
1834292908
263358268
-1793536548
-2193989
813234637
1663840006
-1555158277
-1376708621
983870367
944779591
756344885
-1031026326
772233133
-852128716
-1637034272
-1111989835
-107304439
131365654
388089930
1419613451
-2122577789
559450481
-148894706
1751664135
-368858345
-2116144024
1298268073
1692442540
1179666342
-266420641
-680623284
833113002
859129065
462624994
-2037815310
1026509023
-1276860254
-322893628
-2009847115
1296115232
93140243
1827924107
-626093731
-152787656
1438149044
-1630229237
-1727267782
1919158832
-1950655713
1382748240
-1905557197
16030416
323524175
55314113
-1037163490
467145318
-1402961143
-1252531583
-1595424687
20647365
1187051929
-1112749800
209483640
96449424
1674313665
-2003280046
-224020056
-86762312
485023982
-190984345
1496791732
1575502146
-320727635
1683197275
-64132929
1267690829
-1678397860
1999535527
1477720082
131433043
125121828
-1836686823
351164463
-2100262738
-97699034
1383706872
1471292966
-1980017314
1771832564
1276459627
1005776934
1282295817
1619135042
-1853472742
564289110
-1244175038
-791790372
1550050069
759108837
-1436331763
-795653413
2072447988
1082319711
-522392158
919752723
1605775680
1341396290
-2141085071
-1464161585
1188864017
-1545422895
-1872457882
1707468736
1457203960
-1298929369
77279342
739375409
-512072930
-1830124402
-820890312
-2050282113
1491386285
-604127215
22122816
-2019911480
563173230
1141083983
-27064312
1176823266
-1041362766
-1325539439
-218187352
149996175
1805806454
1022820639
-615156855
-221553938
1546799553
260755919
-148321939
-1640720333
-1655023023
-734036770
-1721943375
516167322
-1493825162
168420354
808642518
1108543128
-690414532
-913898049
1796578365
-1966707373
-1929029169
-566954759
-1162006479
-1441236908
-1907955941
-259312182
-1939634389
-1762207621
-1832372046
-595881067
-1855607216
1756846131
869842675
1457636443
-436609219
-574414619
-1037062041
1979280716
-1006867705
-1213439055
-1901685138
576150689
-1368272515
-1926669989
1627226138
-1873015640
930908335
1252707715
-453705894
-1562196960
23673012
-1292654311
-869772197
273803206
-1134792794
-579194866
-187405526
-1201254097
1096356337
-139270577
-1453420643
1146928856
-1459156275
-1410314258
-1137181837
-1179012741
1024852232
864157858
-35020102
2065779363
1318065160
-1519341967
300278384
2142634114
2116871440
-555992149
-1603013267
-1718732030
-1913294654
-119804902
451105663
339619353
-645038876
-1592772234
-378315050
-160135839
-1937793434
-1994851554
-1170340958
-897731353
1479875491
622449925
2084187642
443220802
101920487
-173923862
861223423
852992231
-775197391
-320025397
-2131705279
1142382780
75846969
633327003
1493463137
1916790250
526600884
310000946
-1376144394
-1170842889
-750419499
-1336200060
-833518668
33097235
-1596874985
-990188779
226659531
100486833
-554823879
227723436
260076684
-1041233831
-347317366
-666345914
-2109534126
699340476
-796000666
981105229
883865503
-1791967480
-599557120
-347157495
-1397943163
-931251587
-1665285280
1521601110
-1588062650
1965841984
-140108881
-2115907177
-133240258
-32084881
1859199410
-289821462
510074625
97280629
-318400108
-310509923
1164596672
1432836254
1354242279
1765030879
783492592
965461741
1531497708
130101178
-536733908
-410336467
811655442
1215838528
-938617510
-2112844731
1860258236
-1868318460
635437837
752875216
1806497607
1562534348
-45986262
1593806573
-1028344501
2042388612
-1797936435
1941341010
1548433952
-1852928140
-1884825491
-637227609
2894499
-2028394315
-1162242755
1092766737
1963529785
1499638753
-785767467
-1538703348
387690259
1970727689
-572324079
433251965
1651294899
-342527253
-1175906247
382917895
-1972128081
1155646052
287726434
1376274588
1219136949
-1935997661
-1764608493
1283748183
988723406
1577600415
-858526678
-1929459831
-1454950170
2040613450
1087735552
-373578223
1294783627
130781702
343640779
-2056493583
-1292278283
2030445528
1587027524
-356215011
1156547910
165029339
-1485404023
-1846971756
-1097067758
-1351520394
-859428541
-6432332
862414624
1749256913
-1199943925
425621194
-2075908238
473749892
-345599991
-1866018072
-490337406
-610086767
783648990
-724470533
600510414
185827220
953296323
-2045616612
1032183190
131979064
-2126915086
1294759718
1952475876
-604806419
1429236036
1303888776
-870705460
2077190615
-743167973
2094493019
787793397
-1107645687
1134286209
1864105654
133743447
848439538
431322001
-566272959
1871669573
1554692119
-2142256619
705516808
1865471662
-1496169214
-1408352400
2040847249
-1176423265
176883065
1300353982
1080769583
-1208070133
-2018768653
-369194439
-1244928872
631671758
-1487545273
1791556830
225743029
1074687727
-975096666
909923919
-932777799
-1750445275
1528354251
1161039355
2067143797
-681183332
-9492624
-569195909
-1537775639
-193201160
1123233283
-1871587777
1003711773
1394313114
1188027033
1058779753
756899634
170565921
1465640483
598529016
-375129421
-396887501
-495997985
-833222871
1209050928
-2036911236
655996688
-419662567
1449041421
743365878
-400427024
2040162222
490547863
-1339050389
2102842341
-1735530568
1590515543
-1172245449
-2019654413
984652114
2063375531
-1088058286
-1401258894
853965454
230909073
-337981555
1850850560
-1719179184
-660113466
-1519332580
45244344
-941519494
-1236293617
-939430316
-301352797
1230053449
-436778027
-869085004
-531247506
-1236528642
-228237577
1096741929
2001344861
42374336
-302752549
-850825331
59555199
977247168
544548806
721513841
-2024754141
974305694
-1786211987
2015742747
-538666870
2057240843
263215308
-828529711
1628769245
1546177454
-1492012747
-2127049640
1136452705
1616284491
133211819
-406322505
-942892056
-1081669342
-1383271568
327210560
548778378
-1237207147
1065229020
-491418672
2025714325
-1675101684
456514927
471827029
126475969
1255704348
506288682
-1586046064
1366072232
-291223322
-1733136102
-1880724197
-889246860
252075965
1653619508
-1226883667
-429401383
1472670475
-484005016
458232477
-925492667
2009889908
1530047727
-91631196
-834259370
-1239983813
1355371240
-1520321818
-1964792948
-1164841499
-350360286
-1783709901
194498879
1834391579
-1395386821
-833653111
-843139117
-700241196
-31715607
750418653
-807823831
238670003
-1662453097
452143898
2108396120
-1113378643
1718997299
-1780934038
1219703196
1457240302
726080070
-832000077
-441525362
1634743293
-618347196
-1595426461
1208605845
1387007005
1651028773
-1956578960
535993244
-885137162
-223099596
-780276326
1588721413
-1227009163
535069990
-1224845325
-773391140
-198759441
-2075674003
-1878963296
1892250191
1989361292
1705803982
1061929441
1640554077
-2068205086
-846547920
1123351374
-502985778
-262960160
2047067575
-677301918
511194722
901556461
426987025
-168338371
930764621
75202896
398848271
-175697755
1170752737
464871633
1763862135
-1340097971
1940953485
-625216352
-908477416
-655706534
1890817541
-1052028042
-850320099
1605243426
-2130545982
450749434
1307110054
-1296698826
-1340222291
-1762802331
-1274457708
1295967650
-1248175850
-481190296
-2085123676
-1927566990
-1878168341
-396560820
1805777343
1559568504
-611065051
-699761573
-4948593
-248806579
1250360965
989389182
-2126878635
4983956
789308032
745089063
-794992391
1702798725
-1368088713
-1309176208
1848470370
-1618782551
1932086826
-633964924
1766830855
-904953630
-1572671890
-672861890
1027009222
1842815662
-1771504354
2079379215
-383691276
1166978476
-1256327857
-150054108
1833291444
267792478
1572221126
-378657593
777674124
-255403985
-453518418
-54822140
1563702837
946343864
890892165
169115280
933899697
-1394492098
-1698469545
-1118376474
-119538269
1641375103
-1811206353
-1087696973
1521608922
-1717553490
-510895927
1374183284
895325486
459554746
1521078156
-2130321316
-1090638193
1893160918
139950518
830618234
658450266
-275088843
745432281
-1714551269
1577724398
-1530619371
838116229
-1685788308
589959039
-898092289
337171014
-1092064156
-2111442903
2131433804
-785614896
-505829664
1714724936
-407089429
-1410878344
675097871
1599745798
-1502879648
-1292634906
612818447
952515124
-1098576369
-1671259127
719419608
-358405282
1636517306
59758666
440408921
1542697497
331264071
-2092886013
-890892320
-2061693026
-1521133626
-1361981134
-1814852418
-695072868
1494362547
993562729
-1370731990
1778092617
2111002999
-1764130039
-2104028571
-461804615
-1035606220
213577903
1499705375
258391155
-1467724095
1610831853
1815535385
-541943999
121807603
-2031082948
-1559092470
-745047993
1200265502
-68213967
1619503302
2022207831
-1657911077
-1619765521
-574057059
1624035203
1832952842
-1329032227
-1203869439
1991771635
1297017626
1051009943
1210471531
737473015
-536436345
356218665
498052478
-1959211937
1957152420
-1920505222
-158540181
1394826250
-564439398
1555942150
-1560774505
1867988412
-477997136
831526351
-1926869637
-366062283
-611190836
1528406165
-214781492
-1424245890
1213562425
567910980
-803189029
1963835013
632755625
-647967059
-23648707
-499661332
1304212094
-393184904
1176349614
-388681443
628529476
833909849
-609281742
1945338529
393300354
-224387966
-417308291
224619698
1897189554
-1433777320
-101227372
-1881828594
-1770534516
116072040
409881267
-2094983667
1003260810
-1252406628
748104049
-1644217611
1089687208
496496297
70407969
23643533
-1021032596
131799243
-2046029701
-8988945
374406949
-1757645900
-1310960516
-1687001694
1007447159
-2109616447
2012093066
-1210408216
2092797974
1123186031
578897626
-86253229
1775802832
-132281844
741146902
-2026516322
1897322961
-1180772431
448680249
-2010570055
2036728354
1019891567
-1754716483
1475472933
-1228178318
1408607431
836775416
1792369026
-218048487
1201323359
1447696323
-1440834459
828019801
1745151987
877737820
600818031
-1780823322
-551154039
32807565
-762735206
1432714920
-1974446104
-443547635
1182613718
-1205562690
-27005878
1241665573
2036401108
-1417302586
1170723152
-1271891050
2107242272
1461488987
293605685
-862133063
-1051056267
-1286042146
488808774
11122408
-1701600436
1520724601
999275409
1470025756
-443134539
292780385
-1352032292
770842839
-415790486
-1339037606
294842329
-136599996
-373287135
-684606080
-2001069418
-785620324
1389209122
-920739773
-1704228038
-34474038
756747800
-544297294
2139852526
-68761519
1559962411
-1194138883
-290183656
-364330387
1316982093
-1333932748
2114073806
-894486152
-771346477
-1491622571
-2036283767
68841871
-730007992
208861572
1041783064
402506101
-2058020226
-1951957860
525558488
967798454
2048669669
1678555366
-827815902
1907861519
943898655
803646247
609104899
-903200243
-704863021
-1542288929
-1365080014
902633971
-995996992
1143094480
-1259481026
596067040
1321540117
1882802364
-353033209
145973553
1938571264
-303680653
-1324006034
1370609699
-182225531
-1218468852
-218708656
-1363300931
575594384
-1791179918
-1284142161
1439779052
-388735924
-1305173726
-967385294
-1349095953
2023477685
-555179982
-2095355953
-1087431435
1668108652
-914739052
-1226692410
291190531
-62052919
-1309910884
1361880528
-380039909
1625496630
-1789537601
933472152
-417514086
1079746746
-554646628
184505194
1432388577
587628244
593579072
439126569
1690852920
-975152246
-2141422427
603243142
-1369854482
2054241472
-177378692
705483374
-1464683068
1731965389
1915645996
2109889476
729553546
-727879349
-1222060007
1304875088
1901513226
1320910894
1357740073
-2129510154
747039781
-1943980521
2099052931
868707370
-2080751044
-1956990230
1195313305
195411875
524982481
-582444643
2075330920
422396238
-1622986899
1333011539
-1846088706
-1805413499
-142984509
780658089
-1993159364
1734903936
1929241877
-964506802
179441629
-923010805
-1004113706
293615064
1777203638
-1124216199
1016422800
944323030
961438015
-200503336
948162311
2123390497
-636932271
1962250853
1442858655
-520459401
1691466033
-1376907966
1340006138
1378623817
-2070595892
-406685594
992240101
2134762451
-594421436
-1248477484
-1897942924
7583597
-1679145557
