-1956967207
1658362088
-769320116
1913186413
2056475658
1321614902
36524295
-1727631771
130805512
-1853468227
797189754
-1141422530
-1944176317
686514420
-1337069137
-1606184900
-1582997083
2075050059
-1914071361
-1466380348
1157979911
-763963248
-967355551
218468710
336082918
-2127927659
-1828180029
1008397596
-761556650
-1236954864
133376156
-1121097517
1436793142
-1848641343
101344898
-1788674261
1488494500
2111907546
1660687992
2010402427
-1674284109
-1449984614
584038347
954414103
-347941029
-1021833414
-1750469859
-431401004
-2128945488
-2002387187
1846431425
478505932
1350389335
-800960286
-375958454
1333142622
1144245557
780290732
-2070742178
-1688327048
-236651160
1110756452
2105175503
-1250125289
-446910342
-654884306
-1390839573
-602298609
-1868125485
-47901510
-391430125
1570746887
-1337087376
-1969013779
-1451817846
-514536505
704095442
201316287
1087444622
-87468874
-508334024
1719137126
1628521388
1867804317
-153400305
-1342974284
-1420732848
-1421916495
1068694697
-2144564803
-2082768229
785152975
-1709216211
473132732
89758841
-1168562935
-616492338
465507894
844370673
-123126688
1587114047
405713247
-1096864577
-1622576685
-1292398490
-1201158467
205287967
51161752
-554809009
147328267
1781379051
38514857
-1689087901
-1382051745
-989519896
-1141778815
-1888531239
-1354398322
-639679908
-1446407385
-1551934101
-1826852913
-2111292189
2049464939
1775617357
1124105374
-765996414
290010479
690435162
652556770
-722712324
-778444952
1776770704
1763052113
-2036478108
339110566
-253765954
-421594093
373897715
1141617105
-1588764549
-208018011
329918235
-2032592524
-466883238
494267648
1223287259
1003382207
1747499355
1074650361
629773652
-804607864
-1993000285
-1287394070
1787012509
-1173517421
-1758668689
-2095063406
-924237358
-1770226926
-475357882
-1311336903
1258193779
-424577938
-951363474
1307611416
757640938
1554087239
829153952
100064758
-1792579219
-1140521287
1245346302
526679062
-1001719802
1988935905
-521311932
-1173076912
-1310270481
1553048223
-295670210
-499007363
-1084137437
492251548
847090553
-1816816360
-1808405455
1038292622
-1477611203
-820223711
1598632018
-2082592326
819333562
-1190053820
1229684414
925213626
-399592320
1196628794
-220797382
-1192391040
279104820
-969993617
1572594165
-1362095462
-1016850048
-459354395
-1530350956
-752460617
-1846994357
-2093615785
-981158773
-1765025943
77773866
653686689
1830438830
1530182956
-1317528811
1069981791
-96527353
-1563605338
-158446243
-523651885
-1835796503
690420016
-741512739
-1316597493
1878149957
684579220
-151831185
-1076633022
716121147
-235436264
-1776852063
372958086
1447057652
1742373563
-494160215
386515099
-282461522
-1835260226
-1656796523
1142588191
-655923688
-2052582811
91842502
1550036462
-1847294753
-1104409090
237320350
1160833735
-1211034488
1872735010
-2076303752
-1551471057
1893795456
351216954
-713563688
352073109
472534385
-262846908
540881379
-1131641930
763472854
-764914729
-1999493359
430128962
87906257
-1231402908
-770720480
-2072897601
861767739
816635070
1980266571
-60320594
-2063057155
-1080154661
-214586948
1659204331
-1404640099
1469762268
1758463806
-1758137255
1237944603
-1848699062
-1746040266
-411171395
-1201873410
784362914
-903231021
-948936982
-1627570775
-93528557
1228752004
-157548258
37901298
-1324948091
3886250
409515948
629423092
-1946183459
-2039116658
-59605286
-254531804
1903280255
1618957717
1644885260
-1056350
-266033133
1421487794
721304097
-923220015
-662329716
-1720166885
-1430527716
355205417
996385382
-1436997057
-571811833
191042635
1109923374
877571574
-713463277
1493248085
-704816825
-1292198918
-576143356
996312951
-1945489174
-1308312171
-408583477
-1087818042
954658158
-1057785700
1630897268
85636943
-722430007
-752170853
-65236158
-1695529873
-1302138026
1061492561
1549327127
1790714722
627726296
-868439970
1266252057
-1298409448
-1578457154
521374778
-564648557
966284111
2059986600
-2079109527
195631128
991063517
525939753
178049772
56789485
-1993652915
896216782
2098468602
1261402792
1165839790
-846527649
519751919
1094163220
1869884582
1001237604
-1257772156
1455456855
-438390323
-1394399766
221902913
-1513451178
1731690552
991009158
-1698417361
-1441912744
2127969619
510183066
1250898384
-186379543
503601395
1366108886
873439059
-420590080
739099306
-328290558
1723201539
1879346276
-2129190819
272030713
-1318278655
-801497782
973625876
435608568
-1228818126
2047416643
-378302703
1010682904
-122418054
-804718252
-145897437
1849958936
1105975849
911539302
953154363
-463394208
581494709
589889248
-265538497
776725058
1160286378
-1182685038
-1842612450
1780003458
-2098149155
1576473812
-745918684
972672536
-1316188697
1607948526
439107470
-555730636
-1793492015
-1594323782
-729609888
-814236543
-1060275956
1678784904
-728368522
-1445443411
345419171
2111329089
1506245081
-1964274135
442972595
-551018546
1166230868
-1053962963
-1730060518
1068085434
821859398
-715316738
187699821
-264580331
-164949064
-484781709
1243817776
59939228
1234374577
-642360908
6654784
-374151914
1582718409
580012869
-1508424301
-784363776
802217211
1125068354
-830723036
122362476
-52650305
-873924628
-670333656
-1396502747
503778648
2075645027
1262225285
1587831575
-1698585750
504187061
-634720636
1841468909
2133723343
-525143785
1777603780
1920099067
-842094422
-1793040527
1903970929
34811230
727848123
1636949535
1473141430
243305058
-792671756
-1954407691
423523440
-1540911581
2079992397
1357184644
227469859
-653148554
-1335443500
-962448485
495746353
2012336137
-1842143993
-1112399088
1799858248
1415352776
-1639453083
489187264
2020842780
-216356222
-794226366
-1969029421
969599318
-517600052
-223427622
-1002063804
2145711819
1873823013
-1793506647
-1679971424
1558633200
-1313012134
154167033
-96422643
372058509
1252956204
-1255793988
-524730739
414432945
-2099770321
-1408518757
-1265706620
-639912987
-100442892
504862542
-1296012169
-1954614108
1578621802
871994158
-1341327082
-985389558
-1745908095
1020395784
-4964741
1696388554
-1607440113
-616003789
-1037517900
-922540955
2078833143
-2139295260
-125774210
1940610712
-84247929
73247680
-1844630957
808532501
-1688576222
1603578802
-1957280857
-720393866
837799454
1559555070
-249279635
137198446
-1762746129
-1000358250
-1017682209
2075670849
-573320316
-658861396
-494940289
1495922805
-1959295503
-1425866872
1150347096
1013846985
-1702169523
1998071962
16436617
-1209794714
-169637667
145608402
2133473027
-901862316
-1604162447
-1454464209
1546030993
-1674432721
1121597710
-929517930
-519919848
-590832103
-263540020
-147332380
341077792
-212706830
-555439359
-925882042
1093438610
1014314694
-389647969
843678151
-162610749
-1742653561
-3966758
1174800426
-50826064
-1754738437
1334841101
531821049
395498891
-1230641161
-1412148514
316856797
-1031640714
-785121587
-1707620961
61926448
-65143411
-1550105086
-307683337
1284622544
-789363158
-158366652
-2042868543
-512741834
522169955
1541474714
-1976390093
-75447866
-1964500009
497885661
-547352253
-1810265752
-803034454
-1291928986
39908165
881781334
-1817074227
1122447112
-1455620648
518078775
914308994
857895488
593157379
-601659539
1415433759
-1596390229
-1084697702
-1288455766
-181890799
-733646921
-357584410
568751049
-1312996829
438974365
1698435716
-178686501
1495725824
-77563762
237240717
689358463
-254339338
177644332
776827383
-114530698
894527740
-1512436677
150742330
380979573
1132232182
1006453656
460581174
1236830269
-1911030986
1083729513
719736915
-335470615
988711238
-880811883
-893302807
266457734
7432932
1835094390
-957992734
687733992
1791492173
-2114091059
463953566
359232955
1597881022
-462305034
1256464406
805226968
-627227593
-2106468516
-1199982781
-219387431
1521475457
-1284019154
-1161698624
-932274962
-2130426766
939726930
-1942102610
817188082
630226032
1448460441
-1005127209
-330170439
-420052173
482945333
1242314773
-2089053781
-194269234
-1990114201
1643545332
1094354325
1052715503
1234647164
-779915370
-1754661442
-486805659
1073369337
-765417257
984003129
-1377358366
-1101902059
1779460272
218527865
1147401474
-575550105
1900127200
-385339350
1171358859
-107042081
-2062758968
1691691326
-1559643402
-1419661062
-417314154
-437627067
720988206
-974264015
-185197146
-1747917311
-1121679209
-2065476174
-69324252
-1561132231
-1224430511
423100753
1312778229
68350413
-1689252163
-414344511
1210801879
-1632126454
-165928385
-2081878274
1954509254
641993535
1991676997
-622536947
-225475423
-1482612080
-1136915064
-221385497
754812941
1370540809
-2069613935
-1356424270
-1624582247
1649855222
-1284593537
1997119282
-304163293
974869105
-443211258
580601470
-1148162951
-1100136645
807581883
1583189494
125193794
-1415296561
-435087730
1532454004
1515989279
-514822220
1292907414
625905601
-1283907060
1046818578
2011540500
139912265
-463059700
1420060552
-866323791
-1276066798
-1944466683
748024892
1251074826
521935082
-4826648
-225029325
2146662510
-446415392
1800119060
-1286083103
838118629
-331576332
781714428
534238979
-2025995148
-1857257967
-1196356346
-1887432275
-1701803872
-1731878853
-747433290
1614722462
-2068432849
768392708
-1158271733
955942107
-1560924363
-643627964
2018068777
943900282
167807822
-1479341560
-1751502537
2023848638
304631847
963704010
1929096842
-1697366940
-579022781
1052519394
1248406018
-710843588
-888513028
1348751164
1102671540
-666616838
1753647302
127558987
69759689
549742925
-1926468933
1228043325
1161448101
540656177
-1848522157
1000929904
238529099
356467073
-880405390
1159920164
-794388225
770497231
-2087161177
-1665758096
-2027406548
-1613150089
569541042
-1934282886
-514926968
-1558042895
1636396103
160449506
177042549
-561385113
2055171601
-41718402
848610986
-341789817
-1096023303
-742929588
-1668861422
1407550617
1138837159
-783402332
-861395981
1075584979
-1213642680
-2031216211
-3599021
452144620
849237649
-1386660591
-1627856746
-2066934802
-231897084
-1705177868
-215986837
558259024
-423427214
-461112031
830535401
1295124291
1716767936
-227945338
-1313214476
-1904907444
2016483821
-104302622
-95958555
1135761170
-1018334125
830090172
2007753066
-1991791751
1541155372
-1140227690
1858147753
-1860326162
1958204503
-1791597470
-1165865557
2083825412
1283781724
-950339531
2062118904
-1522420416
-900600147
-2062401222
1003729021
-737229520
-507124434
-751974936
-1572710218
-284154430
-2012989961
103194743
438136328
-185387054
1216520792
-133581937
-1324361106
-1475406844
812409373
-5900734
-1972700328
-891733549
537700114
46074684
-1904624945
-737305622
-1335929655
-1703569607
-209086756
-329605710
-678498150
-29750602
1920088874
-78195157
-1374482965
230019819
-1177906966
-1081103361
127056560
1482827255
2089052406
-220389676
-1562202059
-649929123
680928313
1914196449
732908570
1773083055
1793850957
991407044
316577183
-965177720
-1924080027
-559112303
-793324766
-1302475330
-73870740
462189357
-1449495580
113435352
-984246162
-1412524323
-1007529453
-747698243
1392499255
-1505730023
-1075080956
1858428846
923139897
142035366
272538559
618261878
-1629767502
998761187
-762771520
472070368
1815325710
1826179170
-1642307588
-845392024
222224265
-68045894
-1111483359
-885896140
1248054552
-1366138726
470108194
1838347076
446250889
-750383839
648978418
-1054675992
867130856
-1998148755
1821909903
-1136445838
731089188
1825839218
1454729025
1986427181
826404851
1927212044
946742307
-83812211
1642200306
1854387798
-233517854
475975335
-1497824497
1046756924
1772825284
-1139094045
-1653552086
-847145650
1592084204
-1331660049
-203035142
-2068638505
1201349595
1274272246
-1517549267
-332687314
1709050682
-1890465007
-659269933
1438615627
-1594985514
-63270403
-2015025156
1996721308
-1835285525
1567663374
1698118559
-110824167
-211323996
-1398737052
1436028605
-1567215210
492393442
-1291242917
-1105294651
-763696553
-938803908
801346119
-2003716550
-2107339287
-1270043834
614947425
68635538
-1658230737
-1960441834
-1775758341
-2047190431
-1381132614
1327082499
713886971
987256502
1393978974
-4565584
-58865274
-461030715
1280714241
1393368648
-344498949
584949445
-112797002
237252106
898227746
1472719643
-211205879
-1290685176
536636068
-1760294728
2093782940
369830954
-1956024898
1677407166
1844096754
1653678713
449584689
636998761
-1935926646
468720282
-552376451
1204257324
-1409949905
1723022487
-2124565939
1273468186
270742158
585752549
-1606139852
-604051065
-1755111415
229454242
1741950618
-357713425
1937450698
-1016890595
1933407472
-2090421482
2053973273
1477627035
1378021930
1484957295
-2091899662
-1746071464
-587014802
-1494057279
-99557934
1817954763
331279881
-1492559097
-69730351
1769080110
-100675934
-1525484649
1663146997
17775421
-1503514703
-1861702265
1064451524
476458301
373165361
-1929772980
776702490
105315647
-676324461
-740093533
-489982147
1086064293
-107442186
2029431731
746484270
2071804645
482457493
-1743851149
-576846527
-826931571
-577498496
-582322871
-1032137745
1255539334
-236657265
-233728525
946470891
182777244
1304917906
-1424341590
-142914702
928442941
-333943347
1941872516
12487911
-1008378752
-1493304413
-1185091815
-533444706
1740555369
151968144
1002311273
653164023
481165419
-2072168612
2145992189
480514223
-605068243
-641589875
-275063989
-1454751886
-561942640
773386780
-754607778
-1267917133
656110065
-622717844
-1831067722
439948992
-573268565
83805303
-132435092
-1699430384
489312223
-1381512886
1005244057
533442783
1438421110
6523571
510577144
-2017456132
-1107030425
-354971081
1036385482
77725921
1035279413
-2038651063
16840441
-1547092732
-1917357893
-117704007
2076686720
-750883220
-2049789909
1366234474
955781385
-1278795898
-1263795884
-1507623352
1123841751
-1105177544
-709807326
-1692513416
-1841980442
371269686
-1219348885
1152062160
852427344
-935342444
-491655192
2114252168
-2047260431
-494309731
1359193728
-1310751950
1963658574
-1161504286
-1302687284
1417760743
-642545742
-310933611
33901783
-58746430
-1015528039
1981006103
635908389
-482358894
1114220114
1157434318
752737782
1483283146
2140143071
-1786192836
-60723253
1185732284
-682786273
-101783987
863120425
-1409642746
1863280174
779984623
281978268
-291959988
275433484
-1382235416
-526803970
1257496103
-2039982980
745600739
-96002823
1853412700
143377710
1771099339
-1893947191
1642051920
-2007851745
1835858523
1544052550
-1947594821
-1145583808
-1139675915
-347113183
743429532
671087445
1258546867
601133421
-1066834836
99421472
-245243717
-524647583
1333130902
-910915138
-1384223017
-1389305764
1449230117
939018064
-2030944187
1099121192
-1713125185
-205141284
538270154
1079311746
1694371793
848013430
-1559667443
-108594982
-126120949
4342170
-1638895327
-1411536042
829201678
435652060
1888591971
727287836
-1478783388
-1513907774
-68894843
-929801776
-411752784
-551122960
-1139985941
1771721307
-1999735258
2083348614
-643031243
-1898065170
781490236
213871301
333966876
1532047430
92953761
-1202041608
328210561
94500657
-603780242
-2121380207
-73290557
2118481232
617134235
-134604655
1954680912
-1161917923
-447751501
60266541
1988810622
1719731247
1057036491
488761262
1188742811
-1521021252
-1031961680
-512335464
1275940930
-831425696
1230024287
-414105074
146482416
1251193884
-1580770887
703101556
-323246122
123290016
-791107721
770546518
625499376
-1113501236
712706139
1537865863
-861887403
-570221964
-1868736089
1584819085
350050001
-1677429661
261088722
-771598276
1552488368
-739693918
53492857
653514656
-1349816356
2006022650
1575359891
-1666896608
-1992161750
-1589476170
1890497513
56748511
-830174992
932953772
1163360964
-473406875
-855302950
1353225598
-1059083545
-1155900802
-1840749315
-617752291
386169535
1938951010
1821210668
-381245298
-931529256
-1182865387
-995141750
-1369643280
1451659155
-1941978096
1854847584
-2000323395
-539118314
-1822015455
-684965072
1963518288
116566659
-1633050225
965243402
40167590
1355419499
-116557952
-287315939
1167864168
-808098171
788705951
-1993355120
-1795846360
-1881514854
-896527623
1230471826
-828646165
831720131
-1309077465
-1712738128
228893671
1171498966
52993970
101759333
-1977916787
-1009427171
-627606094
-32576265
-1177829431
-468897207
-1245979720
169663616
-228249977
1676756134
2039126509
-1913321910
-566835847
-562184817
1668312699
1149072224
594169623
1282292771
-1062494421
1224022625
110220775
-1388861896
-1957351090
320084887
1959473406
1243190415
2012394465
-890557881
1676760261
1717423689
1884817387
-381700278
-2138346496
-1504737382
1932708650
786936028
-1650066164
417028028
-1190180626
-1568609357
-1161650329
-379315675
1648432451
-720533165
-338754187
258486011
-1156073899
482340768
920411777
1263914695
-412483568
-2032785996
257709313
-895195799
-100071930
-821188110
2000235805
-2076956597
-1168783466
-499772069
-1082996878
-799777831
-1606223287
318382112
742558738
-1327236048
2143196799
-916726921
1885635023
1695005973
2115308106
-1076218703
-1740368455
741053736
-392546663
-771549812
-324053276
-457881512
1778555544
-2003388987
-442783122
-1892637287
-1650896553
1419112945
347290559
-1240110124
-1289370199
1172224909
487763218
-2016277985
1981694030
-929630637
1041419317
-1010454738
-1259162540
-136882481
-1838002292
-695772152
2081254841
-1861413328
401596251
-42013187
-2116188587
-744321181
-1918570685
-1867492394
1209615606
954997085
-1384764403
-1561828786
145017548
576172728
-1359576666
-1216480319
1416344327
1689473665
476446058
13729571
239241406
273085007
222695588
1323282994
-36751598
1807525272
-644810923
-656631057
-725231725
-861777345
1429882676
1662909514
230261474
-1594499472
-377820426
-488347109
1301743510
-2098862160
1087049167
-687003559
-774263965
-805415121
1200667447
-1230616187
1139300985
-929470624
-1766705423
1744945255
-133437143
1491267275
-760786616
-210020100
39144398
323290145
-2120926309
267439278
-1613436694
-1577955440
2041880860
-1423284795
-1796052593
-1414292136
1996097492
-781851107
1422306303
1281590686
267697642
-333667047
-279987050
1557937536
374920995
70850775
-277808920
-1245125271
602734252
-964739420
-332414682
-838014811
1625104663
1831769778
-1396745275
-712424905
1895772835
1327212296
1391783776
288406250
1789367744
-974505543
635877085
1926853797
125756881
-235877800
-855125041
1867208451
782445107
-572467542
893674267
82850083
326808957
-573110627
-71845923
-427580228
2118071561
674324345
1053876364
1282289267
1051440307
1907947093
-1386751397
509075312
513841888
1569707467
-989325598
-634086354
104652993
1529547503
-2036647939
-808127342
85723865
-726921860
-1385617932
1159981375
22848956
-2056521904
1399907291
-1058328024
1292585752
1455308570
435144252
-981673371
30044921
253225553
-1729957902
2067416394
-246442680
-2128385433
1193883991
1239281846
735207316
1008245054
-273029727
-672233304
-1944911084
942901466
1892076169
-552132585
-1620517140
-1063511464
635883053
1401529090
1603996335
1253806111
1490018102
1900926404
274236709
-786657452
586533693
-575638099
-1287779507
684016787
-1344956566
-2111090993
-1212949596
448962523
302727006
-2108138731
533588391
2073484233
1187642962
1829715608
1560102295
648856584
1647150720
-621955787
-1089880964
-2146144505
-1520645439
931186010
-776539029
-1310368019
-1008910729
-1353855968
1374193930
1072512457
1509928876
-1185433953
508357716
856795406
1765678971
-1884423044
1506742169
691978301
452213934
492318662
-880076600
505637603
1951556776
2043295234
-788355088
261589446
-1710928251
1480228484
672231684
1972864859
-1391803265
-856372736
-1494536738
1417935738
-1093791853
962156383
628632710
-536127916
1328347491
-371095082
1693842867
-787560796
-709851042
629169205
1830160273
-936194268
-28124643
-599378564
1764491460
484392770
601735184
1637151412
-1734699092
75072275
-1266417063
1437219323
-204682774
-86016377
990997751
269707999
250523683
584607710
-835974361
301973487
-578764285
110384474
1508062470
-1449495153
-502475132
-1129680330
745493370
2011171340
737436784
949030614
533691987
-973149456
784582436
629801023
-987735892
-410705002
-487683178
2075198152
-564539497
-2136874752
-342554216
1602294802
-573071624
-1260724505
1614007645
1476458548
-622149455
-1610411501
-937323204
2115395131
-1645204993
977347565
1221126068
-1417521199
-414483677
-305556655
-1160346193
-1996416965
-1721072316
-891711831
-1905902325
-2077086072
-790574445
-641934538
516677461
2123214599
1962433712
-1938137679
1546543319
1912471545
1225243980
-1754785774
-804822060
1291664775
-911039218
1788915886
-906382319
311453941
322294970
1667356295
-2003470697
2036979480
-46377840
1694242527
231281079
740266501
2008991217
-2106460146
-584445618
-1309040118
-648828088
1970105749
-2093905078
1739026914
878823975
-636487310
-1673803668
-1200963037
1276382128
714280629
1221801295
-1640374277
1711308598
-1225553582
-20258904
-381545701
-529898717
-583250119
1680671694
-1202817294
824268827
1941008036
239496829
589738782
746463841
408833455
1415558870
1362904863
1092590970
916373293
-549350231
-114008755
-1441741297
1684279480
-1129195785
-1404610293
-1876230633
-344693239
-991248718
-363948995
722857781
670299530
1474740678
200015863
1282977630
-227739095
1836513884
-826368906
1661340606
-1182503313
-1246050724
659684435
424156636
-1143544624
-336372940
-861518091
-877818117
240783684
1544966616
1292987975
1553804739
-1403725802
271478537
-351171670
-2105886176
-1396115973
-976606248
-1112303571
-992867478
860263781
296469101
-894372869
-1718881082
-1462541031
1625735940
-342265580
-1285387317
-233569281
2127787320
579261759
-1107249816
2071975480
520128900
-1724774593
-996991740
810850165
-1781539067
1578195780
55507430
1988116102
1643340164
1101705892
1037387478
-1643313615
-1463073868
565928650
429871108
1862577989
267852215
-746383506
-955532503
-1837281299
-209741850
-1986124794
863071724
-70040503
1645672913
-2018576260
1963980422
-1959193542
1414157700
-1377981152
1695242920
1275028093
-1872863476
-1959798305
-702844773
-1400620805
-1355390919
1462381749
1450518185
752502366
-682858332
1146123104
1660312763
1764614375
1571682803
-718271403
-1224526781
1324802686
1918940251
938210039
1913518683
1164161546
-238631066
-1744774394
-5173202
995823106
265497334
-160755883
-1949010537
-583570364
-1067850615
-2067855425
-1211180537
-1288174811
-238494531
56683099
-905160790
-187641912
425330966
-48862226
-1648149300
1707355571
1771564543
1576125345
-1109293191
1569051551
-770065138
944481779
-874252444
17844623
-1712548980
728595184
854710793
-397202397
-915169997
-605273181
799470869
-1544433363
1960910649
147317448
128398085
1936662916
1510387597
-1184252731
1873671692
-1604535272
-1151656864
-1294408997
1032140089
1576056390
1123600358
891895192
-1418803239
1321635181
1530887261
143551120
1447854873
1371872705
1810955342
584204620
1434062320
1819062879
-363867374
-444976255
219516731
1634566816
222046615
-773456764
-945645015
530067633
599958371
-161131523
2093284568
-331408029
827164633
-1662412838
377967936
1178117439
1055439803
1960026503
-813985713
-1725981987
957173488
-1934804389
406959958
611357301
-1385061754
-1449073835
-1528582237
-50867530
145189625
-2005277689
-2009411474
-504561962
1344344757
841077969
2004775672
794217961
-959692583
456136786
-1335303951
-2044566666
2030536765
1181939740
1800553753
-1526784697
-1533705546
211900582
108495402
1288235649
579853464
-1428211578
446501877
626556915
-125758341
-307335457
-1180934453
1026686386
-1695288510
-1987551977
661393694
-1795171867
322175064
1022658509
1142586215
-397335332
-2081786307
750471946
-1824849335
-1662027161
-1728611520
-116187722
-1313468683
311571557
1855955597
1973033036
536682960
-352734565
-685639318
1289007825
1922755411
-673788986
-1941232451
-167383551
1211207475
-443565070
-2132913455
-2134615093
1081570753
-1993006068
-470481575
-940393728
-1377480814
839839414
2063792052
-2063984058
-775016606
491925082
1044096370
-1752254894
985980469
1510885505
-487901930
891815765
-708850242
-1921973659
-2144548067
-655904329
-1918939899
828785348
1216645439
-265138686
-120593597
-493773578
2122563060
-856146912
-1141050096
1542256962
671221817
1004271049
-2124015681
121171564
1792963475
-851012554
-525617400
1998626962
199741524
-195920614
1762521320
-1413727945
-591672292
1350527698
1784859589
-113619808
1684049570
-157137958
-1246287148
-1406549922
542432948
1035367811
-1612700482
-865925332
219091835
1281213922
1014538369
1881720314
-442280444
1865863435
1495358612
168113737
-1362233605
-1644059265
-443038642
-1368729159
-1574511432
-1190317086
2140813192
-9153825
-1492169345
417302001
-2709376
-695699620
-130311677
1656090802
-2121616384
-765137110
-489788372
77182444
793417663
627242297
1058258458
-963065639
-2032751866
-1326510790
658881896
-75912679
171785622
291881657
-693756236
-1254322454
-536805176
1981072753
-1764055713
405489558
-2066063626
1296103131
1260643217
1297914156
-634624743
285687048
-588155265
1923546738
-492035405
418852528
1808220912
894043161
-582769681
-895226742
1335588348
-178998222
52947461
-94848035
1628261910
-2059221791
2074838499
-1176226218
-2108624819
-357466545
-2066892535
1061561116
2125254094
1034456036
-450871116
1429818657
959012269
-1560138570
1755066174
-581702981
98316004
-683575492
10516420
336489074
1749259931
953984070
-1780805623
1537849627
1287159465
1458345265
1267190937
-2132060891
-279963558
-896399019
-595698895
1966523186
-941656206
1366570690
2117795678
-235849751
225401202
1975761452
-626789021
177572618
1133419801
2003309091
-519594145
1521207234
500575789
28121478
2012078255
-868684225
836331898
-1809238727
773409680
1332787847
166346011
1810639125
2142962953
-1094941563
1405651191
1720829984
-676953337
1606913381
29918094
2060645373
1098942665
1550994976
729032437
1558355878
-1950939778
1653840730
2020076063
260819287
80066859
-1601719701
-1788130723
148938701
-651836462
737838010
348776743
832194224
-1937472816
-1185165742
-1610989028
340520524
-339713914
1782636718
1173044551
-1266470265
-604997060
2028016343
924983715
-1726286577
1873166401
337071536
1801890784
-408607022
-320441258
-618384496
-2074915481
69416115
-834065845
-401490415
284940188
-141816966
243707626
609379623
-247654558
337241867
565278996
-96263308
-1888738077
-2025234214
817596714
685304793
-1790678128
437678494
1827134126
842490960
-2124435865
-1885644220
2007944233
1266153976
1970506867
1543546918
-492396210
-389701007
-549172839
-1058224004
275743583
-1637687703
1727324048
1553260306
1169466319
-1972055689
1096325937
2088227899
1716151592
1573356327
-1804940816
-672674299
-1198805458
1080859989
-1152042070
-132806483
-2036937916
-1420346434
-1632199520
1989427797
-1540586993
657236179
23456707
1199844851
-1225114791
195748816
302027057
-1795382900
-1203607753
-2021397491
174381311
-718376030
6586220
-1482928748
1880282680
-11912213
1761102864
-612181261
797569574
1270704963
-1220129172
-1125187502
1633266639
773091042
-1188989400
643906503
-570405950
285168337
-674986841
-85834008
-1239773165
1658427289
-1852325198
1267910049
1259574435
971845438
1659497555
-1064923576
-1045136476
-21768853
1626437379
-1635524882
1072142939
1322858222
-937847289
1408242680
1106980392
-1863082907
1089511702
-642206739
-34873917
1309674553
-867974849
849405072
1962904263
1720326091
1766721545
155753777
1904031604
443992045
1319064795
-1933301185
936838320
-697475948
1237429406
-1175464414
1684507727
-353381429
-1058412640
-703280313
154409875
576744425
1063967163
-349076613
641307126
1586533638
661674165
411654269
-1830688730
-2033646166
2079966442
-666629683
748462928
-1863194937
-77465560
1579109322
-311117663
-8566039
1597816537
-1463700485
-2111658743
-383425365
1479556967
408917676
700562753
1521692780
905114587
2136451517
1983642127
1696171331
1929189831
-445218635
-873478968
1853604143
184990822
703411741
-448296938
-763984750
2035924225
1945687563
-869070597
-1468780320
-91128429
-335716868
-1678849003
-1120002413
-1697115728
-1884264985
1636174627
-1164525982
1078663586
2031928974
-851444025
-608691791
791718868
-1828073194
1391558797
-615160246
222752883
988146650
1329088811
1718985037
-1593879727
-1845647237
-868921590
-362257051
186675213
1791338299
1437600005
443904060
56106097
-1802577013
-1159423632
-822441168
1425618202
1566705121
-1344592549
-1699558586
-21557154
540571343
-1991844842
-1893901218
-1729447063
-1701482671
550466296
-2052502616
269247913
551858790
-1534060196
-206633642
114138732
37231585
1203972332
-627607149
-353941306
-79212416
-1673390559
119282867
-1418171976
1261558589
-1326095095
965359275
771830925
867519460
-792156597
1621571010
-640157305
-1618072859
343064680
544929928
2141969083
-1647061397
-1750922941
-115326201
1300458297
-175334228
2082993123
-2029333704
-1780245393
2058921858
1940674166
959826104
-995254834
182947130
116690072
564417467
-1542942035
1146460844
-2141914667
214556480
-376028562
-1798624629
1118810220
604908166
645932766
642358782
1994342485
167052734
-2049147679
1278659183
-1554976123
-1833392639
180435790
1299247266
-990841744
631293060
609555479
-71134968
1907308495
290454793
-1064508499
1221505364
67898019
48504728
2017866402
-1727830194
-1467503751
-1537382034
-682250865
-1347830552
-1044357650
-1517561546
455784247
-1056489074
-1698774155
184619638
1763145964
569826498
-257393577
863536203
1952388401
-1532774937
-368225029
755943257
-1172184928
-2123741860
-1971092633
2075944700
-396770034
-1903107380
1233893638
-1726510654
597111532
-221616957
-469889877
765668637
-1085192976
-1299536507
-1009975083
891938900
-1801324045
-799145701
-218355148
84765371
-1921930980
-504225619
-1065600404
340994339
-1264380866
932161303
1349939992
-1261834605
1224981630
396989109
-777140975
-634698697
-153461447
1159751809
255598575
47637656
-1524125404
-1977320352
1700181455
888516109
-1102322252
1686366904
-1725155498
1572128881
-1174052673
400955205
-744731658
-1105137131
115588194
1346356525
-1531458961
758458360
2106858789
1877482577
-420645479
3087669
-417708451
-2107101211
-54574753
1148138940
308023505
1285806658
-417831922
2018572356
-1550112864
-577502726
1159509967
633613184
2077437793
1974967341
1691234418
691933840
-55526516
1205993498
510486892
1025342650
-633883113
23224312
2135330850
-1139565479
-747233948
-890668282
200027752
-808527595
-368427943
2085608672
569743683
994316627
1125236944
-1934606828
1181681654
616955631
629756978
862902773
-997877956
719434536
-797271458
-1627402834
937016529
1391615451
-1865368882
-657730407
-1954091209
550360052
1636423676
867431889
-1298692682
923699489
-344057598
564786949
1149768867
110555335
1113270656
1037871247
418236901
1295350329
-1124248639
-917217596
-1668837964
-569402329
-1640130272
-389206899
-1875252316
-1913805996
1927179432
-1721650378
468846562
954742923
2008478714
-1754096762
208413884
-107753005
-1831406989
-1251734513
-409043866
-1831501087
1499185805
1334554822
2018603770
810541261
-732888699
1832855509
41575616
1695411464
-1350708930
-1919162449
2139002031
1341995918
-810953627
1184821861
-807928012
422037591
-118273835
2142497336
-2031217359
1420898322
-746462149
-1018668178
-493837497
-123584491
-1015523587
-1905701016
832792920
1674121614
1522571607
-1489077004
-1184029113
-710728706
-1234344249
-325604896
1726290945
-1129698584
-1876063317
653660623
-444182591
1890812613
-990648025
-1614485937
803211919
-2053275334
1187074892
1930509353
999251465
-1903881076
-22303370
339933691
-356142747
1316054611
-804263691
-1940022268
490511029
1208644973
1553123822
-647438017
1102547053
-305472715
611227267
672052658
-1674051806
1584148469
1439306801
-1820529145
202469268
1364247192
-491292806
-1318148005
878045422
1134860195
-29349437
-1976932779
-1058722997
-199564442
-942896770
595539066
519822972
399274862
-276494197
2073850560
1773728008
-233915587
1614564571
-1975184800
-840211597
308443196
1112029014
-2053612304
349897667
437526768
-525732609
2025298096
-270344897
-1374186644
1833139796
120659491
-1629724551
-196364538
1138436346
-1517374751
2110162831
1961493837
-191615079
1458453931
1258584749
1823551034
126702597
778643392
-1287423787
2040089508
1925513117
176160622
181405922
-1244440583
594839032
-1241174037
-2111916343
1656544298
-1425379907
1448796773
-2066947806
42731751
537256913
-1350214570
60971750
1795665676
41139384
-1126928611
-479926918
-387855526
-2064668620
-1376006966
-1478834452
-511534742
-200115406
-577022407
879362171
-1686281763
828421094
2092283489
1721100636
-2084079656
-765813708
-1213931795
-1435160133
-1436739153
-1836994991
436288012
39227903
-2088294177
1849499562
417965445
1634380370
-1498419902
381793796
1801947917
-2119313824
669276029
180308708
1217112540
1605695838
-654149956
-1361534672
-1483381379
1605142093
-1033038431
1511026965
826256869
1846102143
875016825
-1482633685
-9710393
-1738624934
515720880
526404567
1930683430
130459739
-762867322
-1440054287
83053099
-1568459171
-1424762365
1995957158
-856822216
373452059
-1765975000
967500446
-1406467268
-1678675469
1466226022
-1269364640
1062873929
1637063404
-72358828
-1725406219
-2031173533
1784604922
-1884147813
1012423115
596006553
-1582341504
-1148352460
-1660490788
174902105
1450643989
-977962283
-1080172529
847345152
-488067702
-1202322264
-1898616610
1105612209
-1284036308
-1255907522
-1077398472
572201063
-2128299194
2078021570
-201390936
1337194316
2042631145
-317069967
1480210613
234611786
1431751918
-1201081527
-1170086772
-2100759326
1460688443
812552448
-647274020
1557231165
-787160506
1852538679
118323713
-1808910720
-1688725801
-301380881
-469070236
849842020
-1403550191
-1092785093
-1456839904
-718273020
-1789316174
1769151543
1467183081
-892824583
2042014361
-45607368
-162669783
-1271403101
1720018568
725071940
-1791458453
1153391049
-306866645
1200830148
-1334134020
59567716
298613081
-136521864
1371773391
-1990965577
-437264488
-989370454
1766984097
-629930333
-1924363546
-612736602
1750003805
-308297928
1161394870
-1322355352
-1145758528
-1100281713
-350854344
-818059113
-289875648
596370646
-1979460387
-2105835086
-1638184663
-8929109
1098373146
492827272
334754825
-664820562
-1667628693
-807078419
71115598
-674927535
-679591526
-278948694
706082349
455939569
-1291454912
333071797
-101232700
-334856150
1050869388
1635573153
-1689844862
1178413158
1353766979
239042903
1904665542
1064353463
1859389703
231575558
1863554758
-1345150234
1477466075
1381546071
-134130254
-1963352372
-1370842395
1080798437
1944255000
-673287713
-588046986
-2133906452
-1557529207
765002255
182575687
-309637568
378818429
561989074
-432126459
-918924929
-1626921613
-1753203843
1860158992
293687689
1887709532
1751548374
-1775374466
-1848203984
-438785479
676554214
-413025691
1510265388
444379906
-344163822
1080743257
-1890300847
-686674998
-180155796
-2032163533
-684362749
-514692833
392036934
-846791404
703039465
-1808085578
-784066808
1786172073
-97485344
-1892720056
-1265808317
1806922415
-939198670
1154779062
1054876933
-856753735
1446953991
-1697699981
-563079570
-188672719
2054400539
-1532164574
-1470623869
-1096068964
1894081200
-1272112003
-243979710
-1581354207
-1868627002
-1975903623
1477630453
234467659
1818445961
-731416409
1341860555
-1664829683
-816681717
1692646365
814933667
661769734
2137362739
-1395077355
1993519915
-1044012025
1598609140
224237460
275479849
978744785
-67326015
262809422
1534444824
1735172642
205131071
-1536020088
602972406
-1188370190
521955644
845129151
2001635164
1499781881
407886047
-1495165752
597374926
1659780469
19963681
2032256056
883381332
1167484457
-1154682245
-818572283
-1554284471
1571738536
-946804256
-809166227
-1424091022
-1104378413
