2132942500
180888980
666842710
-901261166
1804000931
2021793969
-1455627236
1008798140
-1328477894
-1493908981
-1895730762
-196038894
-1076479444
-717072053
701164041
-437552912
867004682
-2131996895
38221532
-388381851
461159073
1737655212
1116547426
-1601882823
1056144820
1574940446
-423299048
1813170993
-405774614
625518751
-1418050095
1880871824
-1924337655
-1002522766
-719387122
2013044193
1966644836
-1143778730
1290261139
1895293683
1294963858
-1127354066
-794851786
2010786085
737248096
186307811
-828821255
985180387
-760773112
-1954289271
163887451
-266635920
1462212002
-485284160
-312754453
-2086998555
1043808218
462426716
14783005
1106557561
246846690
-746567352
-1115007648
874306049
1471643818
606941863
-87385233
773030842
1125450574
-1951448773
-1307437337
328261958
258014416
1579247370
1053372185
-165419788
372670470
2116394814
-657289695
-160317372
1919541461
2081272396
-2108752841
-2129150295
2070868383
982095961
1047731268
-544634736
1675699194
-101769768
1008983480
-1302195551
-1885306719
910470775
-720914534
-717374140
363965103
1114860091
1443365088
949512294
977166857
-1969035031
-1977681408
1150451580
284637468
453201832
-654025786
1949057479
1861120456
-2056217373
1913880423
-1414083878
-1743833701
-1046196620
-1109167145
-1154572455
-690774719
-950483458
263885911
-299122174
1343175483
-1441525863
9204817
726635761
-1077207601
293990068
-926272409
618203935
1787526207
1371493687
1916441801
1871441451
-282688707
-767055640
-2003806010
-190825380
-69798755
880179983
-1949642843
1530585830
1554812492
-155281829
1809159861
1983993964
-987272064
-2046720250
-1365645149
7199686
-370484431
-2049900232
302321163
-2103289085
2101824199
-151664216
-676543664
-204192079
-517841900
250217609
-655120464
-959720101
-1916848253
1970212515
-971175534
-996836526
1717085073
88425663
-639589342
1529649840
1302433405
-1936827065
-83615201
1255321498
207093563
-1228326866
-141985293
-1175028540
-27156051
-1075820275
-966887677
1405287481
1856528916
-1414398066
-1368718264
-660203428
845204420
34394637
-912192482
1587245353
147529495
-493957509
-1584791204
-653807168
-803515741
812832134
-168073820
-1850394076
-2109508689
-1974213642
257745147
1045111103
-1742792222
1334906458
293584539
-878456023
1312154173
-1836903709
1940972295
-755445847
-281664182
509519247
1001099104
-1204990725
-861381483
-1481844087
-1666939401
1960428243
-1318130853
2029343439
-1089838046
492216738
313343617
-120844523
1645299027
-870008297
-34834489
-315683607
-1158872218
687216872
503519293
1883116055
-88007
-1954391343
1051221493
-702985650
-714152831
1669184732
2146650361
-514221310
-839344165
918187235
714111871
1298125204
860091937
284155475
2054777179
166072240
-1369229825
-1776539854
598379188
1141971447
1745401029
892316002
570263034
754281693
438668158
-319583194
505906455
509492179
-284257984
622840293
1428892132
2061680295
507913925
-1046620626
814798302
1077440811
31369018
-1975443460
1135556888
1886857493
-95251881
-2045840326
142171251
317597221
1324139439
46367880
-874079475
-713588595
1336691528
-1210444225
-1034141961
774478220
674544494
339385778
784839978
152859227
-82509885
521095607
244550842
2029194573
1052512667
-77020315
2022749515
-650691279
-1022091898
-1417664994
546353348
1234732794
-449712595
-3017777
-2080068541
923072929
-15749023
272468342
-1597983664
-979558326
556229745
1443420132
-1388218284
-1158516059
1009946811
-1520409404
-1127853749
85059479
-2019948155
1206376411
544767928
248679960
-1367743987
1215273104
2096354521
-956673954
-20260130
1311260591
806632220
71910715
-310124188
-336273047
-1188113967
-694275133
77296834
50951071
1158975520
1399663921
368706531
1192416351
1655153468
-1679073014
99326159
1509569710
-877921320
-1142845566
-374315713
-1641157753
1527693018
-1287078369
-1464793998
1417016611
-177762994
-1997860196
-237730239
-302341509
-1120807012
-746784753
-1480353935
-2138555125
1231794173
1195438669
-138060984
-628972841
1311428651
-1165311091
77056610
-374858062
-1030764969
-778254261
1651419844
-1544355651
-913670816
1420078446
-530483919
-924992722
-1436380095
-1219828564
658619324
189106002
-567723830
-761627859
1129899422
761517780
2002876818
1715287662
119886921
-2129193665
-58244309
-278783128
1981564348
188186048
-1276347241
1885520880
-1057552359
826083632
-1964574981
916334176
1449611892
-1723353006
1522607250
-1169837193
-1132996883
2112601688
-1366635804
-1203507587
1033593344
-1388884052
621159478
1597105066
1908284187
1166022892
-1665063868
935534792
-1529759120
-824008139
-47066067
-1654254569
2055653388
-566353245
1369962926
-1890519696
-1351469016
303794200
693468562
722574764
-872417089
194426685
-1647164055
-1304891322
713573472
1632454598
-963152777
-350176450
283561540
1355170041
-1220982801
1934963008
1548753827
-939877776
-555351455
387539461
2098372162
-320961251
-584869264
-149924615
884368464
2017968270
-1188224825
-1718965730
-1127779981
2089648241
703336780
-2104302289
214177052
-1157454246
60359574
-2100246776
-748039646
-1238150204
1624403613
738089284
674278286
-1243932587
514814896
942641192
-697439564
-182894490
1631577259
-908613953
-1718308222
-138606654
524941672
998611269
1922823196
1356575916
-332830603
1644388808
-17393497
125755174
347789063
807000844
319026276
-833001360
-1820732369
1123380655
-911485183
-984226097
-1079585973
256240525
1379585323
-809924209
-22160962
-470401691
1774741351
1271052617
761123811
1442760380
398105122
1230698601
722191678
-1549818879
-1030321402
552060906
-1698936844
1383999217
1686134670
1774097507
-249491587
2113090876
-1026498340
-176427193
-1730190697
-1618055832
1530988745
1388222568
-462438275
-575916555
-661074882
-490005571
-1388960424
1228610242
-2117093695
983893860
-1787452939
-1095820113
1046686546
360119785
-1917240647
216520578
-1836097928
-873256760
1500987857
1907925518
-883597930
384421680
-1454137171
-1525674863
1980348290
-487844599
-21445458
1940808030
114072151
1940727352
-473554147
389090235
637893258
-667659743
1057917023
-181204724
-1140222149
1360452461
1267705446
-2002728912
1286991821
1612218381
1441764971
-513795286
809139896
-1593967235
396640729
894639876
1809698205
-1504897715
-629938548
1824996847
1784493722
107599324
1778199098
-1043353681
956262111
-1237767322
-521637583
2015173685
-1313606015
711785793
726363202
1205486733
-1527502450
1881037667
1927483901
1546638842
-2067386784
882802727
-749242595
730843998
-1232769738
1135585872
-1610597818
118161631
-802702080
1457722189
416773869
-50733625
-119500423
-1461090882
-994806890
-1402259284
427849339
-528984009
1388740421
1750784464
-1073714034
-667103165
668709422
-1377615926
-1467090239
410268074
-863599186
2108983909
-295302723
-1822491146
-1158645890
-917196857
1964629014
875178036
1834429477
1716215765
951760868
-397328137
-1676360530
245250518
-971106926
438886049
-622109797
-181913514
490039285
-1200568859
-195633895
-1751025844
-74329696
1187092103
-1373131148
1574615167
-438477963
1973551206
-270804788
-2147333596
-241663873
323732667
1750313737
-1023527988
369369855
-135723101
-656799988
608292220
-921878844
-711543334
-1773679066
1011033373
-1802441537
-2046754104
-779280179
1108792854
-1499165738
-918863166
-161323636
1778333495
-1107877128
734307721
1150176059
774243032
656298097
2025821461
-2058536336
-1434067647
1240619646
1098497176
-432412107
-176464564
-599640796
1757346749
215878650
-1949598903
-1704881859
-1756247504
218972877
-345535967
597706962
461885282
798742983
571809469
-1713652560
280081037
975564233
-693991000
223344437
534865654
-223150488
-2101950734
-908613526
-1693288335
-431154651
-1428813737
-702066858
-1041490902
2002917857
-1071497823
-2122242927
1418529185
188260239
2112962378
-1373332969
558718966
-332805077
1791524709
-1483373474
1717771110
1810620650
854090941
553926825
-468066539
-1119273038
-930106306
1658940574
-1877534963
1382186699
633449619
2084373270
2049947270
-1286503465
-1428178928
1446638132
-1612376473
1408162303
-15607598
-86212936
-386746356
-36063377
159855397
-32831340
498004042
-1326029309
-1219864027
1425933504
1671216815
530449218
1325089447
-1361756086
1034769678
267766666
-1132789671
-1915371344
-2003561670
1351836813
-1867271897
-2060135055
-931661040
-1493771525
526990048
-2138427679
-126230342
834291584
-995770599
1363938877
104258354
1642221297
-1491146415
-1185553666
534952197
-1648758335
1663007573
682289521
-485589671
928472761
-1403864090
-1649697145
2028677425
-124863256
-897209448
-754049815
1931039982
-1460461353
-1471405060
-1017727153
1041915416
-1613422335
683033857
-1215339502
-1266668194
1597095297
1965347990
-1680749057
-2075862821
75206413
-1542359916
1226907245
-293362022
-330075870
1468650203
1179505809
-178179236
-2048582784
-60082246
846151184
1418248600
82796249
207492756
1881367765
-226429758
1573320901
-496532289
-1434483164
-1535476528
-400674056
1054915247
-1465358609
-1218480647
-884293195
-771554477
1823152488
1343389887
1147573637
-29835842
1923352535
909694511
859804708
1397380362
-942974804
1624956007
-1579848516
59265657
-1428488232
-958726311
442760021
578940380
431231319
-1359294003
1022095242
-605437896
-1871828719
1881324204
-1240290688
-415204187
-715850782
857780858
1229817876
1408750457
-653957641
-2024352476
1323042643
-801250394
-484668837
874171387
-967342546
-725361056
-1073686575
-1659677696
-673807250
-1613184766
-998897949
-789486495
1795989989
-1134868174
-315988677
867612995
-324023322
1939113794
1685914160
-258750782
-1308733962
507425497
1688309923
-2021435339
-540493374
-686676526
-381677044
-261464138
-1189225900
-1033068189
1861983951
-991512095
-1595529599
-2126167679
707583956
-2090866214
2090821286
-1411267965
-1915613866
1704530324
205554067
1894251781
-1451260166
322153041
-279403322
-374293489
507074850
294044004
-1594082341
-76590731
265241475
-1641628354
-1773835453
-132936576
1071256820
1286991527
-1252720076
-939395379
840069257
2069262923
-1742989344
-2129101963
-190427168
1872373367
-33175576
-1640768402
-1682712902
-1470777051
-1524907501
-557016528
845499340
-477621707
-1514692294
1720201627
1871923927
1121426941
-1233240697
1527108631
-863009802
1631271939
1082224094
-1191444996
873176118
-1719871992
1748495514
-886141132
-1305148565
-73407671
-1631431812
-602191329
-950545599
-820618240
-1695587617
-793453386
-119010415
357753136
-505346000
627234802
1257357301
1676614818
525784990
-1191233170
-1830417762
-74867414
1018817805
1106275147
1304680548
418296622
1733388367
-1308041645
1543037470
-984346264
2026240149
214147680
-565680333
-2002307606
-1668404445
-888692482
1573551473
1114300258
-1337691837
1041325647
1995442716
-2103438689
126030203
45966383
-911951798
956003411
-1393461247
1835776919
-395739026
-1385170150
1693555310
2002196550
718771505
-299614789
34824882
-1765762403
2124728712
880271788
-1554033336
-1510257718
-1036008446
-116199973
1206445737
-1871661015
-1632922783
1313932715
-2060700667
-1972745242
-794331028
-1393110980
-708701392
-1493084698
78182659
960499695
-818893350
1498535143
-755265421
-96915928
-145875965
-517311771
-1699049205
-482394282
-15879763
-2110369089
1485769455
-2085764304
-521669678
1162056730
-1704670165
-747526848
-6788968
-1609322107
686214667
-928169564
-1779714366
-682550050
1271178153
319910419
-183777174
35110387
-473449018
-1320425698
-1956715283
-315345045
1054382045
-1003793992
99218981
-2145905177
595665525
2115903736
276131037
-457224861
1283129015
-860301284
-122193791
1621469410
1856855871
423444688
1841137173
1035014218
99066422
2095840688
-1711654296
819972236
-203229024
176046347
989617032
-1747447289
2061938418
1606265834
556162424
-1872180946
521136871
-586376880
-1559919072
467725671
1744237203
1964071362
912448644
505295414
-1787211593
-1730469111
739727160
1670446746
-284071337
-318785482
-833618413
-461996361
177822090
245173733
579203875
208645044
-153083504
471494342
-868641056
-559518234
-1386901463
423158873
-222348381
-1105183443
763519012
-927275016
1046420568
1911546782
-1572376267
-1545101286
-1762555278
-1813100958
1966614795
565063125
322668319
12343517
487674274
946982564
-1142998083
-2024890862
848234709
-1496328598
1509361035
258268229
804885814
356304310
1739131043
-1353259295
-1930808286
208011336
2070707751
-859200868
1447441679
1327097812
-1130810950
-412244008
864024103
-1437573371
1550639666
857417548
319985178
1326053572
-382109301
-1246432029
-1574539473
1482446777
86659102
1601625315
-1147555939
275153425
1983770385
401712978
847880984
-1320145534
1022690833
825847188
-1456569939
-534558836
-368146370
871442008
2141509586
-1770045952
-2068568985
-1138193483
-1671636039
35244997
687443063
-961560689
-1030143004
1979272665
-37470162
-1697230273
267154173
-1919884138
274255635
-1816031373
-650375961
1168565558
371574184
-1193265839
-1749006064
108158873
-1976321569
79690210
-1745512952
1575271493
1176840909
-1091861843
751592023
-1260341587
-1104664676
-1631735134
-506716534
1584412597
-957943354
-461278662
1956367503
-2128685963
329518720
-234662437
-1028411326
280425789
-327058573
-1909668224
-1474235065
637266136
1891236529
781619353
1904041497
-891590635
-1181832730
-931463889
-1161146269
-533377662
-2145756979
-1773282997
-1342188914
788563322
1432310502
1656950680
-938127717
1568701026
-805597083
-1686980537
2035494449
1118732591
1228571245
651412274
-1692818439
-1842410966
1257959038
-1724604348
1329215017
-1033725449
-867005142
1827375639
1489428063
1218367187
-482320370
-1183951138
-1055731025
1167848988
-245763328
362541956
-221361153
-1310198250
1198455941
-914363115
-135799407
1073188843
1004671365
-981816227
242430433
-75809293
539779137
1983858638
746471600
741159478
-17979772
415371174
2008765024
-241026770
-1538730216
-1522452400
-310942590
905938128
-379510149
1732462347
247055277
51618765
1221744339
1744643273
81981073
-2005849836
1346030366
-1689519271
1508775499
-1911699557
-241415763
1401766087
-1646669831
-36641185
431795666
-1872653054
-1913533551
1000927401
1309026520
-569551425
66888686
1332668050
-1477287373
1760824478
-403825621
1381233096
-49617160
-1059447926
-135307724
185402001
-1002660722
1282034532
-1382805863
1420605711
-1427952986
1160978659
489441701
-2074337594
1489801320
153754549
43048367
-165219237
-1715185426
-822000662
1992840879
-1323788386
-1204215051
679324050
146321172
1798489546
-293179439
-272385372
1107474899
1587002890
1318579617
477664033
1835112899
1591052351
-1455771452
-907695240
-1095116249
2010670080
-624684917
1379830060
-1683424116
1676059618
1761418031
-1828825677
-1625321515
594049272
-1178807035
491618209
1218258068
-1939705187
-108349713
-1849832955
-381242726
1488041584
1631985686
-1565692397
-209370160
-310037344
812035797
176698114
241432648
746544233
-499862280
623353911
1103214478
1000346845
-828884187
738307491
-589552828
2093940199
772818842
1441240680
-755065107
1423588748
-213165032
856469954
-1149665016
-734110348
-420126946
-1759021532
1202897249
-2041578327
719217754
-1409480031
1298315426
1437096349
-1277097892
1892289165
-1188772560
-1824393103
1294357388
-318677148
934078772
1086515572
1859147870
-788245271
-814696969
172389353
754188483
-1543156846
1117984882
684730636
90029794
360230179
-146285787
1085186903
-1843129081
-1735522408
2048717095
1186231809
-1882838821
1130721863
-161161602
1620185286
381933013
-1873567418
1098830256
1745066989
-176164112
1204374281
1122910873
1379012743
1192542110
-1684487088
-1992480129
-589885196
1909304316
-1835076033
255928675
-307804757
-747048890
-326954290
1962749081
1853833785
1844881292
-493704349
-253859174
-838125943
-1164811867
-1024062020
-894646247
-647892890
1913610340
-1596781806
1718876755
1401942334
287241226
-458060421
1949039275
2090310697
1618717434
-1092640881
1178378101
-566771672
1952139443
-1883452850
912354833
-233176399
-879446023
-1569264319
1261435452
253685355
1123445845
-750062370
-2116786526
177580597
-132323648
1309020976
-1933780298
-360080276
1876971930
-1044488521
-366607930
942702189
174811105
-1640236148
-1442322615
153592920
561847198
-60214584
1661191291
-875070185
-277237854
664935462
-689401045
-1556050274
1460090994
-1339900441
-630359597
-1998228877
-834881409
-111360267
-971086615
616142449
2099923866
938231627
694706548
-80427576
821302694
1282738835
-1585935135
623361607
841017486
1093171472
-1652969962
-1410443811
-1588013703
-246537538
-571880505
325055580
2027887932
2066176183
-1904061431
-911776384
634795024
522746071
-1094538972
-1606990032
1108593796
-1844916317
-1915344980
413177859
-382329420
601109606
-930350638
-127587835
-2129995589
1933034396
-1129821193
137887162
1500217701
1408588692
960214658
700041570
-105243095
-1610629296
-1054412558
-1696583554
895775574
-2038725713
-658628042
-1541771374
-1803338357
-1593890099
-1562353093
1714323501
1426988907
1479479722
437076167
-1560938202
1265907345
-2089282551
-1874107003
1355951911
1911851970
1853229722
-1840210592
1881364847
-1273965983
-1480489126
814541075
-595149101
-634901721
-223185862
1086284033
-581161211
-1074864622
240875518
-1378549183
-1168946152
-1034731618
-1982053016
-12666627
96823363
-1917897422
-1083754347
367868924
531168228
-550957859
507045542
-1191801476
1698166728
186489921
-561609823
131216708
-751667287
161012431
-346930535
-1319729158
-1757701897
-1199477964
2070090765
-428699727
812022235
-194066414
1586456206
994404806
-1679448968
342427635
895536547
-236114452
1898932851
1699507322
-1995394320
-1116425596
1426977973
377106651
1463580052
-1175928271
1698302831
-165459060
296852435
-971860309
176937566
-1492052164
630782709
1423879380
1589458255
530257668
-799934099
1028933128
678240485
817383899
-1178775748
-1452070216
-2066963558
806207823
2110318743
2073199161
374940419
1069772658
-402338105
-533408807
-343355049
-570204143
774060880
619873587
-74322127
-1550397140
1606695253
-983733820
-893524588
1482153633
-1659930310
836057021
2135260208
-1402620631
1755658890
2070803994
-339496989
292847752
-1365676005
2022094835
421588353
-277772032
1606058608
1623210257
-273632040
105329670
-392735650
1642606531
1381492718
1930681400
1557032433
1936156658
1597131404
-320752499
325742991
806222707
1804727807
1125984973
917389150
-805684324
-1919171299
-1981121212
-1560974621
1661739033
946863238
894597042
1936975595
555765504
956216107
1732873093
48892846
1433080353
-1516519660
353613641
-1877976272
-151204445
2036214365
1236988255
1674618858
520014796
1251177601
-2072704532
1889042858
114323999
21963738
238106644
812321974
706360235
-1667011736
-1605056920
-1189697737
1147983009
-359143215
187798172
-447414059
-1403464920
-725631320
-600288131
1155696798
-1605170835
1235259121
-1382817759
-1627106005
1635310845
1580210660
-1711679649
-255726843
-157839530
-1966701327
-883917183
1418364228
2080342970
-1338012156
-1198479304
1918092409
1675988550
753217290
306572496
1606019021
-1130258365
-916294222
-1266769756
92796010
-952408644
-995781769
203439571
-1517261031
111847504
511994334
-72600269
1327860779
-1338340535
1416042236
1808554629
1812593053
-1797524244
-1250933189
-977444886
-241064074
1529133330
-321697444
-1138682731
-1396952460
662591735
1300512191
422140610
-137833241
-1528796079
980337122
313002215
2111701467
564135844
-299630809
-1533072856
1727860348
312390612
481889241
481317391
-40071754
-1866937605
-291837584
-1149175941
17449499
570183292
-1548901612
-1206580519
98552330
-2026993064
-1889513377
327170962
2077452812
397941184
-659029913
1281466564
-790587007
125051114
-1997549317
-660293325
995767675
1817759784
-2006141397
1144911489
-1590526487
-88308683
-2002274803
1279805341
-387759881
-950265902
-627467074
1514952313
1914886325
1400650385
1885301927
1792109823
406380278
852025583
-427880703
-404540091
-1349534854
-1993137752
1369966746
53922046
-1974570929
-767617977
-1723582760
122471475
-157792141
272139516
-1981228802
1117081395
-2100933442
-237071951
888695214
645288904
-355949826
1300464734
415894702
-178040405
337394531
-1298170212
1723045102
-1707506119
1034121245
-878065032
1184851657
-1492493467
1014397763
-218766198
1923594891
-576106000
548071158
596546373
-188415181
1475467992
727669702
1406836623
1026915705
1812780045
2085318996
544998035
2116037393
-1186685846
250176823
1670618326
139836977
-1888357662
1883888675
614517384
-499762863
-1124395782
1426067784
148203804
-1796585679
285331574
-728295433
-1205067238
294358816
-806060969
1676088203
1108873011
-137918086
1937837316
-1414821498
2055342997
-1774413711
1126741958
1797927417
775505537
-628528880
1134942585
-1177818583
1648487194
-2147295107
1077744768
343911791
482734462
277158270
355326457
-1093027744
1444506906
1863857726
621138481
-1973470676
361032761
1617562191
-153233318
579942475
-1382171426
-710287118
1220443515
-2142271403
-534959404
593748886
-2099951961
1029112881
379915011
198042782
-50128271
-1490264974
368125956
-489713049
870289822
-906547971
-1327864842
-1641261431
332668700
1038563310
831103890
1842701659
1403863859
1995958972
-293218692
1406058940
1395604985
1032098202
-534138660
-126207728
-1457588981
6413600
-289215955
-1010328695
101122169
-178807254
325457236
-1241926489
151786242
-1256203264
-1835047436
-140261375
1235431808
-893474634
1910109952
142317125
254766501
-849848362
-2082707823
-2082984324
-843835417
904002363
-816653575
-797569134
-1876714311
-2124264897
-1051998953
-1281532395
2091024635
53958424
1175319532
-1638976963
-929484366
1664595583
168021358
-504675796
-387540229
1472986514
1675673756
-1995477899
-382682564
377993722
-1377614638
-578361630
1802477469
-191412144
-1620641187
892802417
1638044342
634006716
-551567278
1112821152
-1771680119
-1151872545
-225455205
654903786
958302386
1559679474
-1646769326
106844560
-19646499
-2051199441
153388625
-740534116
-720548489
-993912721
-1142530551
356949026
1727649447
-169856236
-350080365
105316041
-895633281
327248680
1147610116
-1190155895
39680878
88854726
1812008196
288601269
-1161307655
723063224
-944303455
-1150100164
-472054102
-1105692063
-247276192
-30094805
-1011884728
93692125
-1445343339
-1623939467
-1521716409
-1210311066
1407372532
1537610486
-980239486
1146288889
-1769445529
220771509
-9752281
-1469010120
-1182759647
-1888492695
-1801011727
1876091025
-1419783182
-1797768130
1480216477
-1764541536
1130405340
-1686299432
882495638
-660270894
-1108749593
754731671
1157462002
77436746
1520196657
288770589
1704436897
-201131513
1618611272
1950231308
-1670334493
-1327721658
840614076
-1986802668
503423738
16841252
-300316434
-1896883412
-50521055
1833223815
-802363858
1469650462
121810620
-1116262593
-218466043
-1565618359
-1711924528
-586684825
-1830309938
1397422754
-1217873996
-201074671
-1137816949
1562461947
-1171665400
-624120031
-1416312843
-1955395704
745413862
-1228323719
-1231548460
-1488621154
-1857159593
-1316266922
2127883921
1690432188
22863624
751392249
-1974127095
-1560567089
85196093
1246802313
810391459
757274289
-256531706
-234844105
-1927902300
1422284530
2112704431
-282488157
-503588415
1918041819
2059699324
748861821
992188149
-403912785
449521813
1236872303
1485221012
2064319540
-238176193
-1541731526
-469615456
1332990065
2120397645
-767840993
-953518245
441711032
-1053032747
1488056959
-1661159907
580838118
-205509083
-101217083
2132275047
-1261311767
-2143623433
1425694851
-654321609
-135591038
-684534556
-94411301
526403229
-1206198709
1130815510
-1268208864
-1165252210
766903803
131832642
1483103676
-1412912649
-194329111
-1401086764
615841107
1370507541
67330510
-1519863957
-641131224
-1575022589
1095129038
1781876103
2045466559
2102469780
655472313
-2067268480
-531801916
-1091938462
-1780542323
900659897
1196106027
338198311
1320282431
-1780873963
-583407208
-1550863030
1179275706
-568514646
-782743808
1329940413
1653767975
-344969804
-712411761
-112757755
1725781615
-1634130740
398454220
754794393
-1477377027
908025689
-1114003462
-42270352
1866500040
-850941370
670216641
-1467125547
-647791216
1236380149
-916915699
-1654239875
386639207
-298216845
1670805302
803402970
-1381240718
-1270829332
-1405809823
1746303153
234690032
1471310944
-399389915
-1236923670
1053291644
-2059215978
709593713
-1491086682
-1575074930
-524362159
-810363988
534871703
-156346041
571831233
1251978525
-542824309
-1637414803
-2042308548
-1816932212
-2023727544
594336435
1825401901
-262784727
-695573601
-1397609666
-1913153972
2006920109
203162043
412607844
-1856432881
-1623581505
-202606663
1309993910
1910076255
-2146100840
1821663357
-801215680
-2076404593
-1240754455
-1959222845
216768270
-902460535
674548219
-1372800908
1372833778
-1653395126
2002513944
511505978
-466789244
2134584975
-1213519831
2019984470
-1044269718
-1052807984
-805846368
751583152
-136791591
-962256275
-693556329
-1760247249
-527151013
938733095
-400436423
2093952331
-1567909934
-719931951
-1088178080
1279363551
-319673156
-1392559034
857766272
501010755
-1936195912
-1239899491
889130946
-1212157030
1339193928
-859551589
-555771789
-1959497881
-114816297
1893711976
1091031199
-1616621978
916666622
-1609971322
1000941305
1983028121
-1237128958
2068285182
-2065987587
1377609376
1129414049
319448283
-231323560
-1113872307
616882957
2141872348
-534589049
778280055
-966408648
225421924
-1533348675
22373646
-1650688942
-1518219851
163514377
-1614312848
-1952031089
532799069
-456248904
321531130
299802157
-537373457
-1311930889
-83887136
502387893
303469558
1104206525
1047479617
595842176
1087850535
-1146980889
-1152683147
-1958511236
-1895295019
-1967851101
27823017
484481584
-243640919
555561746
303006126
504629501
-1119901039
1292349225
1585673485
489338278
1051912952
452475351
-1728763042
898115345
-652440776
39824236
1438866393
-2002934450
398813004
1006020665
1002151981
1646214104
-951987766
1460811379
2113478288
1259346971
2078940687
1192316508
473645335
819209270
672471483
1917896868
-450884025
-1005810175
-1795413665
-1425715445
1213396715
-1696462255
-1418199947
774976331
-1770377945
1136577658
-1455420272
-1209642955
-1766205235
-459322859
1128684500
-1134405350
793099502
-666324222
-1586747737
-711574676
-454090060
-769628752
1516469416
1250916003
-433709713
-883956837
-1688406817
1011125861
1036155884
2090142230
1700786486
-676070688
1247410957
-1747545270
-450943704
-229164166
623807894
-1081007234
-117288009
-1847464020
-921121468
1353803416
-952534877
492771883
1669327139
699662818
305975512
-1036193208
-1196317407
1747738129
-1201637849
100263832
788676317
-1738568317
1650033209
-2094285865
1111837636
-1984900408
-268571456
-2000431351
-2136087457
712084324
1097308398
990001633
70627557
-1099005230
-801749462
280670823
-1248875753
36762058
1613977601
463877844
-1331386035
1724493254
1263905114
-1582003520
1541736139
1658932418
1918033645
-1242525058
1016855896
-1462746812
1003416822
-338954042
807830545
313406107
-804142043
97323669
1840826234
-675801750
-1590273576
-622596784
-612725035
-1914648472
2135261067
979014447
-1250680138
-62375584
-673038962
-1750789672
-95778601
-2070849921
693413113
-477216950
1382230312
433016782
739986653
2039920892
1324625962
1346825468
1140518588
488290629
-1593294211
29948769
-1660496326
-63611138
-909027913
-1959323585
429135891
-996258971
1594868342
-1995154614
1052034127
1663613508
1024451512
-1223187095
1828161460
-950437806
1695668073
-1177708610
1845194876
1543199704
672412733
-306940188
741263944
435168151
70502592
756842103
-200587948
-1779048472
56604586
-373593896
76602603
-84456923
-968718985
277491505
1256468764
-83907001
-617223369
1383089590
-1307818067
-1219409200
-937393502
2058344494
1863772239
-291026197
-730226833
423283377
-1834350573
1167769296
1201727973
-1689222477
243005468
-1162594707
1820102321
-465519552
1586711446
-1272323518
1193940986
53473161
1858775270
451174028
-507821134
-176289122
-467404254
-1822258011
1522101039
-1204255876
439988419
-1414062422
952061945
-1173551542
1322520729
1012971870
-886939163
180503519
999536126
-630730675
-1113468318
831562888
-821966002
305897524
1034094866
688710407
-1771462250
-696652897
-1209512548
-1443703843
1877385355
-1570546220
-148391232
1044307147
860668348
-277301265
1135988395
-538386282
-2009003253
-690279346
-1546113908
-2105826549
725269593
-1144222674
-393583770
1894771010
2038244480
1129458582
1153945127
31644198
2024100230
1606918003
-1828003590
-1347198156
1617301518
-195249660
-2031912999
143304066
1472196113
1313630584
210434661
1477422850
-240503602
240147668
1333160185
298255367
-1963127297
-424701158
-397170948
1411562760
-71546804
-142329689
-1142909322
-783270748
-874156284
1706522332
601872613
-1071857178
-287626998
-1074259456
727206225
1830443721
-877456627
-1176817307
1686733726
-1631388930
1531611387
-157020728
718343456
1190116076
1784287926
-316456451
-765398412
1020691191
-1928959992
586320331
1147268749
-987715836
904478676
21871380
220753677
366032445
1266376335
-1490606791
-993719851
1641677585
-680749075
1293419196
-1649526817
682272638
1259190238
-424419034
-2100663990
-386594414
-843348293
-1546640598
-1828796746
261563438
226057404
700383498
-1780993070
877795341
-1176700754
-762336455
-1339463886
-638400252
-984314399
-581209279
-1311626395
-418346101
-1947517594
1220681446
-1399775930
-1681217925
1346334330
2117454219
-1878885486
-1607095016
312588860
332986325
-1912349765
-491391662
-2104861018
-1313357426
1709037563
-577458617
-889295686
-1336986165
286395051
-1007592692
-832756229
-807117489
-339940652
1342813613
1352744222
-1805746383
1767923206
65945201
-945230335
1718520765
-555412632
-1302725790
2060656860
-1022897768
1626209296
-339203061
628034741
197943590
997880980
1279980931
90115353
676446767
42529761
-1118680406
-1473863928
793305024
-1540009142
734172338
-1616463568
-102871473
-1997863965
1521410017
-1135938722
1901482018
-1896561392
-972910444
1604137265
-650494992
1094234200
-1566382970
-950221808
1973627336
-695685506
592495698
-510576547
-7861711
1826400722
924297526
-857718294
246647698
1129124292
-274818279
-789480532
1281913300
-201751623
-545486130
-2145259859
419513413
1970318625
-889090918
829723719
-1404930625
-420758839
2096805619
-422819954
1508141832
1560340845
-49370742
-2091984370
-330497156
1654000529
-1834155893
1738031029
1019643881
353704080
1047214115
-933231086
-1124326471
1752307956
-1202863038
2141358784
1466059862
-2001533944
-1541119838
-2088590052
1437842121
-1600167252
-368255737
1613739837
873585572
-1052325016
-660608569
107436581
-421406430
-915764286
-1937790836
1709775155
-9591924
533205715
-1237842600
-978980644
-907895843
-855183081
668801993
-1310948198
1555940521
182878597
131345565
-168935389
676306234
326406111
1375201145
734582750
-754971909
-841510838
-1408168731
1753406610
-1499663079
-1412678623
-89609061
-595503520
-91982234
2090838021
-1748401151
2020055795
2015742337
1433151288
1385840882
-562965771
-782085324
-1276080085
1024634052
-588389692
621440796
1186903637
-794164346
428714597
1665655439
-201904827
-1409483895
1636356280
880941497
-862607110
1850622241
-1624011283
1063686920
649236338
1521248940
-703387338
-528343862
-2108452992
263497939
-1043325506
226347283
-1683074846
-493242609
99687128
-237192221
-262303342
814403695
-213298309
-247056504
1681540188
688827543
666357998
-432436415
-745569104
1520617739
209501375
1371523108
-2072415303
1496285869
38065657
-1953931199
766268077
-1612332156
-547715691
136582150
-555585946
-836548418
-143702480
1322766820
-2080067534
1296483576
-597208322
-260084686
420145126
-1943182661
1069339134
-1768142510
1590567737
1353149258
598666607
1412592145
-103242162
801772954
-440102782
-1561550253
820271506
1474347425
-1871594672
-1394720785
-361643832
1243620307
2066326029
-1741464617
1290719073
-2090720023
773262206
-864214660
1418079760
-94799389
341287592
-1957996432
1915012510
-1558693808
204353481
-1918247860
-1848859910
867494605
-747967349
-1608306989
-936802157
1485695434
-1769445513
-849901481
30195946
-2006778733
770615975
-1907750309
-692386206
628721294
1840617919
-1787037575
-1538223014
-2122332991
609925917
688397190
590132605
1646780311
997056591
242135795
1209492312
-2068065053
-713334331
-622552970
-1561801940
1400340005
632414663
50231784
-157037563
143013643
858573480
1589333360
527548939
475392057
1387002940
-2122357791
-952159465
1607039564
554982534
1656995168
-39964536
317781276
1721515958
1783858250
-1400077737
-1232220351
-247342255
741069396
-1761022103
370029016
72956081
-1968167950
558118692
-250465145
98720432
-1004003843
2045743172
-616933955
539986592
950110607
-772554513
-13716674
1517224061
-1315198415
1895375878
-758987042
1680497253
1133466168
-2099630147
-569267316
-637429944
-994485909
698306925
715861650
-66156325
1925405161
2050765480
-223727334
-1279725359
71358281
-1389118578
-1374609933
-560808627
-1179307005
-1463196066
-1622050923
1364662417
1580800269
-1514424241
-1162886558
278806523
-1071893559
-1561529440
-142258386
797136434
1481272861
-1793304850
1249225217
1855497372
1510606051
1059290565
1019588891
-1705377773
-1642454908
-1169115528
459184183
1058292951
311415775
1454399796
1608997908
1010048453
-162945682
1571073107
1409509936
828213961
-105904469
-1219739155
443384022
2144393872
-654615120
-1574061387
-1617818789
1907952514
2090763549
-844699135
1404862115
38455279
-1661016515
-939763926
-1608549910
744124807
764514667
-237602795
1849143232
-1266487281
-217646926
-4226798
-1031414955
794703698
111489203
-2012357148
-929282570
-689194923
814406603
-1915443168
-213868329
1531982285
-510450828
1496624826
942356242
-1377987627
-1103797269
-138532
1878572015
956885723
-1807651309
-1606795783
-2139866778
-1478523429
-670858343
-1506249438
-172825887
1525402576
1617523032
1245580696
-707538875
-1299352474
-1351324675
1416472225
-674110157
651171827
718901998
-790131553
1207330954
-1509537112
-361939609
-1342707363
543100976
1159640835
1024685542
-410573396
-1980594926
34335623
1806845897
-248098770
-1236622488
955174831
709411636
-321217167
-305398979
-1287719905
1276631864
245912895
-1432988370
-1809108451
-822574543
-1265712845
-1854783631
975195710
-305354641
-1135873905
966518553
-771059100
1219428631
-992451251
-1416904297
1489146599
492810571
-2026373517
-1042167165
560239377
833244552
-1782664277
-1633658468
1599421648
1180944720
-1699940846
-298855155
1336778662
1650801928
-1192179120
-109788174
1257482979
-606951902
1763045352
-1797913319
-1801218282
-112523906
306227664
-743887348
761393857
915505165
-2001470397
1515673167
905266763
1863673271
1914532822
99406565
-1079934150
1454981758
-1863464503
-102062567
-647056735
211246563
-190383713
-1789352070
-1803053354
646204552
-1434608655
847489062
-478923672
754350102
-2127259010
1237522251
465532495
402899296
-772304507
-1151997205
1859543397
1435803848
-1486261674
-820064034
-1998419179
956197089
-2124268762
1325657117
1112065873
1395429206
-533735389
-231300548
-1114619447
580591625
-1831108152
-789824200
-1492814247
971161215
-365548431
-2124913294
-2001748798
2092489082
-1283203791
-867780613
728193948
1548547303
-1832454173
432078098
-398109045
655764986
-1423320449
285459178
730164144
196238743
-1122608722
-1294245713
2122708067
2091547891
309326495
-23091765
1897438494
973484155
-480328165
145013092
370288827
-1882022668
-832130858
559672873
1530311394
-463541533
-1637411576
516394574
-461167172
-1338827730
-841668292
579920852
-978594068
-2098456574
-112467864
-163577587
900956094
91361527
296337212
-1324806817
1459422369
-1716737678
2024157886
932911688
1299038162
-1943373237
-11715562
-224869215
-211991718
-345514065
-982940250
69412390
-1737832902
1287336006
1490171229
1147394869
-769675037
-1096105321
-585953203
1485512917
-1194722069
903046315
-63257734
-1954328838
443571198
449587696
-2113640972
1810576134
-1787995630
-1629572256
-1202812889
469569171
-77730082
-516336158
1747149936
1042300527
1457730188
414368496
448464116
1212141031
-360830548
764221305
1125741229
417364552
667409516
-585075449
410534341
-7017822
330771718
1966311716
1825312550
521609167
-1580654215
-531978502
-693386415
2117755059
200774779
1973180217
1407757935
643376836
196444589
1088717373
-1484533339
-166277428
-2014879472
507353199
1134422444
-24833555
-264157769
-1766236950
-2084237664
1127844581
786150334
1240020578
1591475479
-69219437
543908218
1763715649
-419144587
865650362
-1583917071
1228334610
-625568131
272667139
-408148340
-381912286
-104393685
-1514159032
1940004362
-167464860
-1665010750
1963023
324519608
-433123691
1644399648
-966845868
625018334
1179650719
1669681496
1217256843
1910417020
-745016766
-407114110
15796452
593049910
451510001
-2007193396
462074832
-1714061428
-1525927175
1487757269
-874259005
1908921933
1422189800
996392762
1880064571
468669261
862002476
-1152551568
1425828097
-336033195
300427770
-750484525
-2082654545
-1101845158
-621867664
-292553729
920813937
-154862606
1362799101
1812119134
1425731087
49788419
70111488
1227820546
-855008982
367461821
582424495
-1726018123
-1992077115
99521737
1380750906
-1469089203
1869046279
377995458
-138283729
1621833283
-225378498
-1278631196
1168600351
-1550091642
-609582553
1739939586
-1650025342
237617293
1583091308
1938025917
977033175
1185790379
1440962669
-926296590
-360916977
-1387075674
-1478847421
-1567061644
-863900885
-874075511
-1764699903
-1391699718
720964387
639162297
334906428
-1389284517
-650019062
1229336133
1917012429
-1827167240
-303502738
75840642
-693560364
529974392
2136403716
740526807
1011320576
365893050
-530660220
-263577643
1100160782
-917670905
-998774062
-1436700278
1477162895
-1410557305
198007390
-1189079018
-2082790163
-309925386
-1067133236
98424190
129010095
-495884649
-308918314
-1504983360
330085371
-2016140952
2082815089
-1671015898
-2005381284
1568899222
-1915945938
1759815391
-773525819
-549381325
87149283
1122492875
-1023003946
310516773
-248495478
-1447613547
-1195339683
-45850527
-1901205656
1490494470
1537178399
-44383143
10246769
-1394856296
1855781079
556553395
-585970198
1430025290
-1163861890
174675514
1182244944
-295719246
1713261004
-202090215
-1561443976
1282936920
-1181093634
225233734
-1327774217
-326050240
1296863962
330022459
-409547581
318017224
-37714705
1700451307
-578970854
-1915387468
1836715553
-1999075597
183997090
776054151
-1397865628
1545355792
1385522641
-1323655660
1174695111
-612369711
2077601422
-1152303021
345650868
1752974221
1850329880
-2126743688
474166134
-927004522
-1070521050
-841947327
360739066
936668334
-1000388784
352313231
1932863193
219969721
27485357
-1848019656
-1796620139
-868248908
405681852
-1099508709
1572784162
1392439269
-371370617
-1502667148
172324008
190674516
522284549
770338160
1720443271
401654137
1034353344
-1131690237
1040658843
-789496266
-1103142217
899947769
1491477184
1184600582
1325572741
-2085770933
-1443179112
-136003209
-2088770623
-1926218829
-1911370357
1453705685
290825896
1378110594
-2055181041
-746937817
-1309646343
1811146929
-2096532951
-19146913
1421393184
-996816075
1822570290
1102657484
1441319062
875575190
1653980126
-380681773
1876023431
-982095422
-1120486790
-682079779
2094196148
-1328763106
-533312140
1683327891
1775868058
174882013
964749600
-1531209144
-632921388
-1719461995
944418233
-1097800521
-2001843523
450535439
1006654885
-1161543699
-629453479
709269854
1784824828
-680743544
18250356
1611283506
-865896630
-444411615
1616195339
-1677710483
-893492076
1891092742
1771377131
-1800380938
835583641
169106988
864597656
905597389
-665227943
-112803997
2054228591
650566752
853883354
875838411
1906176014
-2137641956
-586878423
-607670138
-1747800845
-1007431866
273975710
-1488151122
718343523
-618408950
1030814052
-667806071
-1659346292
1442403796
1790698809
907018491
-1307328787
1475873758
-2027009935
-1854121924
1657083125
703048969
-1321570497
-1159371062
229710826
1259945201
989708343
1149315999
-2102780148
-636774853
1778850318
-894345562
1683364602
1763558960
167692708
-1874933653
-265368237
-674034289
-1563861948
-1564090094
947952287
-1391093090
-1131490774
1390013066
349662832
539119746
446952773
-503121406
-1030293052
2107191248
1105975357
-502356837
1131279277
-1177340829
1143194038
-730709154
-1070972877
-1302872977
2011957206
1358496367
2121146745
458804438
293904389
-135843965
-1658530019
750700218
308045555
140475279
-1063825435
2042716754
-1711381282
-412212287
-236465769
-1349188863
-1445424620
-1310116429
818264871
1351661732
185327543
177496798
-275200745
-2103279061
1647151296
1508513612
-327850982
657237354
81653573
1020446609
2049061371
952119345
-929461762
-1230067205
1586528445
-1244268903
1970054661
547704584
1571322882
-1612143968
-2105868067
-1217278696
1785429168
292006136
1104707252
-115772573
1131770577
2082748187
624984300
-664389588
219187642
1918267042
-1844600617
-1277340106
-929273233
795509207
413913794
1014877559
2034024517
-2136308344
1591424308
1159314187
1591272393
-640480226
-1262874505
953728107
481349600
-873603603
-151991721
-1784622626
1852425519
-827366708
-456994263
-788106194
1874280380
994611432
-1955346161
188469663
-2048187691
1953002709
2040556153
-1635621348
-368951504
-817518875
2032072942
572613299
1131452243
-969326147
-51170549
-1055483837
-96270794
66727460
-283241268
-1512121996
140651558
-1205807074
1204939018
-1056045082
1746716139
2139660601
-921211068
-683786068
2011025964
-1364876250
1467554209
-1084171269
441788690
2117770634
-300570827
871576606
899639852
356781590
-624189821
-347838547
-714840942
-1700075051
1245932610
-1541895427
1504795980
-543004476
-1145689501
-137823014
684120052
632933543
-2052369581
-2000104845
-1821915751
1793339418
2009589117
930057877
1806843366
1061532389
-294798574
-2040817636
73934467
-977889387
1938954764
383853477
1544580282
1172448839
-1457602449
-334396280
1925166429
-554669882
-1801391919
-349038331
-1394497817
17241048
507396893
1245267388
-1890962975
2078224852
1444887955
1801139298
-1821869177
510812792
-939787758
521619889
-1276424533
547079161
1014455193
-1210939744
750859992
951441754
-138831861
-2112206636
-1419990599
1174405633
75700786
-2039603627
1741087419
-1574218106
-419627003
1546035333
-896379663
1377304270
723302701
-470119859
-110635208
-1664527016
1808042437
184712600
-503845221
-920097834
1914893665
3091460
-1010050312
2089927935
-194029999
1160566487
1393052131
379869091
-666753753
-1544922577
49140682
1872047871
61584501
-1297533059
-452876456
514604114
286549210
1155486515
-2088040674
1271147951
1092457792
-158705220
-910656144
-2114953707
-345320610
622854060
596241037
-804703556
1471090820
-733638344
-1580543742
521173425
1003609751
-1876130584
-583367601
996449701
1186789721
-1290205814
901127626
-439172352
-777871379
309503850
-1458414653
-100326852
2140242586
17743039
126996200
-2117323919
-1254930226
2070347111
-1815741973
1838579499
618591078
-563710505
-680507551
-1152112509
1845010220
-1784549044
-2132674067
-2092923795
103574432
158356294
-1297581411
-1361227187
1470794235
-1012231114
876980627
-552572464
2103883888
975328629
747246823
604893689
498970036
458834040
1730230732
-507087494
688339137
-67984062
-314690575
1597073477
1287919829
754715673
-547782871
-1287523743
-1719479872
-1681871236
-640241843
-1059253247
-1987641249
1588005715
-1166851488
-922388783
1827861347
-287896984
-1228017420
1759674515
1709935703
-1487248619
1600659661
361593578
2796768
-1890567617
1283022275
-622271370
-67849147
-2132268158
-720962324
712195872
-794177231
-1452789331
-1020244486
1414000566
1869884344
449061488
-1933443360
479593145
-417322089
-1669025452
589927867
469625461
926703295
858205674
202122480
-423327150
645055508
-2114031289
-1571709551
-1764023446
-1763344783
2133896879
1084777476
1554052699
661992431
586488719
-1332016410
1396485725
41393511
904897200
-1232316372
2092493206
1573456436
95950506
-2121533301
-1863290196
1032576061
628987798
1480099097
369885084
-1634385870
42868742
671727412
52201930
-407460332
-1265275591
-592959838
1115329368
-972571141
1055241867
933580281
-1421611590
-800260845
1448077354
-2009427647
752276874
617803495
-2059905778
1156190935
-1245546600
-606677279
1089475626
1882727060
-158190779
-1827052015
-1356170017
-1938722003
827993616
2109770029
-1410763087
47497692
1447103601
-2105961768
1051889724
2126304320
1420551141
-920828377
1955205480
802287745
-1251034550
757826912
1381006555
-317181001
-977983892
-477320956
-873319249
807561868
695985631
207799055
-677366172
436686879
11369486
898978429
2084839960
-1791928533
-1602146668
342240016
1053884661
-33595032
-1931676982
201758032
1714781930
-89192144
7348384
-787485997
-120878180
-1485872794
658898608
2117284542
325883551
1879396243
-1007912048
1638367883
-1190077728
-1151802287
1815914599
1427580684
-1655476890
1893029356
-711472958
2135415214
-878968007
-1040481979
-767226968
1606059522
-1286954335
237049081
130630123
759391097
-833571949
424987331
-103602752
425944943
1046881128
-1140698338
-1947465838
1865962346
-994013232
494327598
1858466834
-966204510
-65164027
303117536
972924818
1690755524
-867083453
1425496399
-105389421
884547570
1822105462
-1361289879
1306981276
1998299150
-1374817483
905529554
-2004972980
493120312
-1668243473
1494523656
2108237746
-658514540
715921763
1720916679
-2039234596
-1128306096
-1514108075
1800289198
-258383699
1952586725
613486206
831752737
912388595
-1762765668
1017198787
-1854294671
-1390124359
-1953983661
-1159791446
1189539898
1093523416
-2031402880
1153862665
-512348404
-2016104492
-1302345866
-2805249
-987812531
899117028
643399655
821778472
1650416733
2073357906
-1978192983
873278219
-136306437
648826373
1421348028
-415985193
679019238
-1737973924
-1753360500
1465806159
758297287
-272287172
616891762
-70757887
1171917390
1662330220
-674149504
1869820349
-2113901926
-433512673
-1088145027
1519560773
-231138083
-1787487534
1106265390
458743617
-1942382273
-374388648
-644168233
-537772683
1987893251
-1401948110
912499713
-359705291
1466437864
-688197340
980533628
-154745321
-1695445807
-1781527804
-51421785
1970669034
1051749799
1462379220
1607596526
198919399
-1857646466
493927443
-761429357
1677582630
-846991882
-367926449
-886390863
-1973019309
-1783292701
1853826559
-1217047938
1728908961
-159065296
-782126193
-1594506544
545846781
-856506112
449248187
525361378
-1475774329
-1637907947
877157919
1164574551
1039821629
919691637
-1622819057
-444610178
1499145721
-1365656758
1819547044
1592768982
440635805
-407975671
1249789718
1731425493
-504404596
-1566899241
-293084335
795315173
322652251
487967015
-1102670143
1960144046
-1794717752
-949017177
-1453300367
-2053734246
-542549014
741534300
67765075
-557105003
114813354
889548811
146922977
-1605811948
-449087375
-1157714725
1337567972
-1102087591
-707719390
-571572169
21598354
1023430900
-63574966
792680697
451230430
1062544012
797085078
-254109244
-1396936180
-1271440673
243939973
-1060872272
917898883
-1666755322
1870399069
760909613
118302182
1972997373
1262320994
645745440
-792302236
867624291
-173641403
-1146799534
1303596367
1857357181
440965339
1749958410
739217899
298324864
-1192954098
-1922857737
1546528136
-419475697
-1738785512
-104593068
-60334125
544362498
705076205
1271202118
567047784
607972712
624081144
-469122425
-397876566
597954767
-1303201270
1566511689
-166473513
-1164052030
2052693135
1874984532
-1310659498
261928338
2017086466
-1667718031
576789843
-1004417191
-744674398
1906674699
-308737139
-644973509
469239653
-307988974
1889303150
1528023023
-310403027
386516770
-107294117
-908425859
-852932807
21753828
-266704051
-1682765752
23477469
-776964172
520449184
-2095519409
1906951797
940346756
1795446314
559373487
1919299479
-863812865
1657767567
1700715372
-1791219065
-951462416
937579220
1805985136
-1864678417
622636005
-1852865743
-1317740590
-2134286897
-124394481
740313386
-660450468
-1238211150
4236140
2124677856
-739307705
658553377
-1722646745
1973968804
-390171576
-40766628
1906747710
1148631500
-1940296753
-1922890937
1999422309
183286218
1377816461
155836578
431455274
-1865181575
954877239
-251514499
339040857
838502074
13079178
-1741313814
1310743201
-1383188417
1802284430
998247411
-1818803337
1483759526
-2124477155
695865806
-1671572679
49264073
274005414
982881103
1043278999
393344596
2092957230
-1874281059
2006983982
1185330071
-583964265
-1314046936
-461022603
-940371044
-628494299
613649882
-307547940
1731447420
1877517629
-1789265524
-773054159
2096358894
-648632977
819582395
1351874630
-1995686368
-2072471371
-1447749765
-87757615
-1836539959
-346057476
1484348587
-578965614
401408895
-349756188
1269622121
-1909597765
1103521349
1856403140
-181587768
-1967628917
68687720
1968633840
1687040192
429514043
-756052086
1743970365
-710653595
1373834270
-1065999106
-479039035
1716686684
-82477565
410595671
1077342439
1515846026
2096335069
2077654075
-90269551
-1233290739
-180740955
-691798148
606932672
-1457900945
-1220168321
1556568168
1294474568
479344408
1444006939
-1650296224
239121104
-1831102971
-434870178
1019246247
-321097696
-1603496777
1215150656
1644588411
-1290517089
-757507731
368958711
2090466409
851502358
-1006210156
-1787746219
-680542755
-2127164486
-2129201282
494253166
294235640
64612456
729030994
1381167997
569804966
-1529470414
-306728125
-297368057
-685738770
2129937177
-1792965884
-1265128128
-83193460
-2003858660
-1647056261
-226164818
-2013120836
-878547087
2073694132
-1924774900
-868089512
-1667872238
-843696104
999724656
2085747493
-689963654
-647652642
-1176945745
-1798212503
1172082864
-1347787072
-1137850624
1913414336
638388100
1321463538
804156895
-1484302033
-1224672488
-1714932913
1079895603
818572665
-1925990751
1481717717
653757106
1885642417
488103023
2019811155
1495826820
-811167472
-2117478614
1558003040
1231860006
2049749768
-90072227
638489487
-81375343
-1052893288
-144671432
402615776
-985385062
-578367007
-1019208047
-1118793096
573419675
-1895236102
804501804
1311881364
-1984918445
478847743
-889370309
-1819854149
1712897802
1518447216
-1379115993
-964937677
-26814983
785524919
1681164176
1334892981
252506087
-807955702
-2128229230
1023126883
116399127
728432243
-1754174646
2049986041
-505003167
858111020
-2146833768
1624033603
851902366
-1891571920
953505829
-112035378
-1884814007
-1771587826
-1827339097
-148486174
-1857813662
-1747211265
1054228579
580879791
1830100373
329705531
638835699
-324281659
-1097177957
-1953871225
644378953
1963061961
-640552736
471473682
-139609869
1967383397
1701282662
290812801
-521834592
-1811055232
-2001612568
-1976469688
-141783070
1509555631
-1634280638
-330081989
1078060085
-747646998
-1391330032
701012324
-1632291521
1001937538
1335659412
-2026451434
375691353
2077557842
-345754916
-688310462
838967885
-522065356
-448237533
-1103908088
1152418401
-169216074
-850735497
692578193
-1427158636
-1692969202
-1884042852
1049802267
-921443801
862350410
1676180272
-567981227
-1758233762
1907412939
1913353743
-1534172948
1848536455
21560307
-1253739528
-620919707
466082363
79077917
255375728
961771309
610307299
1773066957
-1947446298
-1404044306
1818287997
191014184
-1700096489
-734091997
836085664
-286168666
1109423795
-594970386
1954574269
-395021307
-1161710272
-340689368
1474003111
888379520
743434559
1520076474
597065556
232945729
-1197416564
1394133802
-1005018395
-1597433581
1487071754
1837378424
-907950365
-793656229
258213246
2097031467
611573195
-1843306168
1942682043
1599401638
939689932
-587284919
-889202689
1497298879
2092880334
488668607
-982287459
525348753
-546217802
-1316972045
759951579
281188241
1836420328
-1768967094
1626727965
-1741042721
105656844
1762763703
-1644590270
-246810402
1931818773
-678431120
-650935475
1560286726
1026232959
-1610196252
7916616
-718112264
1179373271
-650632213
11977060
-1690428462
-1443933312
1918721087
688823141
877008324
-339544653
734600490
-2122443972
-128959261
1723766215
1729240193
1352469237
-739057092
906480818
-664689200
1645371603
452268332
681307599
-1675857194
350245048
-1098653969
1878122721
1868306227
-540342326
682925941
-1655629737
-1377373345
-920498604
-1036708996
-1448400943
1623188190
1616997353
1804067802
1956232930
-1538909775
-1717130802
977075738
-1459942377
1064363279
-1623844967
-1451579829
-725431240
-1506131116
1246852629
1294291475
-835286579
990283577
-1528206232
1967235338
254791907
1426487878
659188599
487392837
1466391311
-277564796
-1976966263
-469829840
-981960781
1986400117
345944106
-1616006240
1266431103
-1527737784
-2133205423
-1582367961
1410337339
82511176
-2010959675
-180468822
-7073342
1035675286
552535739
1391936817
1135150417
-724612585
-1625716540
512552702
-1732865535
1522247343
-2136129563
-1873667616
-1228489327
-1161641298
1868135175
-471168056
613114985
-1290554486
840902289
-1949294436
1160713179
-1988090673
704707155
-1748947893
-471677781
907500114
-638705243
-1612027359
2066627025
1244832172
-1544764977
552602971
706807677
1381164774
-1241775445
-1692481795
1054770778
-889823119
1585151369
1648809187
-992004330
-1484224936
341849682
-1722782186
-1310303710
-33699656
962429679
-1514528671
928169910
2093988207
1839891691
-1591282909
-1034021865
-1423598318
-1938613930
724263781
894315548
-1891592411
-1886559507
149261614
-2117069331
-1526602363
-2030349705
1541281302
-1309871602
819257128
122802545
-613110504
-2054891365
162376201
1469412077
1827943340
-2042868011
979950685
-977875274
328721429
126685404
384269578
-824776008
1821116663
745747390
117839705
-937535842
-2004215252
1010557872
-1069230615
-461906500
-833006889
1284194970
-1981687578
1831465775
-730196808
1409493720
-2054800517
-984073149
-1915507519
-548611522
-1816560507
-47653612
1386302698
-303838883
-27902328
-690001033
-447459519
2099262212
-2022272282
-654726118
-1880156604
1390678025
805127245
1786281449
1790778994
104172361
289723505
-1270769741
780277023
-1354878484
148119803
-1305674739
461572231
836133869
-293346368
974866294
1231684902
-1573336871
1283424821
-442483525
-2093632442
-1158558506
2017386530
2107585437
-613691431
-371496474
-750900842
1827491248
-1327595640
-801783443
1830012954
-1578658427
-2000555253
-1544467984
1037301545
1428777995
550555067
642225439
1790225375
930211890
1897084773
-1710493164
651936751
1217203408
432383584
-1964150819
-1569935398
-419432248
1545189089
1383597111
1770654813
-1031441048
1029481357
540727964
-1756176598
609912595
-1464585393
743837568
1294625499
1043391519
895234155
1997691862
538234403
-845711872
-480527149
-1589021480
1138876998
-1408808795
2018187193
-1735515128
2038631626
-842691550
-835213211
-479241359
1920989294
-1850635122
423453255
-1373517262
-230069925
337626158
-230042033
1922020668
1718132889
-716084270
2012120444
1619466330
-1686306108
1932143999
-2039658317
-273001615
903935486
1539038541
1870848465
902293513
1961503527
1163549842
-1776219645
1791101707
-968309173
1332218688
1401590100
787943116
-1085531556
120417163
-682007673
-1589122743
453700640
471129038
-1541437914
-1502979404
2044227692
1892518575
-1949211686
726169647
1598978450
-379123328
-482805507
-142106922
-1815574505
-72802072
529970541
1566380803
-743263575
-1526608958
1586374563
-914960436
97163599
714964036
-204880637
-1121760560
-392177694
2061242212
312632181
-297062349
-628839493
1570181750
-372492237
1081891558
-1795768147
-254525671
81031140
-1468691157
680745269
1942573396
-799558678
882290008
1747535344
-1195074565
-1819594505
-795768102
598630476
31457111
-919145754
-1779208324
-301630334
-1298520571
1155115464
-975175447
-1243806013
1808542750
463154236
-690342289
-1178746959
-2043669352
-1925952765
1275094789
-2065413104
-1005670165
-1404581422
-1913867377
-721974339
-1292771593
-518942358
2025541983
-480711714
-324910812
-2112983322
1254914303
1592469594
-242887478
630191187
-1661993683
-268488565
401017555
1381322373
-620442074
-555867342
1241663135
1031480360
-1544098521
291673515
1915873063
245486101
-1649765328
746756705
1332690532
21666022
-1123314166
248461955
1860246257
-782135349
543439499
-670738697
-2020161553
1777561759
1116674841
1125590158
-300374232
1433112886
617333612
-1428899974
610650486
396860920
-1154082153
-926068228
847784293
1492380082
1499256904
829057633
-631280617
-1495505237
-2123134386
182492206
1759267944
-370434826
-2057245093
1034025114
-840625071
1999778310
364028939
-675255748
1421723793
-1626942073
-1551140060
-127524860
1196747401
-1592285333
1613881887
-260754577
-1853885337
769878850
1798846695
1757347318
474018695
-666755890
798034912
274125255
-1226775275
-1542866474
343767850
1300957622
-2109687562
-497724102
291787302
-1790270346
-1669521688
-977156281
-1216048328
-965943549
1310687719
441749324
979270606
1135837794
-388442670
-1158235539
-2082847583
-1883776884
2020154190
850846646
-1813765574
477985959
320912874
1067622771
816400824
-2073724297
513224836
154727358
756678095
-554733293
17066986
41715800
1930487828
-1336038181
509686723
-389683268
1036010103
-1691587415
1951155632
-1176313999
-66480881
2090583622
-688859475
118603167
-1586688995
-1383145954
-1911749955
-1136905755
2072619594
1710908983
-1845685562
1690232681
838327091
-1773692833
-946160455
-1773654992
1792813607
1051729829
-1794260491
2015967662
-1339547346
1676322057
-476213267
790295200
-329542579
835122038
-513161465
875571738
-101130999
-757864720
-2081829945
-2034448421
-486356440
-1625777399
930203180
228220392
637749182
-695366503
1123922778
27788119
-2138700953
1838785197
141127032
-1695774613
-1142779696
-39693633
1783025115
-2137040927
-320482692
-1594010585
-1611575965
1271765385
-1448957243
59086545
-1601124571
966158871
1454258463
-688099024
-189578934
2119318586
-963893340
-277137038
910155830
1671870190
-1353462580
-808927755
1040410604
-372660978
-1411439237
1386828025
121171888
1296747052
-1822364864
1282890645
-1569215507
-270159708
1817135835
-1833063441
1150874201
1633273070
1650786048
1567355559
297262166
-430419404
995283802
-1311693933
-627168357
-193121244
1456985042
-1307660879
-1576512237
-733982202
1704373264
-1351434663
-1855662588
1914386192
-2107442367
-1705573454
-1739507852
1879006201
338272282
1912906342
2035901383
-1527843381
-280805091
838161049
-1750846804
1666407933
875599131
584374294
-1367191750
1690920896
-877383687
-1675277877
1401085013
-53660007
-2060068938
177986679
228182
-399218129
1888986540
1316168865
-2040030997
2130621286
1080391701
1196098507
-1820515270
1441932971
1221294032
670938343
-598535092
788127633
55096933
659860490
774397865
-141375075
450832454
2046770527
-144684482
486253149
-1462599849
-1848098979
1741892999
-1684371265
-82073168
900144188
-1298063639
1666952607
-2083587935
-1503918428
-1373759393
1257372065
940520438
713967015
1304790873
1092336704
-33022597
-1442919439
-1466079776
1922742311
-401659710
-1605333442
978272765
112206015
-139367645
1800097035
1086314331
132275464
1516374020
-1659583088
-648798421
1155244972
1659673945
-2129166868
1251801671
-91372463
-1828490130
-636641118
-1760503398
246985262
2138667747
739875652
-1911748418
2109121505
607406072
-1103268755
2010021606
1766448254
-891112949
773655795
-1179887107
1297445354
759740509
-1224294307
1474062351
875275370
834258204
-1660872558
-1683201304
464624502
40274845
-313292589
-694107654
-264135725
1320421096
-1830067221
-694925693
-1087239456
86334585
-1520598619
587310575
-898051281
-1933924539
-1604827267
710080122
-1907884457
-2109542662
-1906243431
-1515666919
972658695
-784347253
267579641
1413800858
-1804718498
-52587285
-423301139
-740060663
1382187898
-328544488
1600083399
2064596565
-260684721
736535130
-1602152238
1277306676
-1545152327
1827493836
-882903678
359843651
-1180786477
314503707
-1597121044
-1151958672
610939785
-1651258739
1895918712
1031286683
1042969195
170883653
-848933420
-256477317
636716740
1659016132
1354094123
1805126078
1266031595
1127215283
-655936106
-207474828
-804164904
1733466079
1938423762
-1480570451
1958865657
1227718532
-1491797197
-441374880
-351683514
-2063683635
-1914803495
1482249614
-80929133
1304660379
-1324201952
-114831962
216959524
-1546373755
-1102176420
-106125781
245054854
-1810333921
147948486
-900224621
1643271324
1402511487
1923960496
844035954
-1669481225
642826748
2051743232
-122940457
1519754091
1096167993
273270235
-344979210
-960760098
466197089
-800937568
-228229370
-2088256413
1208070835
-1210634217
1311895148
1781756038
453917505
1906624233
-2075832295
-1403706903
1147878643
1622223187
-915804113
-779456241
1857607378
1674042902
-458471702
1262272887
80485251
-1839390542
-1922237507
-833689620
-122567920
1025092050
-1611827525
-1111037413
-1534872338
913705737
1036624952
-140795034
-1954632133
-1157393985
30920368
-1627954441
1691715654
1483466085
-216943897
-1161963754
-1248599212
2098189551
1454912080
-315303489
-1682294367
734070659
152389554
1066725999
-690381148
-560364434
-1537859064
591372606
-1575637353
1554990679
-1607366232
-542718158
1826058806
126963126
1236071336
-1194213423
-1025230138
-2107709818
714401661
337772535
-566773160
337712440
1248041700
-1195225622
221305934
-2061934869
-660936700
1279846059
-1298849250
-1573363494
-381353516
1002841230
-1830385578
-299767019
966888122
318667532
264517599
726372980
-1690635916
-1608000552
248416133
1646128583
-252037061
1198512431
-1978986058
1339028050
1250789925
1209080180
609084041
-97049736
-254262582
-233574405
-788987390
-1589737035
1483295786
-2126565596
1806950036
-882793263
1197405902
1820034988
-2033165338
-2035823278
-923946964
-96663233
1177258457
-1368409807
741423951
665557072
-1665906742
-1893591087
-1941549129
-763597523
77748244
1188919596
-1490763139
1509683277
-502487080
-459475889
-443507270
-471300116
1161154303
1501446408
-621098455
1119103705
298978432
-1729939236
-2037371125
1573637262
-1963310370
-1082789058
-1186960310
2128672385
-1934378764
903213310
359895777
706945721
-64183564
-1524102401
-1497858182
538684323
457815981
1361713197
2016131928
-541563611
-484354549
1342602925
1643186039
-750898445
-2017132828
-483187627
1863841265
882782241
109192945
1500148317
1340487074
1782397946
-1697667815
-947625897
-1089965041
-35192817
766329077
669039196
752155011
-1985821806
193930640
494081671
1759077242
-894328860
776420462
1939090855
27205955
258140779
1056617679
902007599
858298080
300214185
-1336788172
-843069327
677579312
100998026
1190634786
1510655755
417840719
-1154168068
1851528485
1985126049
489218365
-1671724347
1844304663
26161612
97333181
-2058700912
395678882
1177525841
-775457921
-1488792760
-1077521918
-156107627
-1478148224
1814774696
568640271
397615696
1046646449
-1474011630
1837478010
-2027201407
63318230
-1137496928
-901495466
-496479071
-232459855
808745080
-1661670182
413373723
-416774561
-280648348
973195365
-1307025158
2048380161
-1113115998
839516609
1651692260
1273387677
-888802057
1202552235
-1130531002
-1908812985
-581607926
1677898387
479319504
1000515707
2016830702
-1832081505
488873507
389536205
1888216064
2086887413
721775561
-895771709
1956020210
-912181703
650204517
1231620353
1946119208
-229905324
743357227
1315520935
1373282370
-1063750793
-745404271
1139842294
-1977724167
819245151
-659923642
195744057
764857902
-1556955174
-1866706589
-584632862
-667226048
-1150976119
-819443488
870614002
-1355354467
-294232346
-1962014136
-2018658146
2068327835
255376520
1155959984
856686127
576602504
356471717
-1424477979
-2050244823
-165516033
-1787003431
-1980179996
-90093649
-179818371
-1493283547
-1561028466
-218392283
-2137080013
902021689
2126962332
771904535
2080664861
-1850170635
-887132976
-2050630568
198863442
-1665551059
-471109524
-758703250
1520983966
-1604623956
252609511
1313768749
629456973
390660987
-438401314
1830568609
1641014601
-1498192029
-714047160
540387121
-1591917209
-156680273
1693713902
1060262912
-100180227
-459501515
-1556232167
-928141930
325068471
-838576489
1098471564
-1196980289
1945702314
171569862
872758708
-1410782285
-1185218391
2124813255
1660672797
20061302
-1267217705
-280417095
-450962392
-415089279
1508111741
-202918378
1224873467
-267567198
-1128205539
2145566521
-1666313032
-1614972896
225252295
-1538681825
-1295923216
-1343584735
-2138060630
-1724286095
-929168806
-1228248496
-1653732115
1768739009
1386004671
-982911814
1423706047
-1859453164
-1392415688
-1184649992
1507736493
81731488
-1855026277
744134803
56481586
-340573994
-58681294
2146468771
-663160172
-1276470878
485812654
-968511559
942737133
1368730864
-1598100133
-1618342658
247876231
-1998872206
1541217428
1661362588
-1875796371
868897184
-1411225992
2139489116
-1658730178
-596715520
-381681443
1114638223
132889412
-1484022873
-1482238844
-1603728078
-298190908
240722174
-392759154
205849932
-331825257
-284876087
-643370705
1671601563
63033593
-132401307
1517528481
-503303825
-1226583904
-754514352
-1614462630
1840538836
1716432912
-376024594
-1719372672
1546833398
1928308013
1782929802
-1159805028
-1901637439
-1281587439
-1022797926
-827328882
-75951929
1566024735
720969798
959547072
-152035993
-1280154280
-998628309
2052131998
-750306262
2019971821
737434459
-1256139707
1629844848
-1298051564
-156541784
668852602
-82753717
-1325722594
1249584418
-935232803
-1020681558
433544905
-1508158499
8631389
-1601235271
106509778
-2106335753
-438850322
195677832
-381598258
1153072856
948007801
1813988586
-564506566
650143931
1261487892
1796526751
-1112274736
726399342
1112221299
1183480501
1360917532
-808290475
1468195485
-1452566230
-2024203443
530717364
1237330146
1974032342
-1064261296
-959650004
1748776971
344788359
-266943206
958994822
-1191299885
1940843373
-2124137147
1808018863
1240224150
-1528849224
-1221666594
-1183727357
1872444744
-619070337
-1269603972
-1779444531
1764822439
276448739
-192038251
-1297206002
-464512844
1066230388
-1345676788
887031677
844198239
-1490076973
1266923021
-497891633
-1604453504
-770265705
-2091877347
-1979568584
2037402382
-65400716
-1847417492
-95626960
1664664202
1033658266
793197677
706452346
1484825788
-1819050150
1438246824
-1350445727
-1002435167
1048474639
618761678
-1771485116
-1419376989
111981627
-114645235
1216884565
1469131274
379975920
-2090545243
-1516658531
904563122
1335111792
-787583045
332167747
842779902
629634839
1360170093
618487820
-1972061684
1015429753
-798353882
546606373
694394409
-1713771833
-1621931982
296255008
-72922745
1495981686
-806949484
-762136772
1327010349
1761889313
586981143
-1930155287
1045729838
-125600082
1842106018
1811612810
-17820387
1988339632
1254929360
823384956
-462427969
1808397324
-667718208
1984729686
1135150338
466339550
1198845481
-1016109454
-2065252562
-589087075
-1871740496
104919980
2120514650
258238588
-909244035
1404317801
931895072
-1253587437
1541683723
865314266
-12751724
4524350
1963946815
-1169201022
