1050982016
-687060444
77656080
731596803
-1066615876
1289840568
966656823
856253788
1077534268
-1409098036
1668743295
-1393224985
-1384885852
805569274
915993415
-669704790
882830418
-1390236393
821098042
622673424
-1236021292
472067220
27382501
14811628
1350476954
2075093799
196839049
-1455238466
106061036
1913792169
-1893351374
-659055564
149140253
1951491393
1550560264
-1238116622
-1154427135
-499546174
1680383972
-102171755
-1947074917
-1541628335
112885029
663658997
1561710107
1830806347
-304620604
745984170
-678966522
-30703515
-319466842
1863925969
-1727115594
808387091
-129601231
1193843216
888187909
1521425710
-1713619423
82897622
233667653
-206066992
1647071132
-990977817
-602650766
1117191810
-228011901
-1383889385
1788148650
1299577497
1287849738
1218479445
-1546983459
221415132
-969461622
512048107
871378368
-1860678294
270124693
-1184556285
-264118522
1601036762
1921745227
-1068229268
1210857938
-1232423260
763013867
-631351906
-2087077786
-1366522690
-1859282772
-981739525
-1678317536
-737605238
1388010701
1080198487
1881684903
42155758
-644545045
-1773438534
-1110553503
-935759420
1116929938
1356473188
789069608
-699147659
-266377195
-1699789296
1655390268
919706592
525299617
-2062389635
-924759430
-1626583937
-599059312
-1061119447
-1634685490
143158732
646172922
-2053695649
303106277
877360609
1143999890
-1161961100
1925818919
894848862
1703570862
-781910708
916491236
258831246
1488013479
-748905949
182476748
-1102708020
1341383778
-1928856951
900685220
415334179
-1826601681
1671915950
1486342455
1649937716
1782425297
-973750049
2000577418
-2073338020
38597341
1775911248
-1099809966
-935678187
1818871879
-289946085
1518637226
315779228
-365172679
2096009864
529448960
-1931973420
1498553382
-1732886385
1983342672
-490730134
-419632865
1556714394
-85507947
-453040327
147891301
2025206670
1198608507
-443547922
-1738818242
-1421962228
792297560
1185006575
-1944629236
-1822651405
924824669
-267133576
426071706
-296263383
-1541085432
-596220409
-1529804359
122178715
824375004
1426880762
737888267
-661341567
1548163924
1559443061
1088820766
1251330790
-2088094444
-262495863
233802684
-132589977
1667329378
1005304978
-1912749440
-639829190
1603590355
-1941338144
1650629036
1508767346
-1563356855
340838040
-1055431878
1190972800
560200476
-1802195492
2002636336
1658522620
-438031978
-1781210583
534028856
1313184165
1988466341
487286529
1961107567
460876966
1054187979
947348681
844045693
416586779
-1765569960
1542711539
-1343018779
1903597266
-1938171685
1983382623
1167283613
456294997
98593750
-628102146
1898870752
2085160488
400956336
1366622136
-1877283773
260507470
-1070847505
-932914289
-64013306
-1482221550
547155878
2092291844
1524642476
1660133379
1192918827
271161017
-1984808754
-1030422465
-1257689843
-1897622441
-1964701653
233256948
-1102760892
125550769
874384642
1441189156
1683089834
1295492137
-934868829
930938279
746861226
-725704366
-1961113277
1366260854
768684854
978206167
1228606224
876101413
354046
-255486566
-1606691195
323887025
-1850238498
1212242976
-125177858
1756321403
663647127
2083262507
-471782258
151720084
-844723519
-1045740120
1214824464
1492624955
1850880768
2055023051
384620668
-1367919197
525040245
1005036920
-2084169093
-1243306504
1258556024
1737277924
-354168004
2055165604
1581637507
-1425132676
-647564408
-1989411123
-32306064
94646021
-1484183533
1583710498
1575091431
2120871172
-1385389291
-1144997929
-1372132591
-1251704993
1378249497
-669877011
1316125841
40820035
-149011691
183988918
767081139
578832712
1610383289
1014059160
-984426010
594572755
-1844486645
927315985
908166247
-1834021956
-225005773
-888744454
702323775
312112944
1929244051
-1775348721
859351151
-1367597353
-101052646
1345805998
81355112
1022257464
-1576949542
1999422174
695996608
768816220
1575696343
-1746114413
389789731
2051515313
-1259953375
-994988753
-545508473
1819043889
2093239076
-1232313780
740870819
1487398595
1171077693
344093880
885384609
-1938169631
-476755311
980844480
1369233681
-296844422
-1956031206
-355610447
2084830497
2017001496
545832450
-1401643365
-2110487541
-1420028859
-914689485
1267169880
-1019034674
-985062613
-171529682
1641364172
-773527776
973391226
-916847076
-706942611
696203682
921301902
5232418
-2027982075
-559119531
-1701630512
-340809223
-1915412298
-773052596
1585661787
462120637
1989352766
-1652098653
1321055971
-1380541948
678267516
2132213935
-1541893678
1736489778
-504960205
-1691511434
-1777297997
-1382218742
650503436
-1588160671
-762715181
-587747960
318152417
1869522735
1936610085
1390519791
1294810936
2016255277
499416166
-939977699
-1957474547
1898294947
1911088256
1086733349
186778836
-343214447
2068113715
1449761055
-1763198019
-1340189285
-445295630
-1573830599
966204217
-321790655
260880138
-1514610414
-98389316
-647218606
-1304692471
798553927
756026820
-2100047198
1701687901
1608450381
-1067875302
-234780166
2072461627
-1999515520
2036746840
522609231
508344257
86132348
1398048426
-1030853833
2039679070
500831147
-313954856
2122232984
-859958159
1969179423
1899474051
1727215778
465469744
1794957218
1003266222
553447678
-1256360245
684547594
1245259648
-1295021241
182627792
-1108969264
-2104294585
1519481017
1107521232
-847693597
198712768
66589991
365914179
310634426
1533880981
384155954
347766440
-1410333016
1669688870
-1428337737
271645424
-674764941
1887022220
-1351387511
-1139426532
1255455270
250643674
1210901087
-1302312668
-1783684058
-1709523803
-1649226224
1179319323
1180284034
1684684742
1580733693
383747983
2132658575
1716705373
1720393933
347249973
903396276
-636493031
-605502881
-2004515643
-210738814
-1990556745
-680581636
-1836134877
-956088057
-156230200
-1773185332
-224820801
-723910045
528553398
-1865480821
-1304661187
-345704549
-1013178872
2098431612
1784781399
1642712493
-659909404
-456508771
1584371202
305314531
-891898411
-716056549
-135938609
-237912468
503096270
1145783816
1599956372
-308296408
-380399761
-307232950
-102156469
-1941387326
42761606
-805883690
-1913272519
808662531
-1053265448
-1917712610
1063044690
-685620379
1478492704
630906568
-1852934437
64481511
1683133783
-644199265
919291729
1022668831
-1856777419
771764430
-828262519
-1180656747
-483260425
-2090972853
1652747288
-2123775923
850952291
-2108360816
-1618832396
1450861733
-912449016
-394646128
-1770191781
823244897
1958265802
-74598936
1781051123
776436228
894306973
732777301
1665553970
2077498721
1616563856
560870246
-1468685313
-1273215120
539773965
1894338674
2003437209
307737445
556705119
2049040075
-2104100937
60347646
-1418430349
553537843
-1356787215
-1879323620
2130414818
781058190
761239646
1821932949
-1249911250
-2117229863
4740221
-734206648
1912505931
315080026
-657461672
2008151409
-937538463
-15890919
1860117222
1872664381
-1932796976
-447223666
-1660191567
1866571936
2041833332
921149851
-1131384136
-244001946
-2027569879
-2093570373
2122387862
1979201928
-1349710447
1023167612
-1811377438
1965454016
-1923486700
-509026262
1410500313
-1725446305
-870692056
-1919637300
-2028374982
1187189854
402159826
-630619308
342168177
440984754
-1207541909
-636645871
1424982519
-670675997
-134902105
969447272
-776263944
1618105823
-514305837
784679874
-1814492619
-2011029493
-209170339
162143944
1979311147
-1615007846
-1072459367
-233436211
140654197
-236267230
-933706558
-946943604
582752110
1238224236
738735166
-483951342
-1446538214
-1925308533
-1479617755
252737533
-208352187
-939468753
-742051837
-1902072346
-1845416724
1908369978
1251233757
1165790491
-1025282852
-722625389
1893643634
-1501221231
-571986023
-230441670
-2003035966
-25816808
2077979264
138441117
-369454381
1237767120
-801560529
-1719224279
-79674958
617194459
1990305316
-853414109
1867819191
-1890168493
1618266276
-905775945
-1891020531
1843216254
1436610781
145142865
-1028821390
-1749244864
-1126088370
-469256917
351308858
1097190097
-579290010
721518118
1205110424
-7909969
757999979
1583735518
-869313504
172784596
1260839837
1131515384
792814471
-871277269
830273435
-1353818947
-1544711763
-655488448
-1102105852
-198746132
141294557
-747418825
-1345320352
1010537931
1658925651
1511895551
1740798273
-795233921
1305972478
799253447
-2145238875
-922713187
959493254
1771439536
1319577502
-972761088
151091599
-2079162173
-1381424588
123133148
1244316735
-238972636
-1461353846
-1425119469
-2136598018
-1136012152
1375967294
-108615737
-1784354948
1577405412
-172400106
-121166033
902391
1901888614
89601496
-738125650
1221802685
-1611211864
1133216376
-58368991
710134256
1395544867
2090733688
-351747976
-424985207
-1423399199
1282696331
-2024711289
-119961698
-908158090
363276412
46205726
-400314649
1450555184
1594539598
1021211478
2019004542
-2099258739
-1098161757
155127341
1826847206
-990417939
1532984161
692723797
-1807818931
-997848440
-593949806
-613046456
1429320213
-737215327
1716080011
840668319
-1000596592
840289531
-1795687856
924248740
-1506238453
-1892889716
1466027318
1279102501
1022291469
564028784
529018570
1690624395
1777196512
1430226976
1347824113
502037802
1437033808
-1003977757
-1698885808
1999345881
1412531122
787816835
1584229101
-657261883
943417896
671342404
762785814
886996866
1458988066
-801666799
-2124005503
-1513189534
-1954135001
-1942118408
572435380
-468511478
-142255916
-493927208
-183607385
-250164927
-1134285275
-1819698599
209718183
949151755
-1490182413
-2125082085
624262268
1119920886
-1178862915
-1540859599
-97664819
-1786846029
-1712045142
1138874320
1172160707
349714919
1969801422
697563203
594029549
-1380060349
-1777033044
-854120158
600564067
1166726354
1073072123
2080231106
-1865533907
1328604817
-10229588
-1694197777
1675148773
1494956612
559811884
-387520040
-1336378982
-838485369
-236338202
-1132882102
296128759
-1130735838
-1522370805
-1218619615
-496961116
381952674
-1757414251
633187834
278638827
-1617021660
759669384
162021165
-1648792674
-420648845
42679162
-1730955014
-1136336840
-932101803
-1064439978
762105857
-401469630
222927393
-954280868
2029190647
-947835400
-76291435
2071303275
1117124502
-2043472084
-600045338
773694082
1814040021
874079849
732586007
924894340
545844825
1976213850
699996046
1739191611
1628403498
245699436
-1347348509
-1134173538
141595050
-120504398
1370970363
1417055318
1790724290
1960774921
596706645
-635189634
44666461
-1194913668
-1321861469
-1932876630
-430152679
1321966057
1965987740
53088554
-1130800324
1313564388
-114125040
441128080
-1952669724
223485915
-699606980
-1406693010
1534722946
-942603399
-1977082785
-233146269
1515109000
-1288936369
-195108468
2119219289
-1785503
-1603216207
-1041149246
-1658687737
-739042143
1733123294
-475945671
-1750065731
-1524275075
-165841053
-953649410
-1533548960
-1832359043
-769552448
-1606942014
2119374002
-1633640337
-1262956725
-430031635
1225553878
457894815
-1857354668
-448582151
532959251
886501188
-640757879
113384958
-1029778217
-1202867396
532333468
1597072776
847681279
-892431364
-352953566
353761200
-920894635
1293397185
-1437996866
-339936918
-1820227239
-2081541877
924509566
-2063140326
1797597764
1278110027
1798586756
-1353342611
-980257719
-1718466854
-2127521048
843441766
1269214749
1824047917
1360428765
1156457399
-1917634886
1860664903
1091901714
-67592878
893082974
1268994158
-397281958
845695806
-1033292327
-120339679
-1113671794
1851719086
-1824199416
-521099960
-1208488527
421080654
-915512932
1056452269
-518234027
-1346039072
-925825760
-1797298518
-2053208770
-820001529
-356103879
-1844067804
-808978364
-1357081757
-1919214290
-875549513
1036066429
-1417162787
-1800323158
-1822494414
-168994917
1138208579
1908238529
-216713915
-1869717103
-730657258
-399536080
1333787769
2043138684
-2015416670
1759695848
1947592287
-1387934527
1271055439
1778827981
2137529356
-1151839886
901636151
-972288070
1987059908
-393816843
-872705288
-2139426616
2015197684
-759825945
1046173642
1631170256
83976805
-2076993987
1146985683
2049845549
1915092143
-879008084
450886841
-1198698042
-50218773
1103696970
-395641479
920118603
-1739660885
-1288540043
-1734580105
-1095507011
697992238
-498136333
1414959061
784764212
-1126357040
1801487962
-32631545
-1330977060
295897279
960581298
1024787623
-2107831232
-1418671629
-1659529640
1901812613
-1120743222
1215091295
34913573
-2146809598
-285313654
-853227164
291472846
2044773021
-2139064522
-2050365818
976862605
730676430
52017265
1001785441
793000449
1336515858
1459588176
1689700061
1539199314
1186707783
-1354275559
1874523296
1520709784
1827534905
1379412813
1800553412
1995551869
-1269241988
1588297960
1832255945
1990699040
2129648251
724137190
-368238899
-743731652
-1984960815
353200905
-1324551174
-596092791
1691472343
-441762855
1396407615
1964552545
-1749761155
-1386753812
690944577
-1387676761
1681969757
-123158169
-411948396
-1792054044
-1310868211
930263748
812882213
-2064521806
487285940
-1220116011
-161895685
-282235811
1936645343
-1599506425
-562272994
949284294
234890389
1732579563
2128682454
2059479178
-516825944
1175393266
-81556200
2066015844
-1364357299
-382531976
-1392840643
197191631
1255431407
-862832125
-1941883659
-138910225
987570751
390068939
-1907531910
613502641
1013345167
-1632394627
1137811464
-1342595280
1306773856
130192187
1518390155
731742298
632511033
-1139777817
197536666
858786259
1428266425
818126497
-686433884
511889177
-1704008465
456277645
-1945429656
-1868129560
-1303710743
35668441
-1309841750
-808321825
-1284462454
-1168620802
-829674973
-1099920030
525646496
-334154683
686574008
-1232598078
645392694
-1607916404
339871727
-1949386085
-2028066523
-263910327
-127605090
1486921341
523348209
2038556367
-2053996316
481788622
254918097
-880043056
1429246045
1684269294
-1048900081
902987042
-1483894384
1514358172
-2143843182
2133875909
-1432175700
-1638780777
-2112218695
-4554971
1724989300
-1174443384
-1812800151
-2142638693
-272629386
-472982241
812035689
869788985
404636546
1013578107
-253420820
476356038
-1436356262
-1527965490
-1600264593
-2080766713
99058854
-1994931392
-990900027
-1296168384
574141482
1644167444
1675213423
1227499002
23487034
-1656284663
26311217
967297541
-658538900
-338663678
-538511391
591185344
-184693105
-1746855448
898752641
669198999
380687068
1603936207
1718847376
1759278284
-1527367317
-869564073
-515847780
1107819642
1115788520
439543124
-1605434340
-1757351209
-1562621306
1789729201
-342346116
-62361671
-1092490446
670877329
-1095262088
-452701349
-150180852
-1106858058
-1881050708
421789792
1130820114
159787046
1777163884
1472737815
724903198
801283083
-1263194671
-304385281
-53985774
-17214246
1367708947
1084028814
802833489
123526072
510719006
1035460910
1163603568
1857920536
-1741109410
-815977081
237165101
470137000
1484514014
-310979069
1907756959
1709968493
304401040
-2123439218
1987838895
2145452588
-2114667538
-395478371
10816966
-1552310260
1908227265
-1935858830
64652487
-2117872264
1671643967
1899287197
2027616063
423174474
216288091
184251845
2057646811
1085470245
1447488857
-1074722648
1644678938
1343652129
-656029280
-1727695265
1636970306
1923331758
-1986208301
1082510054
306130839
-1490171471
-1722902751
1265400028
302051786
-297701133
766981596
-79054970
2077785264
-140534085
47863368
1581595929
-996465869
-38170952
-645942603
-1291134664
-1020074355
-1052422619
-1057918256
-1014516805
776357810
2127569447
1249877045
192295857
654785549
-1499041672
-512657337
-1022176600
-122668689
1522470474
1128727364
-1691066325
-1322152636
-1462625947
666482835
849770891
-1056935161
-291389550
-552775584
625818082
958176759
1174247484
758530666
1753572948
1316497930
-1821412269
711270939
1436850840
2084120610
1477101683
48441304
-273598026
1644902782
-1832512187
840792986
1151477521
1948970610
1381495333
1015157949
821201832
-683942822
2080873989
44712727
-1235866728
-1651138868
1216035472
-344181428
-1205923867
-842844148
-74705519
1135480929
-2119333767
-1783397180
-104094570
346713230
2035272299
986756852
199890640
880757591
-863588731
1344277543
-136732355
-1719805219
2113491968
-1880476954
-1751652088
-809330063
-776361071
696259441
-533123025
1648538729
-1374146904
481750956
1734813798
-982212297
-1234876682
1190268503
-1941991365
-730372170
-35444176
1883202946
-2002977158
-872608057
-1944900077
91224127
194412498
1165104156
615897255
1164696472
732490424
-2111505325
-41602874
-1215490365
952569226
651055174
639963871
1976291988
1522277112
-1123378271
1279102455
-1824945102
-1189218145
526205108
1651477744
82853645
-842837002
-1502857847
890523662
2088090127
1133224301
546438713
-1749255498
-1780313071
-1887082030
-2132510597
174831992
1293906832
476154359
-844870531
970605646
-2088591968
501762194
1089607414
-757743323
1430454304
-837851549
920887420
-898676067
1674914606
765365404
1793373714
-2093179123
312077789
1229045116
16021253
1741601737
-175273435
1069525820
-821482505
2078304422
-1994279910
-1056696017
-1930298565
-1662814274
1448857697
-972248284
-827388316
1203486064
972301791
-909588722
-1683096296
-1729952598
-406194510
-1461490458
-840855255
1042383721
1892398180
2088249552
864630757
1505399681
2008138589
-1608350852
1458418861
245740441
-2082635366
-1595304753
1167976644
6820985
412451996
-159408959
1041220712
1872967304
-1393343838
761775752
-1405700826
2058443663
-1788503271
-49120778
-991812246
535875779
1441722963
-1155342561
-1580474027
-370453247
-1820535689
-1424590786
1449620691
748101467
237130680
-374213160
-1124018453
-1295824430
1155372489
-1541101279
-171313575
-208034715
-517716848
235288735
-748946599
-298044342
66704921
627604237
-483765563
-1390091397
1930289101
-210658175
-508373406
139601011
1368385763
680587728
1259841142
1555271225
424243221
-408740303
1048873117
-1258965859
1952848023
1635807008
243982300
-335757119
576533060
-994405756
-407072266
139562458
1777275162
-1711469805
-763400706
-641905096
-1571035160
785778421
-1298667475
1804336259
-299820475
1424194727
-1887224075
1454251334
1692744132
-994397662
-2119803563
1534497969
537535077
-1868656069
-891810194
-482765670
417327693
-1787071412
1780635223
1524491973
-1343579975
-152749548
2080375852
-2134763676
1700255792
-952178725
-552021651
1181434848
-1830742024
-973006118
1657774724
1368101337
1512689866
-41483816
-1910784857
1145737835
-277815096
1176484888
996082912
312087987
-1704512850
-1214496142
-1770480535
-570019183
1433216072
-1418707265
-831230403
857179822
-1315217373
-1845594758
690848235
1867182784
1527979655
-602954333
1447176108
1829918476
1079837092
268239590
1830179256
-125430740
1750925578
-1358582276
277982932
-1415097326
265623646
1423494993
-1207150033
-1869652148
-791171766
-539740185
548811886
-1159167351
-1490689867
-32396167
-890095099
617695323
1535459124
542850787
350251720
-1240265922
-1327790913
583096769
-1008331071
-207543336
-6920281
1762878037
2074977347
1759917954
1506844359
1445336237
-418110657
817457926
-335243527
-438239740
-133414443
-517112406
-701461557
1841215848
870544942
-1878519699
-413730957
-1543384419
718238088
1037016464
1686212095
-1248169151
-109629294
121824343
-1273219120
1943486000
-1702085383
1626656016
2044772168
800980265
1119745090
-218887852
1843602882
1200555185
2073683930
-1961495412
1037685698
1975546423
-7755157
-269453130
-1044637587
-1242781576
-615539088
218561385
528788539
-704532956
1164548619
644519702
2089626346
783635137
987329557
793650320
416463029
1344028112
-532623753
2014501069
683886278
-595571667
389984695
626686702
674638568
645193659
-1345139243
-17271172
1546256000
636355903
896758872
1667976692
-1542653763
-720792436
-54485085
-1893977723
-436979698
1049079520
-896558196
-163922409
1316597460
1608662926
78652206
2028415119
1145022296
1036608220
-1048246274
-1950525103
2073301759
365221678
2056762908
-1627931643
-1482876740
-1055335325
1894722027
-1266104418
790337221
370091390
-1654117661
234259096
1382517641
866828425
215343013
-2051831936
-770336288
584587445
-728821937
-1452978759
1358175364
1972926150
25011217
725596796
67206335
-1967479891
1997226752
748305952
1592049766
-1045917322
765398313
727908763
378307333
1072442980
2131615209
-1286019000
1294454363
1602995801
-1549821316
322791914
-168851960
-2071947653
1902208722
968591600
1668176516
-426739947
849728425
97609978
-1688176813
-302137414
-1391371817
123619739
119758966
-1827747409
2040706791
776923488
-1438534876
-459230070
-1391722776
-973171439
1764605369
1997492502
-1347782784
1728276278
-2080824594
754341497
-2101833657
402684892
453442635
485377432
-1640592302
2122390680
-241618983
2091491002
-172248819
-544462644
854650138
-1996665493
-2094330291
1691303464
2110096701
-1784058206
1113863076
188048756
374608525
1701172518
-1313249545
850741131
-1132616917
-452464596
1702506574
-1453379926
412146428
-1982990267
-763736341
1836275690
163004644
758482550
1097493405
936204554
-607278285
-25036376
-1806099371
561618546
-1158512801
1434013250
-1375204103
-1592375948
-930367244
287591444
2032820600
1861277396
1529998279
315174518
-1319197410
501654922
832881
254159536
705157928
-349841978
1275089403
-1067222884
-1253145446
1011437619
-455915562
-1064648310
1758179152
-903207553
292445965
1758206307
-1964154285
-1553652197
-1278715971
-877206000
1162148718
473674303
-1573776444
-1307616996
1910854144
-966588880
-1345378377
-1051762793
-1241533678
-1966766395
1347553050
443296830
659294891
-1653747162
282214346
-1385709608
364498531
-385115945
1107720381
-1261956126
883719477
-1476492556
1049831406
-1316762770
1340065945
-1663851074
-38128750
1586400839
1430043346
-270119595
-557387121
1496150617
-1213567356
1537023687
1062551598
987633487
-864408695
-2134321591
-448162034
287398013
-1632109308
-113629757
674981723
421837056
-156887883
-872908911
611458112
1733553700
-1053126770
215718279
-559381350
1334717445
819752839
-1125739466
-758017299
-2142168968
-2028609874
31601261
-598431589
2078640171
1941901185
-694551294
451338322
2092460554
-360296833
-1039749422
2139753414
-1882422044
-1594943236
-1898093307
277960864
1607985998
-1909764812
-2035609706
-317271883
-2023077433
-1865496669
1075308050
1464609146
1722250012
764346771
-2023299937
-188442953
737398542
1665500406
1996592447
1534891131
-1532588239
478497141
740338006
1967119439
1303367190
1937788616
363210601
1079835054
710868140
-84146104
558248232
-1348914764
-212319773
-1813484094
-1050171987
-1957776876
-275926895
471254413
754328582
365574991
385578905
-456492066
1442001392
614251042
959737929
1622121306
-332625179
1659405375
-1430343932
-1385710868
-1554392231
2096704576
974518816
1855419608
-1354470337
921706712
-903591151
476822288
-1849720111
-2042655925
979287494
1060084934
-2057275247
55583007
783782483
-1174384318
-514732150
-1253712621
-1451481905
-113861644
646760155
-794635440
960495487
-1560683060
561591157
1908839646
459565875
-354261047
-726949597
1228658265
584983024
1507189456
645267402
816664035
1490094030
1117905086
2071945458
2138438748
867438115
394652352
953911684
-196061744
1479386337
-702570271
1348688853
434830641
788225596
188792548
1989893602
358680389
725461135
-530572717
-226107427
-352388895
2125120128
-439095849
1636992744
110949463
-1413853855
555025866
-1800060897
2087307820
185410009
1647288842
1674239964
1015669006
-143963453
813703440
168948021
-1029166844
351029845
975620160
635599305
-2117693977
-1703146107
746536322
-1489521220
-8479472
-617533017
463308304
-263516161
-944090542
-1659928486
479960721
-911222060
-705150934
1327220133
-1080033177
-195851119
-223508683
-2024512420
-1942575036
2143192227
-1249160991
-1670099768
974877187
1177394389
932495719
-711181946
-483533387
987564754
223188216
-715630929
-164392455
-2057218584
1629019190
1144436537
-158322800
-1351391986
727878629
-1551549284
-1737602513
-1386157784
-1197091870
-787229512
608082583
77768584
1208840531
2067935733
758103523
1278109880
1602908191
1332634027
227677728
1060278134
-15659104
1850467524
-1623154654
1766169599
-1686978921
-268357984
-1369386347
1660166032
1699177056
1734585912
1868094034
-1153702871
-121152154
780715397
519882739
506154131
-73725736
1231311650
183009960
1724395684
750491036
731099696
-922381236
-221136446
-70481789
654201977
-308731213
1713701797
1343505855
-1746707753
942123589
-1178303136
-559063151
-1971466282
-297710129
-469858655
1660001350
-52467560
-115159144
204416311
-2034571421
-1891897351
-1253800013
1230941908
153461279
1541259250
716303251
-1748675820
759367441
1620962626
1603893988
2051633597
367105321
-733935286
2100176280
-1566701240
192722404
-1933337032
-1091535041
-1057289824
-859565381
1051707752
1594315675
197234473
-1136767524
2068289542
2092200051
872040963
-1248718309
1910901239
-43272025
-440625777
2117840427
1119018745
-1562389372
-143588303
2133110536
870552072
-1850141863
1623876439
-772395593
159786755
-1293921718
-1770226758
-1252670415
-1334268273
764476515
443027939
1774738844
435856443
-2147321872
-714609935
-51030596
-1401713947
-659909365
274913688
95919016
-774083749
2015351157
-905767059
538037184
-1829758652
1555793321
1706258016
-1611303714
-1574935999
-494317778
-1148782968
1948056779
-393442482
-1928180692
-541561818
1111152627
1679278190
-496501694
1203397091
179832924
-1501275513
817617558
-2103323812
-144238636
1684217738
-1223817939
-1891050528
-1389362838
2113134806
-145848965
-65038985
-1878213090
-1509483554
-906883523
-1216519130
-638228261
164004104
162808455
-1683672718
1540763045
172262616
-1756440040
-472687583
-627542002
-2079236275
-644991243
1876189255
-1930685202
1008082315
1671512116
-435192960
-1877722286
-1445156423
-888433128
-1059008135
-1245204300
2020994348
-42044578
1204999349
-1032684436
379416772
911069142
-2013333618
-1256530330
-1899225194
-2139318220
-52827784
-1743618795
-2032005173
112463655
-1271929715
1857552039
-1087801913
724020139
22662981
1478263162
536028557
-274200421
83637892
-475813938
1848591969
-549668471
1680696281
-1024709958
275455150
-943318831
66065412
-1766184860
13045290
-794467605
-1060859463
444309868
-1677310921
477803265
770324643
-1366107736
-1811181428
1022211265
-116939605
1813614614
-349341676
2037325683
-1383067271
-259309042
-1341814763
-1037152691
329297466
-873206345
-990029419
811567622
544795043
-2078013509
-2044860680
296015784
2136799798
-96364482
-1328801811
-1489739606
-1058920764
1763291915
-966285429
1198835773
-1600613582
1494531856
-630208330
1400439270
-167864961
-1377615604
-1725748025
642415948
2045105925
824188294
2059882604
-1819690157
-1120745986
-1082096128
-736283957
-757424024
1969429321
49874284
1950866157
-2028791778
-1764722578
-1631428641
365645658
1886903802
-797941281
161495428
1234232319
-507740278
-1591535232
1651947730
172491352
758705084
-273212055
576428033
-1840721974
1947738988
1423920874
824334777
-1064282544
-513220802
-306838065
86676748
-1731980454
-802013523
-431516700
-936211290
-1599794959
1664865380
172162235
408913219
-650580706
5874636
-1499994708
-1177514144
1165063052
352445413
1035272733
824686645
-1316901524
-1074029735
-511016958
-977218079
932809624
22178254
380123303
1108108007
-1364226309
128782971
-1693996628
351804633
1217532719
233413630
898497105
1337350738
-1947197593
112925035
1095930100
-1429189592
396616078
1798467751
763034838
58629602
612841392
-706956809
-532334555
302459239
482143129
1807144147
1306887734
-627723784
1356825787
1205857792
-1569885679
653318752
1865471060
1542468317
-582635214
1070320234
-453795888
1047289340
1964830350
-477612142
1623919979
-936228620
-1731608109
-716978946
-862865638
-768290956
1958631156
1028058798
-271284309
-609595493
-510621212
-761596942
-1875130838
1865571207
1593932449
2012181788
82768774
682389548
-602153613
-1555056521
1671847541
-1094531738
-1464824971
-877475209
1810338196
935955280
-353560748
-529470159
1024982993
-624678698
-46110122
-530838771
2028180236
-1335406712
1501408670
1474306233
1529544956
-838338383
-563215443
1785451104
1434978895
-892035160
-1056582100
313565211
213125141
-675852955
-763708440
709717415
67070814
18106710
-1396491491
862802264
-2066803935
1082295155
265939958
-1458577842
1073650783
-1596454000
1202831188
340745701
55906439
-776590863
-580817458
1363979377
-2010409444
-161092317
1776833272
1152363819
-1606678636
663699721
-296797976
-299464347
-997747581
1164043060
806082549
-465752315
-1767649032
694732920
-642380094
764002864
817813287
-1447704645
1669994106
1640101445
43081543
-342057456
1831024476
2115535372
1803547069
1209114627
1586413946
-763288786
-1566926982
540126262
42945980
-2073238296
-834884448
-356633812
-1025209557
-294150661
1426372971
78735460
837557356
1855642087
2062972238
1153167529
1328826761
1024041303
-1239984036
1824432552
786532855
-1608788514
-537370903
-1704450365
1515465428
619123940
2074469233
575119140
-477391505
-1953606182
-878660936
2082638099
10025485
1630582708
-401490383
1433243276
1632330474
317927832
-1935929181
-1800599796
-614763651
-718791981
-179902199
1065042603
-1862445056
1918025228
87302073
1245704815
790866223
-688624709
-1502266935
1837449694
606488655
-1946959909
177458862
378303956
-651397263
-783937827
1166550053
1619862679
-1461079561
1754148320
-484236203
120019752
-382662313
-1964832225
798954037
1380074459
1255868959
-517749846
962371627
-854187479
-1061786312
2053521241
973622517
-155600955
989600110
-1285004292
1656629964
527984364
-985450193
1270576855
-1484753722
79144449
-243636078
-1260106931
1823970939
-91776936
792149915
606222810
465078763
660856913
2080226493
1949962822
-71782497
1902575273
1127568287
1086422295
-110852851
-1115434228
-744905694
1530560582
-1430201024
1585320429
1347493283
1125522230
492076984
1939063706
-978054531
1336946145
1142051214
995565706
561184721
-574218412
-145068837
1465474809
1400049032
-468912291
-571815334
-834910794
748948121
-1683824767
-1744936628
2093586491
-1954322041
1684225843
-1604066917
688697342
-1355546323
702801731
1749249090
-1386490106
-901081667
1867841684
-1143149077
-1442564160
300641798
-437997038
-419495975
-467372526
-53118732
1440920034
-510627064
1282360752
1690027869
1844393434
-175838830
-1974431314
-82420230
809760562
1647780435
-1669002921
2107614130
-1679999620
-206972208
-2132990404
1313075230
1899242705
-254121132
249692047
1251802697
-1617259700
694059355
94600881
-1066711113
-1000566340
-365388748
1365035272
857443240
-422446188
-1033555999
1796535062
-494467427
801552934
-346254783
1747931335
-117367269
508493584
-287041936
1799354121
1319994542
-1015008778
1951070830
263078562
1715870256
-522287759
-1848243458
-1745323971
-869790645
-1646631098
1306993104
-402075195
938736443
-1766309926
1151066593
188583157
-1551554856
-1376766747
1819366946
1707790127
599779283
-1615142042
1563448919
70677133
1626863935
1767589078
306239042
1595609141
-1984735661
570766240
314606336
-1906254863
-74010514
-1656536369
144396978
1391469823
1603584346
-1112154871
-760550818
-1446342620
-666239532
-1640964421
-557056488
884301575
671247436
-170123371
1445400412
-1401923397
1736418280
1565433656
1104948670
-1676007523
1399928782
1440958766
253205956
-1105444769
754061986
1426162714
-1450210798
-1241143707
1031898701
973275184
281617096
1633493327
-652798976
-771524378
-913977561
954775510
358363256
-1468113429
-1348512390
-177110053
-1140356989
-647391400
1873026355
-337103939
1678346690
-658777819
-1326256301
-29373206
1106391983
-817874467
-1155016433
93946808
-1879804703
-595591019
178394288
-927613835
1500223630
212262426
-502981446
-1001682500
-1324644270
1591018857
-535474864
-1289143286
-1674779090
-946481309
208844758
655742608
1160921810
-1821829695
-1598354216
-90931894
-753667042
163041605
684048425
-1675087793
-655077402
1080919857
-365180081
1858562155
-160018699
-150920708
-67194338
-837523222
-2069046188
1145098563
384347554
-655861066
471422156
1341058301
497688898
1997309092
848558760
393041907
791068193
819868938
-597597762
-292022930
-591673
1179594900
-26994768
-1832450511
1255716096
-142755241
-1735783313
-117833559
-1625011196
1899792678
-1551270144
-1330530206
1309233367
747912740
-1275497854
-1507120963
-173492494
2127376538
-619843729
400193248
1381515043
1630118666
1124111650
-1084391699
-592097615
962966916
-1095614568
-51543947
-51669822
1469294903
-375732870
2027593263
-1829363199
2017478986
-1024978342
1343431908
1994905211
2083818732
-1526849219
-630993491
-1112389175
-1629043030
-1650615463
977104736
-1129279116
1124005119
51322655
-1314925753
1521322388
1182206001
2081256315
-1517248237
2121499578
521744730
-620156071
-192899568
-1016233969
-2119463228
1040481643
-344949863
-624929603
1530513786
-219261911
-1932881715
-1799067763
-1847429093
156228121
-906208382
-768680496
-1835574543
495978064
-1054337927
130246275
-1331903167
1816456503
1912873683
1901462189
-343554076
1162008978
-747480380
192311308
-969936618
1922396606
-708840570
1419057648
2115679629
-2020643527
-149264241
957068389
-2086414643
-2082365849
1607776773
1467082135
-2106369350
-26061677
1977335921
-1907842702
1526130798
-1615177165
-512784461
-141747320
-76177844
335352687
-1272781515
-1267829960
1044559189
-1895464732
-712917661
829390347
-1809414726
1164585636
-909005734
2079347809
-478494543
-285853823
241698271
1672578124
1324348299
183907467
-1890885486
530386619
-2017482746
-1911861034
-2105139102
322933466
2003809759
839913856
1374860355
-736212039
-763323989
1875231217
866220830
1102890027
11134183
1471292516
-561806327
586114288
-2048582835
-267835737
470064568
1699102998
448303465
1492557598
854747442
-1842494309
523837546
-346532339
-1548393529
-149345961
1414710077
-2143756523
-188998592
618976792
1733652695
-2057304321
1598555992
-52622322
231000018
-313140808
-1144084629
1370981993
943611707
595690652
-1055327379
-426446784
1546899625
937269494
1568041244
671700148
1785909138
1968140999
-185100679
-1720128171
-1119428135
-1840789562
-1510414732
2114515652
-240808534
-248601944
1435208933
-2042997864
613355658
-981643615
1523019203
742290821
-1378159703
-7538903
-906019953
930374843
-45543046
877199363
-227309295
-1921051253
1529143429
727734650
-507985338
-615801776
-1269688453
-1233038099
718225560
-1268220020
1467416202
316652942
-1288966577
-377649071
1063911922
-2080556698
-1998377657
163951841
-1420994088
2141730460
1510929635
761475480
-534979750
-1750734603
-643540159
1367309322
-551598365
29367198
1887174062
698881128
300787647
-348660951
-40633252
1710907687
-1395091215
-1523958827
97090898
28813538
748454724
-1400586222
-1531778397
1409566335
-1982650209
-570743997
1696817122
-752649327
-996011875
357076165
594737876
-474774275
1527425629
-1826459857
1966015335
-1350314529
1027225494
-555509797
881860323
81370286
1652872429
1146761893
-1723596193
898954909
1352151946
1670104562
1325095029
132871492
-1708664856
-1544656141
-1006383559
512940671
-1944194580
1590085163
843152230
109129366
1031348793
-1588689874
-631629350
-216689507
-542064446
-415277398
1863827524
1624211742
956201119
-845484629
-1657793509
-2131740940
1753566500
-1404581606
-50845999
-1078153607
-1824826320
933281414
257716808
-1714140445
-1862471230
-1181016282
1626843268
-1653407253
-1467694895
1492478494
-1264956766
414964143
2020496732
70244097
-2059388151
-258809640
1076171710
1914995863
361807582
710673663
1458788679
-886222881
601399997
946236236
378180105
-1071540394
-1405782363
1528967008
982931439
1750494841
-1834740429
-759649164
1970925330
1232078217
-1156322798
-75647806
209236815
-2089072242
-775705679
909269795
-662746348
-1649213283
-1723630537
24654585
1171043194
-1128012196
-121395789
1717447246
1763146137
-963146554
-1407818344
-1394712003
498906390
-907672277
-2109834393
-1195988592
1397463040
-716532358
-1630835027
-646218326
1117366236
-1298661950
-2132819920
-866142809
-1866927106
-336784906
1741453925
422132673
1642781978
1355983856
2079380772
1752004853
-851492327
1589131704
1380180126
1706448613
-600234448
2041867269
-1931908210
-824509440
1976509487
-1933326077
-1844275026
2028316127
45040406
1008150358
1514002284
-191740430
-686620690
1554011486
-546229283
-1626880933
636068053
1915449532
-1197133327
-114815719
1860969817
-583552491
918923240
653347689
-1903204343
2074784021
198265860
724367208
956187977
1738892470
544729472
1750047228
831445862
1450337218
-13471552
-533304587
-876398614
-1023858282
-741386551
-1214370450
-1827207632
1939497768
-819922958
1778445945
-1864297670
924158026
522383836
-2059499014
-727139647
-1755822801
667330718
2085493203
1086099853
807172142
1055288133
1400156993
1540940039
-901658682
-1847465093
1767904901
243386379
270275809
-1268908923
625620166
-660728573
-490713763
-2134061710
-1254838219
-1625477840
283992775
-1140649327
-2036745614
-1287416501
1976002921
1483854371
-1579027154
-86053044
-1535695994
988006481
1405434128
324764040
237010147
756586079
-2118752548
650287873
-1782138231
-645451486
-170350894
-1035310855
1641898697
-1842068817
-838944173
-141225528
1236345216
-1977584812
-568638518
625354991
-574346084
-2002924084
999499977
-26029972
-504501026
-417680723
-1437502862
1809980239
1187376865
2145652517
1217286168
593003916
-1310826406
-1371026715
-2127486939
-645753581
1641192864
1771807068
147825469
-1614809058
1752339311
473684520
-456475229
-1051609911
-1969489688
282629321
1227582172
-1870447129
-1898011173
312449943
1860749201
1703903506
-501642935
1128002037
2070566329
1132478979
-2146302940
-1014787641
-1448616201
1817663268
1172286552
-599847903
1064999232
-1162437789
-920470514
318636352
2093576640
87337289
-1852067538
1856414653
-931880450
-1680231606
-148971226
-6440193
1988293437
740363614
-1001978646
457693425
-833268699
-393135152
854982971
695973620
-1932811102
-1346004139
-2099024086
529067543
932174860
1759639135
-1335056161
-17465723
-764744312
-1038509133
449994390
-918037954
668536493
-1502033351
-515115030
760899337
21578858
-474446318
-1776728746
-921654359
-1412539866
-1261294865
-1841347081
-1290429362
-1446664408
-343322720
-1406859882
1322105422
-883276232
-948449557
-1827547418
1478425364
1293001606
-980350561
1507749385
-128210344
1727562955
-993085977
1346281304
1622981520
-1495928914
1158336483
-1272854941
1554726566
-432303512
-1724940428
-805037770
98561002
-257846614
253691735
401304542
-379913399
1748362941
188944757
-647092181
-1650083137
-135947029
886303864
868974006
-604858358
-660032227
937266849
-1475867099
1707577759
1971286213
-1945013800
-2039309907
1529496289
119160061
-1462657788
1932029912
-1862008944
873700080
953314972
-697718648
401060479
-1623872903
796261502
1007249723
-1882557559
951794441
551361791
-683230577
1759185093
-1407809844
1222077762
-903958008
-1951152392
1338375182
899475661
-1460603887
-2031778485
576829659
-690952615
2036060736
-1265526723
361929958
-1728606743
499485150
1806960602
-951183957
1719933981
-2107873627
1293841709
-775943977
-1556642105
-1129329205
-684236046
-1392607001
300701374
-1331661505
1553520015
1094254606
-1184511246
1149651762
736394821
1724882267
1199937728
256823768
-1982667358
-1176743909
-1263739513
239006575
619071802
175836539
1749161339
-248540544
-343859050
-389833614
1419717561
197941860
-458523285
221397981
961017754
-590310391
-1999521010
-898976021
-679822517
1236665077
2105159975
236118970
-1674479715
1376128651
-594092636
1647937602
1556359449
-910312563
-520930831
-1449741967
-574012841
305740258
-326258843
624068760
668137359
1159989912
380591871
-2082401531
813510512
-1858665941
1837903953
29870064
824782128
-446846201
-1251976261
-770957158
-1795078173
2020658251
-56630308
1830323891
-1229962480
1246501071
-585125306
-858307333
-1998775167
-1293858200
-1402516624
-468099540
-1540005029
1162554730
1557482992
-1587974633
1339911277
1275551853
87044329
-580323059
-1094780980
-2002400172
1071642049
-1499935360
-1834738785
-2002184054
497336599
1054039017
1989511222
725852047
-1133932812
-651548437
1506834785
72394674
-1592691136
130399671
622455039
1218569247
1578184566
-533087566
578410197
1253409308
1871565467
137687125
1153612192
896091791
1406468203
698327637
-436834964
1485012931
59894485
699947267
-488951002
-1187852437
-77205334
-52304652
1948816752
-1422782234
-272449392
115046628
601704116
2119032772
525285180
-1085932073
1825328251
199066248
-1761645345
1256719744
880872447
1889090991
-526670367
89390823
2038369278
223630065
-1208411444
-1700097723
1792770000
348205254
-270349430
2020426034
662433724
1238013483
-2065706541
-1795963903
-1406758266
-109793627
-1930959136
156804458
-448385972
-924489082
-957476764
-807918742
1695319697
1147377518
-1087067972
1659266151
901502362
-1693418220
-52611484
-1779405930
-2087674120
85459526
1566164653
302870432
525006182
-1555063251
2056044460
-1927514237
-353428012
1744607702
-1010868875
1663328694
994243011
-1124178451
1332104841
1586149776
-888237357
471992522
-1892736116
-2045247766
-1904458855
-416290639
541623867
-301579262
509376950
1049982549
1250061212
633423266
-2117042908
-476021858
822261110
-1395826303
1378822355
-430304596
-1038223613
1086131944
-434331532
-1016362726
-1867820829
443727256
-955838573
-61361274
-1692034988
-1134084374
-322451989
804746577
-1151648352
-1802822344
1732855029
1657831587
-544102954
-589593221
1661473474
-624323919
186117052
740927285
206398986
-1875922878
1804614659
-2028097903
1264582532
1664362094
16138428
1449966791
-891763593
-1455205464
-1948495861
-187989307
638447248
756055295
-960474599
-207789557
-1990138634
-684510304
-1477143986
1257912278
-697822565
402067103
1218965440
1453536896
1940868565
231128310
-2040782618
1478586662
408855852
-1029196851
-305135984
-1395720821
-121592459
-1228145413
-1806759397
-1758080965
-425824993
177465804
1169597151
1681766131
16326860
-1078874620
-1651204372
2018841920
118330659
-1011013852
-137741578
-178895003
-200785436
1453741035
-1940286067
-643444863
815583804
962150431
-508352112
-1037848335
-149559719
1020160140
473693155
-1924358670
-492381631
-470885555
-1742966689
-1802642549
-2062375457
-211576759
-420283894
-1013383255
324545119
-438569472
1829051015
-1565332085
608534714
835653255
-734239536
852210784
1339628948
1266186449
-1243318495
-421317587
-2056200635
51434031
-1040572361
-535253772
-969649356
-1069097959
1261118394
117546002
-903292052
-1593429458
749294070
2143718376
-164403864
1726274681
569042641
-45434434
154462513
-1537129995
-1147313159
2089661923
1940647850
-978436270
1873762908
851730968
1763097386
1751344633
-676800803
-661065171
972481867
1178838862
-3054012
-1042820372
1376814593
-1850937292
-568466315
1154063158
-1920190482
-1704494891
1087343332
634940268
1246006771
2142489762
357626440
-48144624
1308413450
1961021081
393542542
-1300695893
130549074
280182213
1124520976
863211504
-406533781
1768193547
-1260812026
-864978399
633551619
-2010732254
-1468473796
331351217
-894427727
1921788899
-2088477691
47690282
-1292297983
-1742638142
853067887
-1210480304
1724610255
-1852608356
-1086619721
-689179002
-2125466920
-2045382990
-495034369
-1304830095
924544909
927403253
1917467709
912051419
-1221221334
601707395
-970388874
841305817
1318328327
-1438503311
1648902444
1782775598
-1527185618
-569192246
1795102741
629130738
822791213
1788724184
-307519475
-2091367314
1232243500
1897113249
1295312460
653625930
2132564545
-1484398156
-89155877
438991081
1117164290
-298429659
-1467624893
2035906836
557939035
929511125
-547739000
-1873975595
533365666
-1693790474
48823125
-883239003
730566632
665227469
-1716874888
-573759799
756521618
-592062022
-282339953
16036856
-1463563737
-451645323
-969249277
1549983809
-678108054
-776382823
-799241163
-902245077
-655982421
848211558
-2099521289
-265383395
-1130198183
1958459586
-634506178
1633172480
875884252
-1618858111
-771867627
1677118242
1322284449
589332453
633392851
1678455645
-1319683723
-197219992
585366672
-852399497
-1131793385
713278648
1970740180
1589309644
1648936199
374241026
1509094801
1381417002
1843544228
-1872046733
767835219
1242481915
2030623861
994344187
329892533
-1136573015
1477830
-1615076781
471541014
-306258883
709470071
-592306623
-469509491
-778312119
514351119
-405882342
-529932007
-707883256
-1315475177
-1003011960
55998748
-1717512253
-81688923
1093179021
818586634
1234190965
-273531338
-1294049081
821058141
1235944114
1843449793
473233653
-1168855860
2115295428
-1189891064
-1690912839
-1828305733
-816055530
-74982352
-695363937
355923956
266908117
-270840172
568225373
45507479
-1621587757
333724885
329471324
495370831
-1438630993
-241506507
477028983
-2111016506
-1361199053
-529669851
500848642
90954586
-1544154372
-1229092069
318569229
-1842301936
1152428640
-508242519
627776232
-1600862264
1157411723
1048748491
1553960170
-1146371150
-1674936853
1817727616
-895836050
-1138969600
1495644366
-2016975973
1269681950
-387372835
727934792
-815719974
-1055150733
-783468899
-1352618406
1679335479
44556155
430097717
-1145183921
-1894177154
-2102716963
82174700
651391081
-406399713
-151300326
-1809904046
1783930301
-1464161723
-147252971
802401137
-177333157
385258534
-619319595
-185853886
336395697
1150311580
-1322135928
-1585310622
-438529744
-1259914764
-1518849078
1711370245
-1487922641
-1788798714
-592010713
1731212842
1693941776
-940968827
-1363522594
-715995632
1403804832
-448737896
1222303975
653496296
1494682819
2042829225
1823787575
975005899
-1780373680
-115295876
37049666
139635182
-404160967
2037370242
624923585
-679833837
-1390801425
96009070
-833031243
-1214150590
-2119401724
-393611000
255382443
-234851656
475078161
1772449858
2013697856
1284107552
-1024102951
734302344
-1127874585
-1652802816
2032908206
1104142684
1143590377
-1083610251
5848595
-1422251487
1442901421
521058083
-272468574
-1233026250
401782073
-1536210586
-1717082064
-1400380346
528676344
-550115124
-1860131282
-1867136035
-794892611
379859655
-2070975918
-168911809
75508231
244145822
-1199975563
1082681717
230913158
407223205
-657041218
-688622425
1617205214
-280011091
-1856513024
-19332943
925496746
824160957
-1971454368
-2009027601
270900931
752935169
256088891
494771035
-678255935
-1093843966
-394293946
-1851014438
-407284799
-906864105
1974084086
-358687022
2112717416
1040968475
-386146527
180220671
73791016
-184593057
-452952348
-988323193
920430017
-813025822
-972864057
387315019
417035275
-2110332993
1080563487
552623743
1485927665
1574721254
-262739021
-177072004
-1136066880
-518602226
626364066
1146464724
-883487839
360744938
-406469501
1431676839
-102715548
591629210
-1661189938
1989871924
828089726
1394424932
453447033
1820631218
-629458092
291990691
-1518319386
875351392
1351293626
-949804033
-1959502341
1926216410
1716369589
1512169693
-1355736430
-1148862034
-376673144
1396505881
-1857730540
-1075135185
-1461488914
-1638782478
-1337021856
-259757432
-1221303901
171390789
-835811088
-1001970413
-1781674199
2101778942
-2145704386
616141803
-1442893112
-599169589
8833380
2066554047
1220296917
-895832559
-1069859326
-863358999
-1822210249
-1553235421
886238819
-1047739970
-1159642
-959579983
-1180238878
-1975614169
1561264438
-1264517506
-2015626870
843168624
1546757268
-1965171627
950873340
1096330592
-1738302834
-1620858819
2091940245
-977067639
-438420136
-697559573
-1580508721
365716448
-1430318836
2040027767
-1171027225
2021241487
-1836936718
389814098
794578624
1408377865
459744001
-243826568
-564434937
-1472832929
187818150
-804179487
-2040580969
1062180818
-1876468797
1645439036
-142505443
-1367144280
-1079607047
2084016351
-1764148993
-1349560766
-705417174
1382442232
510024057
2059917166
1722435641
-1404959736
177456905
876737018
-349885677
437436818
-1647677939
-1803648631
1752628723
1606851087
1530482601
826431401
1628973537
-499219676
247422958
-85055197
-738140037
-1893463274
118661688
114785429
-1823495945
-600507523
-753784873
-852922818
-329434777
1872360247
1105646832
-504537831
576593983
1387801503
1634799525
-2109156052
263651860
993910015
-306201229
1107249953
-651137114
774633026
-382782756
-1088717547
-1249667040
764877805
-1651181243
-1685222225
-1551279203
-1627053488
-305688800
-2084034956
-2048294418
-185895176
-501250483
-1086829990
-2067785318
-450482841
-1669225283
-2129098342
411779877
260481798
660073304
-690369078
-1911296875
-1777078694
-925259999
-496435926
-1121435343
1803980150
-144641898
-616951747
-1406742133
1462503344
-1366409892
-1099535205
-859457599
653686423
-1914640357
1580570885
-1015989249
-1136186844
-764030297
-1367040326
1716632903
2101533742
1158383199
1718725640
-71245196
-563009757
-1652721958
-1063859163
636639099
-967822348
-1948366145
-487077825
1259641588
1235276625
-1754050829
380929488
1517461464
-356616682
-1018071046
-296585673
1214728076
328841476
2038338966
175434628
2021652510
-668764236
-1770021708
-1308268909
255578829
1231133383
-1436079224
-1723190693
262753998
1329993058
537242614
1014685831
-2063844275
1676920281
420395059
860322630
1364358065
-576442967
1964877228
79724639
-1585597148
538719404
-742565338
-1017448057
1309506642
-221418617
-46805210
682444278
1950076016
-391872154
757327762
-315201225
1779185791
-916659989
1392933783
-1421151425
-2145604655
-46356381
-1170882867
174052801
765179596
1251701050
1248355481
446479040
-1345297427
-1547068752
-163830061
1696903269
-2099521265
722799565
476943016
220020242
-1793242899
-50093934
-456835136
-1922484554
-1507526427
1034598000
-1451305566
-661791645
-575971586
-2003923970
-1689222313
1754147101
-1966236628
1642817509
931122509
-1125035789
-400501038
-672994
920311166
-890842797
977418631
-2118274465
272335313
2144051610
748788252
-214570286
1672225984
-25601813
-1079964450
-911983096
-358904774
486628673
-1140594664
2092882220
1208523466
-1744605242
-2041840677
-1507388549
392941303
-1007670684
1900806656
1981200371
1420254446
1618821788
-1373468051
405517898
11320926
-795171433
-1858017384
-779522271
940629155
-426458758
-1135222967
-1589244039
-1464452826
-771649538
2083267491
546156389
-196691966
-2133117378
1007212644
1615603713
2091708651
-133935661
-971593621
-641084254
-531158453
647965469
1445867386
-172575922
-66297171
1952625891
-2112570307
-1528653714
834538590
-1968398050
609660555
1855482306
1833394001
1941580561
-848103958
-847407980
-2085264061
1349359261
-2040433576
-1003080912
364979231
1419252946
-1344911032
35755410
-1260942686
153411017
-1891612438
1971986785
832635714
-1409576016
899752879
-1361134308
1572131147
-465747163
826409484
1597717138
910335051
2011206856
1110415485
-1763150697
356437424
-1561918453
-1365968948
1037308916
-1069243217
-1716637877
-138633838
-880070753
-1305795482
1820169508
1995671806
893533227
-327663548
1403147008
-1157474347
-1037566335
-1162876248
-1771063055
-2018725959
1340634576
-1053627960
227854016
-924354643
371192001
1044092628
1336141382
393913815
651018735
-1144722598
380335865
214672776
1993951126
1728741611
1687355081
1406769529
-877446518
-1944688897
1926894636
1715797591
1565030505
733737749
-23898761
969961858
-1659192045
-2035486946
71762288
-715087856
1738997594
-1421293029
1443759392
543007255
-477600522
1536929540
-1980787988
347620907
-1522400837
-402807316
-862415130
1593446693
-158804467
790635361
-31089568
15660582
-1349861229
-933582312
-919799614
-1763439909
793138986
1189962442
-658485347
-848905215
684907292
2130366040
-33963009
-1977334229
498515089
493352501
-1709544696
1849784003
475947333
-1125859580
1954862013
394197326
1286349434
-766230145
-851986404
-805391117
-961169872
1541885339
-635819153
-423428547
1616017299
-1632011287
1621875173
1833476383
-2141109579
-2132577985
197209437
-1926691016
-2115774595
670775447
-820221051
-1816002983
-528943138
-1876568266
-835575517
1974788931
-627198645
1282113296
293105330
820458676
-1347313303
-1338899606
-209319376
-1513434460
1463866886
1238856641
-1103164874
1347710411
-271447991
27328746
-308621752
-1972704409
212212523
-321875846
175085678
-1929199301
247063845
620077671
-244995069
1455721946
1563565354
-843813649
-1711471156
-1756466907
1466213080
562582200
1554907468
554952977
1848743401
2125797176
786333525
-1713883475
-695078673
1122792790
82469346
-688156829
-1821861056
-194773935
1326936356
-1215062403
872293934
208754401
1933180378
1456216811
375302523
1619091611
-347024155
362050882
1951691531
-190796391
-692824037
2003558920
640777691
756181081
-388116389
-479378386
860152881
886876645
-1551282976
-1932477475
-872890091
-1006653388
860201946
-1657741963
-1469565697
-1686137136
1789618234
54383826
1996784081
1438545336
-1565726515
1382611152
-1260686841
-115406201
1929284748
-4746479
327188268
-540651564
-1783095247
362012669
1253927823
1943316188
38070541
-1872786679
-1522121929
1238726494
-1765699304
-671405252
-1158154221
-978425402
289685577
-609582097
266866037
-1891262579
-981698776
-571109932
-654375231
766021087
1541242529
-375223240
205426017
-1879875971
123699482
-1478118772
1869578747
-1529677084
1527816390
380050977
1258515686
1383736751
846241595
-1534580686
867697113
-1148959175
-1138300350
-77769689
1799531237
935774854
2135695853
1096965656
1110789796
1555841890
1434282991
-1715327601
-1163082318
-566059318
-1870583769
-161173359
795652956
-1743248245
1856625277
-342826273
-1391217257
957946153
1184718321
-1173256839
-431087564
2096769794
1861465329
-2106635677
-1751337136
-1369829967
1770130154
-474253142
-559407856
63367095
-1436828896
-963490647
-2089752946
-453347752
-388206398
-508782456
-1304982514
-61207614
313242680
-2066978555
-621369228
1240845172
383482304
1363718774
-1174586374
-82523939
122193208
-382186994
1272833565
974253123
-914573508
-142823585
683887320
1210565094
1539348339
-1208915425
2005473044
738695013
-1073041370
-804454354
184309854
-419787937
-229601518
-1853044777
-224584742
756118365
61243262
-359327147
-1352234889
-439174162
-187149938
1430497945
-1547573149
-2145147117
989250265
340395082
1058821569
1209830621
-872784838
1057126157
-924975463
911082068
307615971
1574040070
-1224920048
133630619
1902078647
869110685
-917063464
621459025
-350654505
1690497412
127402729
-572140231
-1621594755
-886153991
-2095094672
-1250189796
-36871159
-392517816
-603893752
-1211469587
-1386688423
144321172
-274650073
-1512564946
-58986915
-1690232107
1799317978
176629394
-1643966231
1678074660
-725232972
-57841180
190653132
1298699062
-1019854333
1944941607
12690722
-1256939227
-1246806715
450085373
-1752711450
-1889762442
792535002
1960447308
-836357685
-794957993
1575341562
314160926
746408011
-1626241240
-1211620632
1705012168
1401491711
745268540
822578791
585655630
-357860559
76050144
1003459949
690483205
-1750914897
-1451930725
-532534762
-2136861318
-1438840606
-1915331401
1340018395
-1923313262
1595674910
-1191563008
1176615171
1723692530
651404858
1952706763
-503945639
-1177215072
491162467
1832486457
-260154850
-1231068438
-905614803
1429571004
-1666812607
-2016341626
-1434105878
-1431266598
1335008717
1450524410
-877167553
1313766705
655600034
552593214
-1894646541
-1693011526
-1736130457
-567157857
1756369674
58825809
-1429706562
-867952155
237030674
-1215912588
686601402
319746487
-520502596
-2059372470
2072068493
1671666750
-493224531
998808807
-1608450427
664087049
-923657322
339473102
1482485561
-2057835728
-874250879
-1762799689
-229352193
-1267944005
-115500946
-2065185135
-2128991328
948940356
-1636320482
-2135926071
1892566350
-461867302
303750445
-1775033396
-984788523
1697900584
-1992733850
-1589041973
566766865
1560131798
458179922
-418882371
-961032032
839038766
-1513168878
1731056298
-910580521
14317826
1009173102
1449501221
-483693319
370255309
-1217393107
2087242777
-1222819162
-871612648
-251589978
-2111778872
-1650240368
756648735
820470935
-2139271151
-1191682955
-1425439308
1713772340
-928495375
-377683896
674102114
935350915
503945547
-1481665871
1605350100
-732171546
-1437408021
1845159608
113395832
1608211961
1339626184
-1896731972
1002938462
-738731874
-1492063351
-1283785047
-1642196378
1206037077
-1386701750
-691652247
-1218268006
-1669029424
-1114627681
789254555
-677156904
341364422
-492904744
-1056989822
-1349350732
274236679
-2128288378
1279581759
2022209180
71040208
209367358
799787586
1748839228
1152656480
1409964956
-392426754
937872418
-8948022
-1925608310
-264478245
1108333733
-263918579
-1278498110
780658801
-498981373
211637857
320344208
-1233477646
1943163849
-886783789
-1377285924
1647510502
1273549431
279094035
-175204249
-1987210210
-56824733
1957756556
-2096801963
-56981022
-573595427
412596405
-1024729366
-1533203348
1924321683
-455948634
926814104
1699182746
-1697947081
-1298727442
-739265735
-1277423650
1224945246
-946692445
1315258264
-1240751496
-1790314069
-2006717767
-11027147
-436057881
-1550664148
1662082711
994694729
929857692
-269681405
-2089525529
328225287
-2122137615
-649071288
-784306259
424706084
-1348086440
-1381505746
1063143579
-1862575975
-1945795113
1343469924
1744001698
536105895
829300403
-935080259
1961073356
998194715
-1712263573
1976609298
589604424
-536834605
-756623129
1047186022
1427542982
2119170688
185301745
942864716
-964164091
-1030398292
-1738370844
211598725
-2125442135
1227105534
-796879710
-2110598164
885250129
1917437373
-370489653
1320145558
1777582825
38279314
1473386283
-178562507
736884028
-822313327
498049139
431913404
1664534732
1698769018
1568713515
1254631496
806866149
-853148357
-53777433
-123406018
-1402220049
-1443699527
963965112
-2045022544
-298985980
700283599
-1425804827
1466994180
-75127102
477654678
-1368163877
1794022103
-901886879
738398694
91461729
-1805509602
-607153657
1646517533
1696961807
1937739662
-1643692198
-960435426
1598313728
-546934979
1410586455
72724892
42002374
-576950903
-444862367
1255504280
2129031070
-1960441032
-710248035
2115918887
949475556
1091562465
-1201045124
-2061973639
-512944952
-183595895
1797935512
-170143722
1209846594
-1995423600
-107809852
-1846619543
-1795508157
-1275619122
2058777694
4532354
673327148
410163448
350123494
-384239593
1852262275
1329946440
891414996
1184259275
-253675037
1453662813
2137916069
613970610
-108385228
1521133919
-127683786
-1379007212
898749980
-508452250
-306360490
-843848335
1188175541
1961655068
-2129321579
-1456525627
-1331898240
667590560
-585168286
192018701
-1542141800
1380533165
-1007387564
-1233567479
78867754
958732795
-1624020537
1713047618
1639986980
-1385849372
-1381632085
-1635258034
1553279788
958452555
-1892546152
-208413614
14163411
-1277124423
-735249628
-112375865
1653538570
-201250872
2048989817
681802113
-1989613356
1173471172
1524086817
-1604865043
1610409277
-994543986
-1940660189
997587866
1415225226
716323779
-426307500
794177786
1415083185
612899358
1204453350
2079228520
1187878667
754197274
-2047030204
1850505836
2057189703
-193531685
541925154
1184509502
1483404449
-288824754
-581295665
-2056695672
51633748
-824150642
1532776909
1062612080
1095958605
605643913
-1128756574
649120981
-1095161568
1973315555
-1152329488
1358615511
1469269823
-823016422
-2102990141
1844233885
418235240
-1081146134
1313124650
-2019700398
-145846689
174230258
1410664200
328550255
51762653
1048170390
1923051819
993879103
1275106504
-350649561
1052199837
-1281159264
1699181219
882174273
-1000343494
686205702
-192436665
-15460492
-793976190
1434331845
1045090259
1462565414
796748976
145293198
-958530080
869303
-1922950645
377132090
-596160007
1244768742
-721843589
-420977722
-340985783
1586042227
-320267426
-728437858
-2143852906
-1230460924
-914472548
132185630
-1524361618
1704967244
1078128888
-77514411
1211969183
1548305513
-174021463
1684907531
1472057323
-638965107
-363668183
559792901
2125592828
-2067621920
-1994184884
-547127162
-690211435
540165541
-629800813
-132386791
1038781706
-848413541
-2083443519
722775182
-1972935694
717792933
452546735
770784833
-362134246
1383175852
-808589732
-154402911
-1109932613
-1499338044
-1830298040
1143096816
792656111
-460346227
1248887297
1683214919
1280714337
597529563
-806654979
146394845
16758852
422416281
-502814550
-170271608
-388262778
1033402602
-902212413
1467872386
-1426565820
-1303686000
-1608626971
482484848
1954223232
506250897
432390754
28662432
290176784
309566487
287033683
1379594386
809444057
155291543
20394995
1085174201
571943997
786672438
-78033109
715384962
457508561
147582311
139744360
-482686059
-421522093
-1200745512
-1056529228
622468442
2030040282
912502926
-1662639868
2056290238
-958988465
31059278
427307982
280707126
1322123547
-1819434689
1447583711
658743299
1371084321
-2134860596
129525866
-1049502536
-1555504657
-606253105
86140515
1263123705
1515886383
-1540608533
360079117
1985783172
1828487779
1045460281
-1375588398
1379498613
1059326929
578304806
-492051630
-1004351291
1768776891
1971708826
-355220547
-180866029
-32746541
-835230115
194297445
231179431
-2003249939
1219626678
-194057074
-599281230
416907254
2015322452
1070683528
-1764863014
878242596
426964082
-1028309505
1122364406
1571978350
1648199221
651073681
29542934
2119589438
-991556264
1190816673
1378934981
1598786405
1324744714
1456291946
-1636497263
712123983
-928961258
-1045369001
922777547
-952660105
1150255940
891444624
1132294794
-1630474468
1316055807
-1718288424
-1767344394
-1272437196
-1269983689
260781717
-1898354238
-34448735
2080467592
-405809360
-380336390
86413986
-765761125
531527327
1370692350
310252428
633945036
567101759
1831880653
-904955976
-1844887283
1931783142
-1683596666
1068543935
-823538679
-423777736
-640846548
282813156
-400659572
-475916743
1377079465
1553097425
-1311381983
-67238620
-1216734443
-293722490
-1421751300
1679541626
-2141604297
996245646
1743438618
-253713827
1115216459
-244906893
-1464143450
-385742818
-1779146491
-1579495565
-1470485858
-1215308269
239942870
585869427
1242415286
451553710
-1745690515
-1572230349
-2130173060
-1106948406
831396480
1546121922
1983031996
-733904568
-482907701
-1735788748
1581134885
-1219544102
-1628435112
-98790765
795703084
602132510
2103792897
-1989811949
810955567
1386111982
1954149939
-334073720
-855335970
799993846
445212916
1173975836
12494806
-1831464058
1981124902
-1364661956
-1772411506
-613559896
-305186804
-2147092782
1375386230
1452837749
-1662117363
80009145
-215011235
-1984640092
332762296
-278976659
-1199590126
-435570845
-1588657912
666267650
1526657102
-1517733783
-445389336
-1008978857
881988560
146945099
-1460359432
-1240209013
-1412019766
-454138609
-905772143
-495545426
-142334597
1001170686
-805217785
-521733701
-1761150436
1571934142
813335341
-679435066
1761098752
466051743
386394653
899358321
1619873782
-1760512460
787844152
-81911132
1929932017
286502
1558113643
-361056132
1143174123
-1139739580
-395277132
6841987
1450566149
163676125
1865260260
-1027279326
1900364018
-207146415
1087505830
183007827
-1975404138
-1466750491
-387649345
1990626714
-1247367959
-1392221225
-1752143978
1901132597
1951495969
-1420088654
-1978219273
178210706
-1679900400
1604621795
965148435
-2019439616
453051338
2112220811
-253948469
-1457628759
-95870326
-671543914
-87297747
639604672
1237597909
529008395
524491838
1616875766
-1402983712
-1429752155
-241612807
633938993
87694894
-1267334749
107147928
-1647096705
1997639805
-761667108
-1684336879
-1238076344
-1789698334
1355845141
1663609059
1604011971
-422600910
-875277418
-818642927
1140701867
-563165788
-1046547206
-1787960978
-605670095
1281425588
-1118657977
-1165082853
-1573774284
1015869257
-1523458498
-1101050546
-852219730
-609151719
1553982707
-629168300
1281376881
-1778536116
430466975
1600012504
-1446129132
1445124959
1176940980
1134896997
-499597785
-450295221
-1517188303
-422553559
-872904787
-1742181915
1928490039
-801788421
1894267339
190161544
-1008478756
344927134
-139386692
-668928272
1323033663
-982964665
-1181385721
1485757544
-1446679076
-471198628
-1174953996
1656713512
-1287961567
1266812030
1739405883
-687049481
1910401345
-1251213111
-722096641
662415384
-1283895481
-1546919334
350599930
314422371
-701533075
-958965487
1267327992
1976566961
-1172705106
1612786583
203704457
-942002563
111593625
-1542851678
-1509825039
-498740793
-300279449
-3548553
-139562141
-1650846917
-135433649
532355504
-1190310546
1754403987
968552217
1036338239
173089975
-730329288
-1155078159
-1891263566
-1892457496
-2042301137
-1793832323
215020983
-1100513048
-1717650381
211611697
2028991971
341159244
936228637
1745389025
-1245798482
-118777332
-2090622580
1284626583
-1604025150
-905362823
2010464705
-260858970
-857009292
972747374
-1796094774
-2102199297
1632356754
449903558
523319522
-1699769150
-1142403233
-2022125811
159762967
-505046760
-1808089381
-645764231
-906910419
600327999
1823251270
-373794278
299738306
2137520358
-832095001
425699408
-1270141774
771253434
1004057865
-1520921218
-1598171204
-1786714816
-1462473147
-760223748
1482677093
-1454778139
-1209594617
-658760367
1571702300
-1221103790
-538356662
-1226774110
-198673506
326334469
-615116123
-960054684
-682585189
-808647139
-2002560117
779825240
83918489
458095988
1612681422
-473250631
418518297
-1510744846
1289158757
-1166864978
882275575
-1518708192
-2096162194
-1395632635
-650424042
-537157125
-1674542219
-643793886
692262716
-1995222262
231311094
1822444597
-1843457991
862880946
65449504
577227178
705224271
-1669042231
-963150117
1430068197
-194314803
2144898152
1800513292
2010976815
-1933693956
-740280060
1967462423
-1078758678
1402722367
296959679
-942156123
552372748
1931740021
1129301756
-2069331289
-143873334
-656985695
800036400
-152904807
257005715
1911247309
-780820481
-392051445
-1318253761
-2043887574
1641564295
-791769252
-748240248
1525335676
1188947702
1487243465
858250424
1434533556
-1756996254
872684197
-1860672348
-1979237410
819321304
522516201
936594136
147119421
1818367157
-1145890321
-914080237
-1030705229
-1086021580
-1234918278
-697952523
-1822998170
1491737928
299553273
-200291594
-518665311
1583311276
731156236
94968474
1589319415
2050693943
1351971911
-1325437214
1676672429
1314053236
-918869707
-553215483
251342937
59866738
-1294503010
-690458784
319430854
-465841193
-632981747
1812031146
-714918118
457156923
-384505716
-1156071829
-576473798
1896443570
1867397809
-1652698706
-764547987
286418602
-1031862818
-569928459
1527949631
69365239
-269602621
122056300
-2113209945
1734193452
2144050471
-1866605214
969257324
1625809708
-366519064
494314740
-1348579133
493603072
280539968
1133342218
1309225277
-2022756630
37578313
-55241593
-111469345
122198713
-1312938814
-361491524
-531582062
571297630
495780883
963102237
2094809789
-1004309057
-610313586
1280273462
1359409968
42827466
-483100169
-850645281
-518229693
297865933
986648134
551719086
640054078
-1691540987
1973363882
-31653204
-1808809477
-793253260
1893146321
-1728671668
488417226
146212599
-666495386
53466776
-1117722220
175168407
-1237945125
1260370605
-373707198
-732433633
-851983513
1127519081
378796127
-1356455443
258406226
-2030978462
-517040645
218530317
372817520
1048623129
-1710183725
-1889887101
-1409445910
-1079214225
-295946066
-1181199385
-309361341
-1651479465
-1273607671
1233347639
857096090
380369356
-755719434
-304182296
986537260
1722245893
1910185024
-2116177346
880689949
220505063
-416215853
-27025699
-2144977033
280726715
-103193254
-1079306594
-1303492750
200727840
1075733033
1738830246
-1121331723
85170755
1938552670
-1202848075
-1159287203
-1079831476
1656904514
-18954309
-1947236484
608390939
1727812340
-1509913680
1467998947
1034469939
1889215816
-338755164
-1912105884
242197494
-2033952788
-2061518571
-1480540718
-2015742958
138123980
-1141429376
-691846390
1107605819
-916093513
-1203449030
-552797641
1232021018
-351925182
-1723245697
1621498960
-1622697596
-1323840532
-1599652405
-58869275
-1730138641
-683173758
1330602088
-1005438949
-2106733535
-1552815419
763398728
-2101995019
550827305
-331999927
1395245076
1434556884
1898231699
1015899039
1114431108
688248640
1370440662
1536329654
1946158577
-1981899544
1270010897
-1685587586
436316967
2072773351
612162294
586296525
851206528
-3313336
219983366
-1065041530
1997845037
-1538537780
-2024136962
82842103
19698902
-721901590
1761065105
915325827
-1938989722
593836566
-1030778282
13188480
-773704929
-21835962
13955075
1845439074
-2464524
283395505
83107803
354772760
1936469783
897523673
2121092197
1581843638
1390790095
-1630037813
-849463970
823017555
717470095
-1554827099
-1694891025
1078760756
1218512964
-157176487
372092450
-732476119
-502894610
-324801617
-10314350
1955869495
-1790716302
951442576
-13071006
116935798
165141165
1552882304
-198519953
-216220868
1100407500
1513325420
832866505
-48484229
-50054182
-189488475
189416798
-192180377
-1318773094
-669960404
1618436856
-202987685
1329507734
-510633425
1230502760
-554424323
695025783
-1144387117
401085955
-1858980961
-250310505
1550261300
-692864947
-493931544
109943508
968810153
-2068132364
1456002227
2087733927
1410917708
-325641217
486885686
-1792785804
1170067129
-63851705
-2015805593
1313166626
1315569684
-2059889115
-1943067238
-1663204114
-698245807
-732134036
900376174
1262459772
-745193041
1365911705
-1821540630
1114287919
876297348
-1949235895
114365154
1318070713
1580815936
-1721894421
1492804511
-707058699
-1644731989
1461071797
-1302049602
1261513459
972234097
-109398053
-891933864
-2121153964
-1091425824
-380876802
385569635
423311320
-214493457
1600768482
-1389234345
-1827627979
-236269951
-1260670364
1265526292
-1037699798
-79962389
1187599274
-1367751934
1142226130
231303603
-264986981
94477433
-535952835
-351815014
-131332206
526386275
2143141692
-2035758371
1642693197
970592032
1297758076
1626551478
2018560299
-1752376151
481686741
26630952
1454269334
-480276489
-212192028
-869086724
-390324291
-2116888411
1788730326
364515846
721875846
2104292052
-4702074
-1707498068
1444772035
1158365518
-1104402998
-640124504
-2119337821
-776935955
702051594
570912268
1412053610
-2130969539
-591294959
157336454
-1761834652
1742821984
-92323801
1504911589
1373152791
-1595343822
-982990753
7924956
551917239
270761132
962146604
-624623612
1143245534
-676118131
1518112570
-1967525081
-767670660
-1203094218
-1120004229
-97415749
549963787
1940351701
-596739457
-2071062357
-412180985
-97687354
-582389496
-1056466595
-1517248611
1516098869
-77101603
-1687996176
432667810
-1751428857
-1440601890
1663261637
339728582
1733184762
-2101518504
220409153
-165878264
1722221834
-401889894
1769513936
-568806804
1509510678
1182127560
597967148
-633758484
123017667
2073700334
633737950
-1249073749
-87501664
139632471
1292089092
-863138448
434700939
-1675331297
767781205
531429457
537574738
2132766727
505175138
-133593170
-1823147620
-1471354488
-1944263906
1783373665
1185330698
-2009309142
1082863264
-706295245
999192728
-365191403
231580710
-554110575
-2072920503
-794909976
1240731485
-166536065
1472807171
-228314167
-1834273570
641575371
-1270794313
-272528196
-1099396868
-431212154
14349508
1894818872
-1875636548
298629552
-568359267
71428599
210936612
-281425358
-1404485976
-1624535539
99825848
1871014928
138691177
1595778364
616941377
1040658398
-54228257
1535360646
-83168304
444225395
-810420690
-1345208830
1809298690
-1739596068
85020541
335745267
1018722180
979607699
1637576993
1892716310
713262809
-412940047
-962468614
2085788986
2112011866
-2061038368
-1326274787
151676182
1238943358
-1087744044
-614273357
-710527402
671507035
1633674491
230891808
880960758
532189548
-2076346446
-394505369
1076443347
638618004
-66017477
-1774584372
-886455681
1260572003
-68390483
-1375156806
650553684
-1308958057
-1092056533
1400734183
-361019701
608529636
-531966376
1174789301
1466344206
-1237667593
398905097
917911771
-611244341
276808632
-1987725252
1795079236
-1023732150
-1537938993
761652297
-1796496074
-860935743
516680554
-586254761
1832078775
838194919
-1171693508
-262645743
848724267
-1703206970
-1388300344
2053396120
-750909375
1929509589
-1882783266
-222192966
1779076880
1918740549
2090515302
-1937313692
-2122692228
-1424324453
1876632411
-1804299947
2048522718
214255742
-2096571366
-1101306092
-1448264220
2002286033
1829625053
1549924388
-1802222156
-1689923068
60618625
-1886489483
-1296869033
-2112752217
1591572111
-880765668
-696070059
1271798079
-333179015
-1363328186
-1103863909
103094109
-255138525
-1869006230
-297475675
1869478891
1062057637
216996285
1889533144
2089268425
-1226222001
-945776405
-705868753
-395921512
1566020844
363451395
636808730
1500950740
-886911669
-628563278
-1299997278
-2139123672
1370463226
-701813069
-871056944
1339983357
-826028204
-1397408378
-1693786289
769181267
-398601282
-443489953
832960592
181871828
1277173805
-176618143
-999299411
431414822
826828522
-1896249077
-1228460975
-1370676608
1549962905
290250482
1371616726
1912616319
1193523063
367551152
-216781969
-1187891398
635031778
480483868
-766350329
-1419318637
-1658813666
-327821894
314578602
349113552
1062498645
-561453963
1236092452
-545713559
-613804065
1511444107
1657135847
907042083
1163774660
-462173240
2003971889
1594965853
1338415230
1627711734
-1032752786
921264297
-160557822
871829651
-141926182
1726044062
1198215425
-1483642172
1992505450
-1222275861
-77627029
574179466
-1118989332
554810287
978787124
-907211214
712014700
625189640
431646553
878629138
1585266906
-1003569943
-1931160795
-1070687119
-1149103127
-919335375
-307593040
1733267910
-1657311175
-1394711560
-796402776
-207464411
-707540553
-1944808917
1907308115
-528314634
-1572660412
-988248230
-656100653
900478951
1073101716
21187024
-1973879636
-726053853
1666718808
1759195620
-1363700093
164032707
775247775
-1503464050
-2069512152
1691680389
-1018908807
1033197884
1715157206
-1687564101
-440048675
-1456825882
-171023943
1278185349
336757452
516023391
587302063
1205823810
2019071669
-1021678098
-1281932462
2132963139
-980592869
1466761757
527462966
-615052863
1721712500
-462415408
-1401559953
1134901009
885862484
-576860264
1649732437
2142964245
-2039185718
2029274441
1058901642
-517071883
-1012525558
702435017
-381829060
-485104369
-1615229108
175863338
1363480999
-1069666005
-1725996046
-1839485701
1922083805
1250960115
-786326032
-432783653
-843607863
-1253868895
-1370183064
-967255730
-1098160016
508630009
-193973613
857521363
1644322426
1035652986
358751976
602762037
312660977
-104047920
-403953546
-1724291295
1280436551
-1447326580
-1170301803
659216632
116532381
1933985558
-653707587
845622502
-900745150
-2024335647
933573813
537001523
699149689
-1667694623
1787431151
-18684967
1108572031
678833722
-1133490382
-1375538603
-792677685
-1232830919
-694360199
-2132801855
-1904667497
-954331257
1745378075
1162948386
-2044211553
-1357686885
-72028117
1942537215
-261231832
-1622710416
-154661087
480642866
-679123645
-891398024
-1725833543
-855548927
117899602
1353782479
293091866
2021354608
-166286901
1211690675
-559389381
1430835152
-663595973
-27739340
356852610
960038555
-2145668466
-493853657
-660794195
856743811
1712665740
-326949536
-1278247947
-260204088
19864998
-611849953
809751920
-1352181559
2120856307
-780240950
1564138934
-2034320162
859686260
-1768198436
779481031
1481291108
2137857183
-1467469027
6020396
-1481056232
-837778149
-481078765
-321870757
1686374824
-2068740153
-1719597384
1332193631
-1050041465
-1080423168
-917318292
669930680
-429899008
207908899
1935176492
1640447103
1586396558
-75839664
147549188
862731214
-337463702
1994154865
1247427778
1039146078
182563172
-1402155910
-1994468372
650032752
608894710
-461390350
113749491
-1872450831
-1131440747
1988749233
-1631977305
2014714840
67644490
-568953110
325495278
-1757542702
-207738239
-1516393621
1752356272
-522836447
-1452064479
-472318685
-420442347
333544385
1564541148
-1762290204
-2081246990
-1788745012
-169147961
2009998186
-695539328
-423394530
-833392595
1784759708
-539314
-1874959556
1747653279
2018123025
2058614136
-749054863
-713876145
173325781
-1032370919
-288520903
1173907102
-1482651028
-213061123
-861796893
-93007630
-413222122
-1880466277
606333809
-1937965619
240883028
-2102639807
349453506
-30564838
1466242987
-2142241647
347803122
-269683766
2106203559
1256285483
1832218113
315250847
1700347938
-173181781
67242674
-330375609
-688458299
1939123669
-1927696715
305093548
39237583
387440143
-1693516281
-1971225718
-379900139
-1574117361
428020889
756719681
-178410167
1787844052
905112367
98087148
-1629653378
2032438745
1627104907
1795302321
-1692688661
1732052872
326251722
-269756070
-193953554
-960935188
831315213
-1746362844
-2089545900
-1060567125
-115104421
-915446825
-1327331369
643739442
955691717
-358446826
1052461543
-1141572047
1547175882
1211351544
447731117
463415626
-2121775875
-1018858026
953497420
329425156
627855332
-1415338394
-68525463
408199429
-935590877
1589359624
1420444141
-723190144
-1259842854
-1839492256
466124809
1935862252
-1694927798
1102465060
379865722
534747126
-519303234
-1129006794
-173238515
274597303
1746828712
1786196469
-1859802011
-360821719
1231915017
157099215
-575147268
1539716823
-357413610
237896474
-231976345
-1185934893
2106140696
-1034469852
-214262051
1254351597
-1461468013
-1008679544
-2053973255
-1039236575
619102122
33199811
965890494
1083000144
-1934263359
-2078592506
1000459484
312226611
-1934292380
-1865414580
-263558351
383775116
-117878682
-773966161
1206049682
646177437
-1122121651
509813495
-879820854
171451870
519931629
-1232482956
946355170
-868061207
2127849042
543353869
-29035102
-173019719
-1014138141
-138730856
-101054376
1524999955
-2019477821
-190059413
525938903
498078787
338157434
324602674
-1713654334
-3548405
1525365204
471174914
-736571382
-1008933160
-1483960311
457755566
974886836
1535135799
1233286685
-2061709479
-777750305
-504838266
1191440521
2139434572
-1717668603
-1138198802
1647108379
-423217143
936424576
-1271492720
-1476272614
848423328
-984011696
46527998
314038189
491860288
-2147132389
813023724
-804900996
1501910800
74082420
-1470266074
-1349507433
1402380095
988681567
530746821
1994179990
-433948327
-721001196
1726125981
371368706
-2060660516
-1609703677
1444126969
1570712563
247288587
-597245160
-1052780918
612848378
-1901412863
-2105037504
1870645915
991545664
-1797026552
3173674
84175753
-818338321
-1834707413
-1766975918
-2010813070
-1871274032
822308105
2080476218
1736448812
870071604
-214196501
338431738
-1484930439
1934597656
1183521817
-1441166341
-1890046088
643089539
-2124717463
-1462192385
-198841507
478838579
960118040
1649225571
853488228
1538284152
-872534564
1619539368
1407702274
-710919330
1503646521
1186510127
1924757597
-2069624559
-1424826349
-1637112253
-838014466
-1338898307
1677621380
300026973
1066957509
1604374068
987629551
-2066606942
-513501923
1309534869
-99556267
-29550417
1763115631
146846761
2112901862
811370905
44602331
-502999984
1432928731
-1421605073
-352312795
-1810990564
-989049982
-67688575
-1557587731
2083805052
-1386096998
2023076518
-1383399133
1290390685
-845846560
-1691789640
1927986872
-1499077236
1893955817
734795811
878015897
-880144865
1080191026
948896287
211831256
1365614613
-2123737483
-637740166
-1490587860
1877061500
-603126467
-292756582
-584434789
259176786
303336124
2048252866
919155061
-1218176913
521727708
-527310700
-477743996
-1339333471
-1431698029
965203926
527851136
1366302744
-1215554949
-210274696
-648534328
1393972996
333136289
-1460591915
1907872079
-866052740
1456628124
-1546438855
1870092500
774625185
-1624225055
448424099
1504594005
864573443
-905547690
-1052027445
-1926678587
1627414595
1382159652
433554022
-736632836
-57573384
1610220497
-431996249
-336332306
1500696022
-82304371
-1289856247
-1617273569
823334669
-1214809909
1532844107
-46984874
-2134892306
356809235
1743119292
-1071888496
-682762028
175548950
-1226664008
-1042846153
572444225
-1147671038
81729650
423023763
995930951
-390127849
-273058574
536711552
-1102864600
-1899449734
1146754145
2081071457
-531177664
615615049
-861490300
1296265044
1232216611
-1650113553
392771206
67190183
-1893259006
1567791032
-1876208903
403186057
603630418
-584213081
-1382787554
-985299452
790188206
837880711
-2115597468
889154090
-146283268
-1389576129
-686946514
-1627599218
-765449521
-1509871510
2123028953
969082358
64876556
990677031
698150653
2055920974
-1491711793
-1392011732
129506546
-1739862306
-689105777
1373492257
1688938645
1617605823
1266364799
516759595
1699529035
-1032016245
-799407561
1271856070
-315770555
-1838797229
1517234579
-1806277673
1241513477
-1742118699
1549639899
1720358401
-564783839
1245078766
-479228892
-875014346
358031687
1698891341
1176400117
-1321693295
406827904
-757665943
-409619668
1009012579
1028123832
18122420
317029410
672895371
-368331907
1914039056
-480612339
1898270475
-1575353849
314098562
-405744218
1459926999
1897697400
-13969883
-484436981
-1538743058
-1889968284
439655008
371567333
152541102
-1956387182
308165211
-1631254323
-991176092
-185865212
-1596016722
212067307
563648034
1190414132
1896621915
-1631520544
-836111915
-207874912
-553699074
377312229
-1228960106
222895496
-1198817982
2072938548
-660474560
816478198
936451991
47348134
-322385598
1693885182
1371801377
-563897187
-804203339
-2076662969
676303603
-1982410717
-591511120
146006985
1719494012
142227027
366515419
2124340951
-1468468415
117354231
129187138
1055970144
-391067444
1282136178
-1563505301
-251721103
-1980646429
-371672352
1953247657
-781553411
-1150845955
325157243
1810659250
497453536
305214961
292873792
-1699939473
-1066468319
-1276100880
-1105579055
-424080109
1964065143
-375260491
544932253
-1398315921
-775669490
2037739770
-267776451
-1953827453
-861953398
2086684205
-1168974815
-1539048873
1734460748
1077807971
-1726745493
485967372
-867055629
343939469
-2080377830
-1220594387
-1636729819
-48010263
1621084011
1292554058
-384195954
1225076154
-1248675973
2052386247
-1824003288
-184160454
-351326672
304511985
-1583991363
-671697457
55661658
150217809
-884549975
2068470653
-791482860
-1634140347
-615914524
-1522994788
-1476781712
-63629621
836488767
1235884746
77779794
2001720224
782093038
1662423074
1673619100
-653547639
-905129658
450905517
-728094325
-1757837073
-1471926074
1554244120
1441607008
-487582799
843383643
419265959
-1472543678
-432839883
114032607
-177873815
-1322253982
-310904384
1548972259
1064081325
462985056
-1952691961
-1015589971
-1259935052
1831188717
-593907706
1741546371
133306023
506453936
-840498673
1168577834
539201995
1100193133
9693989
1632224937
-1724877326
1244126052
1103480202
2020452178
905503284
1783507959
1605612694
-987948030
880493535
-1090252146
80287945
-1709530201
520010411
-320444994
1299362084
144277506
-805106638
1762013096
-1601438284
-2049857875
-2072520034
1535160479
1671935854
418594399
-1583082845
-993892339
-54038206
-411161489
222413999
1517766550
264484457
-1287227754
-572400288
-592939907
2011642370
-1028227848
-1292996298
-2136327353
1800727516
-1251192731
366579593
1954748829
-688257387
1969203419
-59649859
-2069953930
71985891
194134095
1848972211
355483765
1058462769
-417032788
-1358094718
181508751
-1900940691
-1429906404
1617499750
-250372368
-745417440
-418243963
828506872
-740739041
921310142
484687701
-691548001
1745219679
-442880193
-789959550
-1344829882
2067957592
1887611118
2124808140
993174095
1203944951
-618943872
1946164037
213570246
1916894353
-1421501593
1957868050
2138340569
-1005144242
335361896
-575677069
-909785209
1671214276
1294072426
-1997668864
1032789400
-2007983390
504821137
432172340
1677023948
-1200331249
-1393335925
-1787346129
-846915497
834055826
2038006313
860959927
232377483
-2017009613
-1889554639
1594281343
-1788169769
-117258206
132159090
-1057322324
1338681583
-724263656
-733672681
1151179156
-406353332
1327949244
57341504
259604168
-660038953
-1564090041
-1737343794
-155637420
2073237472
-1210296726
32616062
-1913571772
-1256780203
238283886
212030009
2088593514
-397020881
985625245
462988201
2005080159
911713071
1333246432
-1476618737
1770430662
-1741035574
1509549225
-999133101
-705099049
221343585
1121997074
696112732
190152475
1360196276
-1682079418
1246860193
-509706636
-2138173032
-701323744
287832832
-2121848992
-861214488
1511108625
824242126
1922370430
850826169
-2062218682
-691082194
676026704
-673575984
-1162517495
-648177498
-1338483135
-1688593064
-532140954
701614319
2026546410
389439951
1729602578
-175377909
1801663376
935884353
-170940024
-231510627
-2022789391
-547102535
-626482315
1422007924
-1733860032
1980389619
1382821206
-1597158808
-1807841940
-2041616298
-469407138
1906425193
801834664
-1967024864
1057563292
-1718187564
-1245641689
836668643
1136660061
106625544
1310495015
-1258618321
-822086706
674858809
-2095625935
1876832656
700873446
-1617761917
-646963042
-295943750
1314052994
2087818562
-968804003
-767954174
-1331050031
-918079072
165134322
-1453895152
-1589558031
-1595206546
-1413606207
1640391123
1548233690
-100061384
812172684
172880052
819444859
1017108883
-1728373959
-114815731
261841186
-769002312
-912244776
-70333220
308113440
870966358
-817741595
-2136908621
-475151956
-1649264477
1782084041
-1722381837
834748423
-339319373
1159393958
-1831781319
-940059167
1228872717
1568759635
-1354853865
1768447739
117642875
-1404114267
1236047110
-626491636
589197601
-594646544
2042869915
-1677688088
-229646895
1862603981
-767780615
-174477345
-750499427
-1647641316
1615768711
389522787
2037303213
-1968929972
-320086815
49525997
-302787247
482888409
627587859
-1065659360
-319009959
-1821281514
-1351859452
1254165805
1714786468
1649809452
-419208656
-819883655
361357814
-669622174
-1266698855
284480125
-294337777
1161337246
1443312383
563954926
1308945656
-1869927637
1697493326
-1985629667
115232159
336420795
-1086159785
-1918878817
-1532760922
1074547632
774873026
1602188592
307939703
1496404886
-617384637
-447956780
-824965477
-166455564
1134428684
-961734337
1279129164
-239484092
-582172798
-841443722
299949128
-427289794
203975474
1555921077
-502957849
13794908
-425534970
-297536109
-11488913
-443786086
1818380979
-465271965
-977213017
1628635774
-752161931
1862631133
154067625
-1347479209
-236026114
1094387454
117256956
362592201
1408601259
1036923692
2143202274
-1956774264
1301538809
-111212644
-1588772883
-451658398
1812945718
180800504
2135965400
-1126701949
-1568386693
-501831621
-1194722669
-1194867212
-1326359591
2129177567
-1305335393
2047634276
-262091311
-1818778822
774085276
-1835760597
581643529
-1118544091
-1879503585
-2011451509
1153722429
-1353362722
1293829065
-329439432
187763059
-607671249
-258497644
1885867546
1885329266
100092367
429126768
472082256
393714292
-1600834553
1593906958
1198258552
-1292896230
794459032
1750451194
-401169875
-934831457
2126488283
-1806718993
1405476304
815339344
895415594
-2105118362
-836139125
1811105851
2065330302
-374758545
-2144594541
175181094
-2004605607
-1958198844
-1560226388
223848387
1603416294
1549707803
1731915250
-1555945696
-1818905250
1087909564
340600277
668178020
1677620396
-185121198
-196166812
-254745928
-370478765
-76520187
1256310991
2065607810
1042233743
-13577529
148635174
-1188137000
972734650
-41151763
1629139815
220852275
1554508529
-2044743422
1375180470
1122120546
-465162505
1114015448
-1570538770
1131698114
-344329640
-185479201
2113997400
1307812268
1423672273
-120611399
-1863228999
8199213
561043439
-1844739571
1319163793
589269244
66317301
-1045462630
2130867106
-583148632
1113715458
-948394865
-1752376658
633451537
1349366131
-1697400806
557036165
-371815400
-1305367931
-789834433
381993534
-1673687910
1025836095
400523498
-541044028
-606782055
1881163150
1959229766
926454676
1374651836
2020430513
746161231
-725874748
868461817
1404062679
-488287322
990592838
1290884752
-80924155
1410388387
1436180590
-1360746950
1858631229
-1323340880
-18659919
289080482
-77670692
1423125972
-1634389074
1296774932
183709507
852198286
-2080674958
-773144973
-470344262
883864036
-1228661513
1337307504
-774003824
363355834
-1293582866
-2135063048
-2106252410
947435879
-336131906
-740917778
-747085204
1140136069
1429284811
-486364390
-1600360948
-292282104
1436930299
552910432
1180405319
-2001941871
409523573
-1298917836
-820272002
1471206660
-1501107797
1242480717
290495795
1478525783
-1995003494
1486709400
1008850927
964603821
882842960
-2048376977
1730390373
1818856611
1489207726
-12859126
254041047
-2006079512
-2015602321
-2136049611
1987000
-1704066542
-299759000
-1908352445
-380162414
-1630187600
-275936495
-165934526
-959567319
1634842523
853009475
-1499330193
-660999711
-1457675631
-1756787901
373730028
536394844
1013805059
-828975106
-681638224
1088123751
1203971117
1410800534
-1837062210
1340020758
-1448713369
-2089280739
367585689
-30030548
-380612933
-353897825
-1292355338
-516754495
843060662
734766181
-78369869
1212474910
-945401469
-507979656
-2130795513
1549753579
2026011957
-305295261
1725919995
-1384514933
-986767517
82367293
-450810343
268892359
2060351737
-1779198490
-308728734
-747826007
-1613574835
-1432788080
-1820467580
635032746
-1082484880
-1396405631
-298977716
-2022732529
281690310
1714016534
-1006759591
-1054554481
554839257
-915671286
925489938
283175737
2041130601
1310689016
-10429991
1857838484
1043380679
-696533986
-315204736
-1526178297
-1338415006
789413987
-1119931141
-1071291781
1668522402
2056111770
-971028137
1383384126
1409383668
105694472
712248298
-2044925910
-331599579
-1699228637
-1129811508
-1205517050
-644832013
-409471588
848430725
-1058935765
-1371802399
-117225568
410916871
1660713066
552206923
14411865
-766431778
115509036
12935097
1163595194
80363429
-1170202661
-39244169
-942713476
-870424900
-726749823
1444594020
-1818128029
-147273929
-98079059
-1866852086
2099483589
322341912
-212697187
708152559
232833100
-663465279
-642129255
-1262602710
425747706
-1527262813
-461755748
1069543224
-440000659
912655931
528526394
125369616
1740427876
324163135
234969277
-1053117068
-52629631
-943583212
-1764972656
1272821385
-1954080432
-1232929150
818950624
-511081559
2000183687
799736746
-1919753088
-107439240
1827514255
1468133174
-1859654644
73358133
1887427394
1064698834
1092730705
-802340014
-1841616906
667869148
415296492
1279619397
1469008826
-338051753
1714456880
755262112
-1160274209
109395236
-1520667316
-1456056993
152932281
-904777357
1191952557
-1258104448
698390182
1709316982
-1465128031
671573977
-1642404273
818106455
-924853700
-1685843419
-328573906
-1616512660
951034495
1343922271
112817487
128213929
124033205
1909567315
-1766044838
704402005
-1309721056
-770530191
-145629744
-398571263
476771797
-210597149
-702927981
-372047692
388867044
-1484575262
1620435116
1900444779
386898619
-1259666363
-26436536
-758419264
1819966155
148357466
-1463610620
-1788808472
479455339
-204955911
760910186
539992802
1707293693
1273672917
533177018
1028834540
723488846
135459093
-341450772
-1248526791
-481963198
-754547166
-1265947915
-856708895
-51594064
544989634
1138547273
-1592331495
-528035957
-1320451738
-976381791
-112443997
413190465
65615807
502463741
1280535943
-1397939353
-1900824682
89005804
-436263677
835947413
-1942915107
1335012107
-1533864001
2103801230
-1557183232
-936625206
-1367675324
-1694028892
1864766336
960100982
