-651592551
-676229682
-903945958
55133902
-1646483391
-2031481902
875536642
-1186379264
1187211364
532263057
1613650312
1815628442
-1402779692
-276174698
-1079471028
-444151272
-2068747678
-264228273
-1658602048
1343452740
857952728
-1723518477
-2043710143
5847479
416448043
-930177121
834947691
172970144
-734176015
-1781042238
-1958708312
179267011
702757904
1325659579
-983987702
1645345732
-1197460552
476418240
913487451
1620158118
-1316406382
-1469279487
-566903951
-55977587
-1973952711
-829146356
72112581
537808075
-1099414040
-1690847373
1726908486
360988697
-725384843
2143616171
115498603
1939283236
-501524354
1722586423
851970950
93732427
-222560287
-2034511868
106786656
-1226711641
678131569
1484845335
-116774911
-1335267253
-369787419
-1473296283
985540814
2107503052
1675513875
1433621249
-1137037607
-1052843005
1915070303
923093628
-1451579788
1536231185
714517357
-1144338808
2004014599
-1090908765
-306656483
490624222
718234147
-303246986
-1656704840
1088301921
961838806
1640352797
1226818918
517036163
-69377472
233822209
-213649437
-1392175641
-1991783322
1101364649
-1929332110
-839245496
-1947223994
1159942460
-751473647
-1550565480
286034474
-379313085
1859428589
1455181420
-461222079
-1815605326
-1313669608
-154695786
164553323
-1785488856
1388027000
2107431699
-1528559021
1514438261
-871160062
1639678759
-650320702
1804457565
9578536
-338413882
193868594
-1096438373
-678282609
-455565770
-1604952926
-1062584024
-980348667
695922161
-259311448
931491516
686262706
1800522703
988870604
504961173
-620609396
1953686116
-444154606
-35159690
-345221872
-761739610
1412087000
169272562
-1311484114
-116452397
-379521822
132108265
-96563324
-420879983
-1052454477
1131019603
840373967
-809764778
1046435102
-703349956
285831326
1783719946
1235259931
140254223
346725704
-1993710359
-78343714
-832014314
1432213279
-976449874
1608054309
916587329
1017868005
12518893
-514200367
376470309
-1396409474
-1771572288
355616952
-1914490553
1566920935
-1555535963
-655109191
-529926757
-286002586
-495079514
-1109774833
584295751
1222046722
1446874810
985386730
-438279764
-959152330
1702163819
1370618427
487699365
-99586335
-1308155720
-1326858289
1531125521
3913343
178602812
-1835182177
775547534
-839481186
1343560847
274100069
204680
327807114
1648304875
1720663410
-857536911
1681183562
-2084363502
13724862
252289873
-74216496
-1789101457
-1597032895
578025089
1365808747
-213037189
-1377551488
-1147533902
-981467265
546991202
-1422854550
-955911884
583960952
743940069
39637604
-1762616971
-712458756
1725876354
490226337
-624650041
855465567
2110385617
574187959
-1288661659
-1899894949
2821168
1415784047
-931254345
1987517440
386037410
-271607332
-1737289516
-413742103
-2103512332
-1911260498
22404425
-1239725904
-1432292319
1783155143
688459800
1977892515
1712101111
-656884722
1305084419
-1530665801
-1720957703
-1664225917
1648533769
-1344620612
-1933565561
1878995348
-461333455
-594070318
-132864708
-1493396306
2135754629
1678919451
-295892073
-1178508522
1401666657
400055473
-1730906404
545212664
1677326829
-134588710
-604836292
762503104
1830291943
-398407302
-1607361997
-1159512920
1568796069
-1861272120
1454105393
-596421487
-726182054
-953390012
308369020
-1912256234
932410263
528458216
-55151276
903672542
2126071573
-1742551907
890294871
-323994318
1547805873
841722608
575480102
-500619569
1866727351
-1635337467
-1751901111
-129598468
899915362
-1754790709
-956471985
1095081437
1260318883
1987529585
297648953
1804659465
1345785633
288272920
965763864
718511451
-664689023
-668270647
266403573
1041051909
-849882394
-827871576
1731661552
227256554
1635299259
-867157398
281045163
-766163925
-1923178577
-265068029
81522920
1879013634
154308865
2134659236
1349206896
1534740687
423150077
375448036
-71535306
573849968
-2100901435
267613500
961238204
107790293
-1148524204
-545651527
-995373898
617564114
1292429504
-1890356500
1524976876
1036780855
1773208767
1116685348
-1482597020
1741605405
-2076594069
-487901473
1410187199
263659138
355282761
-366121092
661963491
134821144
-1708635257
1716071221
1419029722
1450760537
-1101550460
203894349
1005149945
-1611879714
-929721962
-188063355
-1733715900
-970376719
694285574
-1088662828
1584101905
-1791436448
-569681057
2100596054
-2038811926
1788754324
1727976168
2041117827
-668929097
179118305
429516654
1604636324
-456289508
1917179166
2051116614
979798659
841974560
1105529464
640503441
-1650635678
-140641010
1539533699
1166420417
-752329171
593135519
-958591343
-361953188
1396416242
770915160
-1117098937
-1871401216
-182555248
-665163471
-1277580436
-833126490
132254382
1920960375
-420456956
1769048874
-423123473
-24147726
-1179989091
1275836170
601721443
515965514
-1896872728
1561131885
1071521344
-1963802202
1569029258
494075239
1070770641
111787157
-1760014028
-29128325
-1566107219
-781879247
183366896
482128480
301674540
286281601
-1289749058
44144648
760273431
583220255
762047327
-102884643
1954454174
1466631450
1742272112
-979632307
1229472398
-766052323
-2096939847
998786440
1601136323
-711487280
1761402566
1588574600
-1850717734
899003006
1034609335
-1639579823
-1204343509
1219581943
-712183724
-1776640134
-983221002
-348070473
1463564900
-927737877
-2021946405
-96974265
870263102
-331402009
473289103
2035431650
-1332438368
2013541964
2110120140
-620082596
1471335103
-1744468711
-499382135
458440767
836975262
-1136558799
-1367878549
2146510391
-1914296414
-657780898
-276832134
1828859311
660432998
-1744814184
265729047
1204232123
-2102934836
951305094
1833818157
2003208504
-2100097196
1534297412
-1640522585
829687089
1480375728
1684934246
1575698721
-2001254012
2145226391
1595219772
-141134623
-1371219516
1303811801
230422103
-2037227000
699696225
1705172915
1448348748
-467552252
190844422
640825444
-430749769
-1361024696
1968615234
-966324993
1325067650
-2021322689
-480753559
981096067
551997798
-1541460099
301297596
-1436157912
-1774155086
-436420297
1730133447
-1071178245
241873227
303352309
222821386
-2001768276
682911475
-8658299
870193627
1519727270
1575334093
239267122
-421459062
-838886816
108619040
40856118
-647301178
2068708850
1029812571
633347948
654858046
-154295317
-1048544168
-18348215
728689291
1891323233
449652964
-652952819
-99374516
-284504760
-541754241
305450037
-177400430
1128284423
199208543
-1262108365
1788969598
2135670344
927982267
976791904
-1338550999
-1441691121
-195848635
-1602782159
-11059005
206974222
1069137399
-553338967
1703868158
1919351094
1510383378
-1848511986
-1291523668
-749939567
1841210211
-1467919649
83100326
-1394582194
1993584072
-1953421564
2018538992
435403549
368358130
1697645639
182784538
-700993091
-2143839637
-1268043774
-1135955224
2143733970
-57562150
-1638908646
-2112767435
-107307781
1293094021
1555436843
-1517309165
-1176719836
-1373761256
-185540348
339837751
2084912920
2048616356
-50887595
534040212
-1999627687
-122135063
-1967611737
384921925
-617066445
-305346600
-1832365173
503722927
-1524022770
1641695826
-2005982186
1038752998
623152900
619646518
1152766860
-548010160
-1274956365
1087512474
1267795290
-464495737
1675984723
16776535
-519376311
1843336579
316442634
979508427
-478635280
-1426950152
2049276030
-367761959
-1632948886
-4386307
1861010604
909634356
1306890825
-2133591314
855966712
-167615779
-2107026230
1572628626
-1455147388
-1959910679
1374509641
154796927
1658817476
1860609671
-293331721
-184312388
2124709457
193584961
-274833975
-1195757656
25647358
-2091460990
758284723
-1017626853
-957581015
-827956393
434114070
-250735414
395502162
584251513
980023414
-538876945
-446957839
297848459
-681984657
-642955223
831875715
155709087
-1404538135
-58081888
807911653
1305862398
-160806518
-1318062228
-849547546
-994769880
1556885868
-563922889
-1424494569
-1396453351
930780687
-608431840
-561027612
273058254
1656972689
1974348514
1848284135
1545743110
808769308
-100729547
423710075
947356237
-81943394
-261744524
1987356816
-662581451
829074367
-126491265
710904254
1544314598
1057565200
-596246558
1824218523
805760217
682887295
327585334
1728484177
1173933024
-427431405
821443783
578792554
1737431913
-837750316
-2127905162
-987695635
1283624194
-497519606
-535431199
594951855
-1579844065
1830291114
-1741670208
552017634
439577115
1267115277
1704077202
-1096440591
1682372732
1081858787
89080696
-333808752
-2056508549
29895270
-1612963745
1470422286
1501065922
-1510923822
-598097563
1695934445
-1549097353
1435816979
609334645
-1514919756
1030827641
1740613824
436525619
1561160962
366270952
1169864520
690546975
-1012255770
876292843
-125296278
2031039220
1712803694
588978860
732307690
301018449
-1729131651
-1486120537
-989283199
1405466267
-86479391
-1740419036
751130644
-1513343968
822240164
-342531327
-1360358359
-1456935296
-756158558
-1989197643
1790062742
-121614264
205303388
1524087441
1524754042
1127541471
544097034
78638663
-1223987855
465986981
1373012470
1174062000
1001070594
1779284824
-467964921
2079851209
-2094533796
-1183487558
274648987
432817662
716092994
-2045610128
-551509350
759123115
-552744126
-546474963
1730439623
1521381855
-296365524
-1860643057
-361414311
401165154
-1638468414
1457807176
-2008458550
-1534413576
1163512492
1028872961
-1522596882
515951591
619579566
418773114
8031046
-1315266889
-308777188
1185154421
2093847957
-837118664
-255022196
-1650868012
-1769621324
-2034707255
-1539890739
2036179585
168390562
-571398954
-1322921960
-27247219
1648868319
1210849186
1277084293
-1749704549
-1586493447
-267683002
-1633302080
676976767
1873616742
-434219272
1058695420
1835563297
-1141420140
981530768
-743297242
-1563864921
1606354494
-1003366840
1294135134
257075411
-1871544063
-953399101
-1764520798
-1031554392
-17407441
-1142529712
346115276
2063611987
-833470751
-1327538065
-458037570
2082476361
-1253082542
1572901011
766623706
-2005609300
-338034069
1332381993
173345976
1767396850
165134745
560274905
431081746
1722709960
-484124186
-1815577077
-880952573
4079923
816840007
1226459308
128120176
-1448828679
-1970047182
-301885391
1684311494
1831174974
-1078150284
-1721677093
1160542437
1187388785
-293761472
-157807812
-1322925221
-94006168
863967626
-1449534214
-1555719979
-1153998647
859866005
-1114689069
-392638767
1934955948
-489694517
2128726753
752019096
-44864130
-1878693172
291498526
-1552500117
2048966952
1568067272
1453496361
1287670268
-919515793
-472361711
1215038025
1543133727
1516235421
-153581589
41890994
-396239935
1311775329
1072361382
398636295
761548312
2089324531
1798595054
-74202848
36016156
1103861371
-2095287711
-901237236
1577899317
1084553651
590141538
1597596505
803189045
-499428150
-870261204
-1148039534
703426439
-1326650485
-1768674006
1539320584
-1891882583
-2120322626
417434501
1376520661
1456230615
790914254
-1263051011
802227742
-367091960
-927605845
-487520005
-734891625
1450418973
-102633231
94466023
-1016478389
1811635288
-26268855
-366196297
1560042141
513710346
689866767
1829829576
228929673
-1603072880
1203899445
-1478286352
-474005201
1770410111
-1951334554
354033363
-289330286
1924875550
27407726
371335030
-1004325476
-986151660
-1583937064
195996689
-501945755
-1935810462
218624472
-1879600088
1928845492
-1289612654
-919746453
-1954106404
-269929019
-1021761488
592525500
-1865541506
352086092
477579129
-1749292343
-1104979356
-1822113863
904581202
259872326
37109760
2095897534
-1956378757
1072652225
31850029
-587298802
1720697092
-150658042
-1732662836
-1369042842
-332546561
-617572924
1685433999
-165130032
-763186826
-1286483600
2039570196
1668482598
347152543
1693272937
250409525
1327702741
-1950117298
-1693172644
72974750
987048931
-203046486
960294889
-695607905
741335602
-504248285
16701830
622611010
626637829
374436515
-226454621
31095200
-74583357
1837315587
463744271
72243056
1624123643
529888960
-1814009702
-1751156256
-637932376
-1243473938
8114938
1133923239
-815425099
-192969364
147378930
970933082
-274833214
981183832
-632285264
930724863
-1029605848
-1807180603
600377718
-1528610081
-609702598
-569789525
-1986649987
-1219924320
1628373966
183215134
1903511061
1729729426
955507195
-1834962749
1802675216
770107721
-1502866909
2042486398
1714325088
1276441963
1652274483
-1404236432
443364095
-1891807286
-1643858135
-290247392
-1477321714
1109726132
42567638
1867055095
-1709961151
-1215851894
-547611675
-1510465039
2006011257
927013775
-1546814949
1175799441
-2062378574
-2101482239
-2056103713
1556865558
-2030549473
-2025938323
1876267005
-1963019797
-2089009006
-1681607617
-784768346
-1882990493
-597846239
445570200
-2104171077
-136675419
-2058481146
-1674152604
1745552970
-639420444
-1132132409
1107043242
-1091767208
-1643936557
-77017194
-1763482587
-1489898016
758140504
-126716423
-1323184876
-596974053
-1075697537
-1887070291
-1872750258
-707271422
1219602097
1697679048
-1231531880
2058025744
76099108
-1444471267
-1170366150
384480588
-1560478827
-1232279837
-166740272
1662254470
1160859701
1774810264
2126830173
-590695712
-71173664
1877744418
1976731557
-975386992
-1549948268
-1814928584
-1940970565
1221845219
-369437920
546758911
-966094632
730714756
-1347226341
1610895607
412506990
1360287230
128753687
-1423761640
1751293052
141616510
566988311
-17449928
-2053755613
-1094604579
-815688899
-371563089
1499332473
1537261534
378688711
609174332
1792585885
406809779
-624493764
-1673527510
-553605109
-2018843962
-932293662
-489538386
-951560143
1372110261
-182905486
739807379
996242498
-1628085091
2043231246
-1402347496
-924766391
-1341203046
1598468210
-2104145384
-201271168
-1302669938
-1564823958
1460207211
685467874
-1604394974
-1225351549
-662394996
-1182935554
1286485002
2078430981
-1655289221
-1809236467
1780508556
752416799
648724709
-880590522
706277698
-1350903964
-1335283327
-111010703
-2051051235
435039862
-1650251076
-374908742
1719993774
1357873408
370754455
-562748217
357773728
-1901203991
1458464464
2134354700
-763030136
981393349
1034038335
297597277
1939079649
708300943
1124918403
-1121235516
-630413999
-1749805931
-358728995
592370836
233986865
1660412083
852070747
-1028299842
1871339084
-1295974461
-728138952
345972578
-958340123
1835592531
-1139410558
-902696023
-1347001602
302201753
-1614848515
-1781211183
-308048937
417243811
-1525024697
-1922625911
-1683573836
-1841436974
-1587220164
-110684290
1899346147
1300336776
1918433435
-1185659339
146514685
1901215520
-1183733527
-1076037093
1410958187
1374083358
-1357986411
1460302809
523655724
746654631
-404179108
1053533165
-1893596460
-1578250957
-1994003729
-2075799946
571174359
-1400973440
739571154
1869289550
-2121618937
-338866999
1684645254
-1278979747
-238845349
2028272695
-1457955606
1650233388
-991054863
-1149568616
450192349
-225283400
-1206124459
-1815511986
31984936
796661896
-1142185981
2010528137
-1172056421
1556621825
1851382058
763866552
1558308725
2044166393
2056634034
-1740568260
-1325428472
24135305
2088786816
-1744587682
-2053065315
-920348121
-1209152008
1687199363
-2005452396
-225176077
-2082596925
-1074606946
833479375
189842512
1343006161
612358885
2023180881
598039222
-2086546271
-101554746
-2094545887
-1979462203
2126640320
1594723868
1632330100
96506526
-362179698
544738462
-2104004342
-2127552146
1656687687
-1385133929
-219602472
-2038330037
-738351807
-689691173
1870212070
1292518722
-1986085518
-1333035527
470197114
862212784
-1498821067
1161918637
1966692982
-687757104
1029457229
-351619176
612267006
-924034667
2145811241
-948205262
-2002252195
-2104179782
202066281
-1651140865
935536424
1644957206
1682179489
-636108032
-266003036
1545241652
-1964841893
1170073708
-2098956444
-779704285
-221640606
95253407
1057409846
-1260712567
-1511144899
194446674
1961358912
1816547838
1883030521
-1445948148
1526529893
-1458452842
-437170900
1025427160
576146668
-1327456577
1526371125
1324574776
2020806755
1169340494
-161617464
-236828583
1193675969
-977055533
1550020521
-1769021561
-651027766
621624372
1566196663
344488419
-464449609
-1128042375
1492944427
-139339438
2126899733
1655044836
-935613918
1529643704
14248173
-402083260
-1799234728
898574949
-261721820
-1209910646
-2030207947
716305359
-1476598491
1368337820
1566048269
-455968639
-1436036420
1818131817
-779508316
-58930605
-657581243
-1816566980
1880085999
1673913563
-881657339
-2046136235
971254561
-1590214109
-1114764073
-424897611
1575904229
1620215451
436781834
1315187001
1049347815
-1500546991
728323721
863069674
-2077574504
1747301727
-1961774276
-747850349
1218549042
957799843
494596270
1662180754
-875304710
-8051787
142361072
-2077230861
-2119577404
380467477
-1741258820
-315252294
1200685244
2023475620
1428926684
1777982335
-721969310
-1994196395
614216908
-555642048
-223532330
180985636
-1850116962
-929904526
555085397
-336094138
-589808099
796373849
1222757379
-1228921183
332082485
555580569
364863210
-211363970
-701511790
1057905164
714127682
611698556
-134271354
-1401936684
2067219186
-970595129
-1906472145
-961692492
-2057274282
-113641334
347183320
1661127835
-1474975421
-25161823
-457182817
1478935681
-2056476601
456407699
-1172569768
-1848828810
-1160218059
-759506753
301646513
-931253000
-1485029921
-153623852
-91116906
-861050748
-993287131
-135534458
49178070
-2061098385
-521134034
571913598
198855942
-936177931
1947883509
1303040401
1982247589
-511723374
911972615
-1470345164
-1326616703
1172711056
-216312438
71869231
1025724760
-547401503
-2047283839
-509844335
-2121248831
-949584594
-1557510067
-1166586909
219917132
-762521297
-9698698
-167918944
1402493672
771483197
295711659
42650595
1562405765
-2072344028
-1098575609
384578402
-2869766
-982394562
96268181
-625068133
-373518553
715910588
1123379990
94053196
987584094
2052612166
-829180671
-416904665
-1736964610
-1752746553
187191242
-1237115706
1079257697
621041281
139246183
-1489156132
-1612848393
-1970609561
1823592463
-1096543571
-1656172110
-471271765
-397549500
1949102271
182983845
-366888812
-519716077
-979993903
2094163431
2032449941
-1071878758
-800505076
-386736707
-24180581
1634257610
1488271480
2014761719
-2141485914
-821437330
1935494577
-1114020454
2058175643
424503404
1684690649
289750975
456665175
-1426213303
-1967566128
236878010
1014556423
-1433460494
166237090
-1354430851
1680813750
-2131853128
-685082047
1010983230
883009831
2067640732
-1243891341
639319384
-1872954908
769374668
-1371122675
950566766
-778303082
149574765
702138977
-1773613354
714683031
-1185225573
1739860724
-114398669
-1611849019
162075821
-1579222412
-1281154461
991528601
185181629
1784555240
165060508
-1901407881
926430054
1583249961
1382634705
-2143439033
-864620593
-525058160
19449178
1818897219
-50357272
-1565388560
1872232659
375322642
1230323699
376110790
455702851
-1105836778
-438671290
-1494054994
-943876224
230464769
-939005362
-1520430311
-1068781102
107563438
-1831045673
327344957
1976649942
1994397998
1155364489
-493964724
1207807653
-234758112
948308405
1540910824
30309429
1595034948
-1299641263
1866320853
-659326722
-1588665774
471303489
-1253468432
-1122576160
263988744
-491982888
1842482015
-510593981
1993040769
1324821149
1978503945
1222434432
-1530098995
25693777
-1662145720
1276477055
1699022525
-228921040
1591140573
-1457975904
-1216504834
538483319
-2033707228
778772702
-1222204056
-1582798298
-1271755128
1422630962
1813201304
-1606043385
99049016
2033930292
-1392425541
1044165870
219567386
1250742792
-1435694676
1994538305
-1683655169
-701809289
516776257
999195578
1946649368
1320008028
-1434102046
530216299
2016103593
-1369328063
-2137097382
-1227083774
-930826500
510373704
1194843889
-820050098
-1630819433
448304463
1220741050
433577729
1360816560
-1845999537
-1159104216
-400630601
1156049376
1367065348
-1165319961
-1006389705
349849879
1566039251
-2098512663
-136175625
1690857168
-2636313
-2043900226
984621029
-501915003
1582866844
666038312
-2020063132
-2129460124
-547757280
-2088198930
-1412554860
-538370751
740577367
-1857894928
-542427434
-1060570674
-1037840641
180109691
604485262
652412170
-349282284
1616538846
1923703339
-554232329
1119153526
314970941
-1261414301
615474319
1048628680
2118872484
93918147
-461284872
1047208602
1269928030
-346067098
2110697462
-1918274359
-1232414329
-741952508
1169462176
1142764325
-553306912
1707536686
-1214398634
-1127614635
-1235597086
-597678377
-930627598
712029431
1584193813
127402774
876271932
-494127349
1075980705
1081030697
-1950925405
332238737
-1378185179
1271377596
-250507990
2113756527
-1185456697
402987115
-1574711392
1074859160
1670864523
1975887493
135749139
747730027
2064001512
1839786259
-115380346
778205272
771678360
-269018600
721632481
-422474039
1985770415
526080281
-1416499160
-1144303042
1272891631
-100164897
789172976
1484161210
-808628134
1019302267
1998549005
494210397
162848519
-440266615
1189649552
-17684398
212329273
440906169
-1011180560
-810655510
-2092612179
-2057060981
-1203121274
1470711305
1346079794
-1185801127
-1857240770
-719705920
-1639771777
446387098
-1328862837
-1923095237
-287087040
1439093604
-1436700517
-341191203
1342517105
161880114
1580290764
-1030073175
1318262255
-511073049
-1377472419
-1354404125
-981361844
-801302254
-1802346392
1291103990
-1514215454
-155719821
-575553777
-62709608
-234297814
1145335998
478210806
-206376149
-1430700210
1370982046
571041264
1175477862
1585188092
-361850116
981601532
-1978946252
-1361095556
879435648
1584880498
11440860
-805921020
1229314391
542649721
200224353
-231783605
740109623
115848635
-1377476565
-2111359909
2035132320
-1075013028
-1169336858
891382187
-1812707997
-545231577
-1723043671
1053832300
-684834713
-421399798
-1843664549
-1344334301
-704486230
-186650940
-795945134
-1859457929
-1457770106
-1592171812
-543195844
-1624209845
-582923467
631996116
1871315010
-1322846705
-1125252969
-1615549538
-1648824982
-2000931501
1661856050
160918351
-366333636
-2017464931
-2137923719
-916520942
-952539736
829520507
-1024140464
-1655501218
-1742300634
1524857050
-623546161
669429355
-1098974689
37255065
-941492410
-570253087
1761539467
1151442265
380738688
510761682
1977339866
1078024086
1980033100
1781587178
1356642583
-1767807237
-2020838344
852920805
294245707
260889841
754768799
1365405760
-1321609697
-1340875144
690169830
-1142605005
1378683588
-1350025158
-1642251006
1991589597
-1167128041
-1717612579
1645087292
1973900225
891706111
-1026138472
-86146248
1312126320
-2054439143
-268639992
1007723827
1407457416
-566688873
-1130350524
1875250315
1204972508
1880718437
1128429614
-643309948
-361694988
205819276
-1090076916
2020346696
-300066889
363652827
370340438
-1400361937
1780017510
286610883
1334834385
-649166271
-1707356468
493244802
355379676
-184690440
-2145088077
-2104646268
1202280969
346444105
-1581770342
-205267451
-182563601
1583438053
1573729188
-1582736646
1352248381
-8695365
236541394
1936141617
-1594751982
554806721
-870015628
-1038212681
192672908
-1265597708
1097689308
1907400569
172943519
-291054691
2017172565
-744867027
-1088559577
-2097592620
1714340435
508700018
-129709249
290352457
-1835959573
-1948002507
115051731
-1637241278
741338757
658219095
-1482274189
-1820063521
1947613135
-1755644788
-2033038486
1200870821
527890676
-1669148026
-321046257
-107473863
977899533
-1549794991
453323354
-618376853
-650993961
-1574379520
-864725831
313944438
859888038
241210249
1347188260
-1238390139
1714639257
400514797
752307310
-1419830407
-2120372721
-2138222181
925543902
656599785
-2121135783
-2127628266
1491998462
2005092970
-1749064528
-998640939
-908017230
-1299629553
-1385240727
-1566468247
-2001692277
1589119027
146365799
-1280704539
811311453
-885487243
-957241136
2060594297
-1983275506
1899056387
-1260905726
793516896
634722993
-1112059621
1844832456
2021915388
-271050286
813104079
-2034291256
-1264199106
-1522399213
-152216568
2081239872
287537995
-385760265
-2096761140
-848695823
1156721756
-890777859
-26106685
-775887014
626182885
-254673936
-1638972425
-1097267671
108287225
-1967968643
1963409882
-197269010
-211571476
547291141
1858552205
-730411503
985756473
1948933556
672883295
1356081158
-1310647642
-907054126
-1980306797
-2005109570
-461202779
1041529433
-749315483
2129914208
1317692413
1553610438
-2101269681
1692531512
-1120830551
1026574132
2039594888
-2070744337
945938432
1469745829
-1941027380
-2061304067
-376333291
982792867
1455789410
-199001766
-1917768352
684886535
-1269873061
1700942971
837296029
1469177112
1287555607
-1232673924
-2128280844
1832251095
-1584691187
1337356697
1630806105
-835291240
1420772042
1990614242
1264750645
-132699948
-1343600327
-844584913
-722888891
1724060221
-269567963
-275040176
-2001179198
1703986195
2003455996
1131491465
888198338
1807073974
-898260266
-779017667
1959599582
-1052434565
1203347124
1102709736
-1041463021
-1086436670
-1041434612
-1932778670
275586285
-135367865
-429967227
703760129
-1509401375
1983383224
1281324542
360477422
-539328005
1601775496
-374802988
2021524604
986847672
100871171
-908050332
-1639310939
-1707069644
-1633518943
1590651086
1732704118
1155490440
-1546168418
-1531409156
1522688956
-718630291
-1571457079
100782562
-1568594433
-1136526300
-311858020
1139695622
-1777261649
1898444186
473972108
1397498947
2024049565
-687036986
1409204898
-1137289015
-844118868
1324506966
995857483
-1886840217
1173033928
-1318420087
206021739
-610103796
183774485
-1631255714
-329329481
-388867446
-623172501
487263470
1989877315
-1532986723
1772712194
-306232554
-178643366
-31413460
1151924329
-672880296
208542861
-1927808562
-1793305411
-277398014
-1393500658
1980643215
-1384592874
-1466977136
-518006210
-558017550
138780484
-467799474
-487676797
2095899706
30133690
-1531170495
-1384800417
1709726437
150748362
1708584263
-852472642
-1700613256
-1482556398
881065853
778030990
880973442
-1453772490
1512410080
1897624212
754858458
-619008817
1000056118
1491224701
-1629585110
-1783145822
-1097741522
253638963
-143318351
865992980
799254214
-2043015054
-1064709053
418972637
166111468
-1963892326
-1518418795
1809391100
-920883352
1150964934
-949164873
-1946335510
-441707528
-1466519268
-788740639
-971557103
1790888380
-367347610
-70709391
1483685759
364801236
994944994
442749236
1304520918
1362815047
1622209109
-68667932
-765915769
2116392486
284723045
613833201
-972070081
463470064
-481313752
-359708029
1864673184
1502451000
2041293047
-761040704
1295180852
1122920069
-1920659320
1602612554
1274314142
-587021704
-933157829
-103045109
-1702362606
-1516871884
-1338918476
-1044047820
-2005013754
-1210873351
252364201
-689043326
1167345193
1642417938
-684445700
1394531266
-1227916908
414825457
-1518578420
-117500521
-1294035137
-660365416
1293994055
-1653527685
-2085817419
598568249
-1075303421
32236035
451539979
-681237216
-1285475698
565557862
-966047986
235104208
1994923139
-1892993985
-1629684293
-1739712660
-162183073
562096017
1517696755
1756965721
676112211
-620840180
-2053090705
2068748832
2119117659
465681038
2146033392
2064678296
86803086
702960107
-1954695237
454481219
-8080457
500494321
65668420
-237204744
-152145883
-460892762
-1517677271
-1505387070
-1269813569
1513952723
480329057
-1843226872
-1035508645
1383729349
-1184612683
865316333
509242703
-1903052718
-1206789522
267402489
1952906311
1185875994
-1861054641
503148024
-1534582184
-1569219058
-131943995
-1534509022
-1278458795
-1302409418
-1039576228
1412254843
-2067492511
-1850469202
-1181635211
-2125534083
-2088972603
-4895503
1436812086
-324491533
-1711043325
598560089
1320562369
-956102873
1687689771
1235978214
-1063563865
1048658495
1746191724
719964478
171786398
994594531
-2021570579
46224116
507638386
881677091
-1205704995
123786764
-783705543
-1870492520
-350674232
1619595710
-1282249526
-1889003832
-772470740
-290579846
-1348374161
-1233636402
-574458548
-298349268
1968664025
1354562362
123136323
226112192
1406410068
1415025462
1361752155
-55978008
-1409734853
-1734387735
-667909729
-307602148
1820428461
1057068319
-686759506
1116947170
-692492928
-739199447
1865965266
-1389808049
455963765
2025590785
-360383920
-473603635
-1620542803
957852082
-1739566335
2035975709
340298332
162375414
1582916897
1120149407
115144891
914962720
-1695943834
1938562001
-1889976509
-893044164
1723919700
1947722517
-239584233
-1528375692
-1811126577
-1695171914
-579959359
250537908
-1185745679
-418397396
-465451487
1152575377
81101853
-1726343521
1464225953
-256337050
-1410335916
-605697111
191063981
1306386112
1267744966
1436213344
1473373538
-322424837
272659372
-1955114605
-1475331195
-1649548500
-1497731244
114418258
587333302
1539645249
-959976579
2030262195
-1851756316
1573063015
848547300
213986515
-335233277
1352123051
-1446608610
1117848347
-890509828
-717612061
185623720
1143755460
-1453362459
1512055759
2103618108
1767907228
355308145
1932522362
1565013093
-1477659127
143532970
-1446617882
131418709
-163204018
49922525
136798183
-1128385290
114484237
-1642923564
713460047
1368529214
-1785288692
1288773194
-1844207541
-2112314425
1286013499
1646227355
643450380
1386633630
-1105037835
270174907
-183931991
1378132570
1562004102
-1522445464
841073219
-3678352
-1098911251
814599587
2027456873
759112902
-944007198
-339895717
980311998
-1093769595
376315161
1264126827
-368051751
-1870843853
-1405025592
-1987902777
-1244601492
-946784000
1456147047
-1970597647
-886133081
1127049567
-21459530
1809745584
864892382
-614259240
-556608764
780955140
419615592
1686958876
-76422739
962305620
-1210731574
178702169
832084707
-760127511
-1015437803
784964815
45292209
-746958177
-1729098100
-181069405
1256957245
1227787225
576839561
-1381277453
1149936717
1361387445
-622478176
261120298
1327134987
1778026880
1541581828
1484731284
-1655691764
-1139759252
1503787561
-65183436
759567758
1466318208
-391564373
404562133
-1012498431
913257423
1805605230
-186850722
1345795784
-1971977236
537834245
-1021068438
1896929088
-1314780772
159834967
-1755346664
1172810240
1883613901
-54975617
-2084381922
2121052770
164793031
-245184524
569244708
1513206338
-2130625375
410547177
-340808881
98772485
765274357
-1371103498
1444895515
2102885597
-2143511850
878858488
-1273230995
2082672970
-197646334
-410044364
-1034418968
1934927331
95676500
-2140242494
1221276543
1526098518
1740648571
-585368536
686468682
892062892
-2067872784
1008057412
1184745117
1736743633
-1802194395
-2145133457
416663638
-1583204269
-939502854
934626783
120524151
-690754454
1642993268
713544781
-1856555276
387681335
1042160560
884528087
744333004
-1822685872
-1827159275
-1866139353
-1227860131
1418169468
-2088259640
550320083
-539407372
-1363446598
-738726812
753408774
884233891
194245256
1285105386
-1365408672
605052759
-1696444575
-1630586890
186971419
-444934103
-493596282
849504564
-589511314
622209780
507763713
-598069487
-1829573067
-1093604313
1087507174
-308459083
-1835120431
-245569829
383864796
1522434351
-1580111540
-847096281
607539931
865890546
-1774291263
1667030963
138386230
-1695672705
253076986
1104487307
1803568348
-834857117
-899794342
1317205301
546981338
-9833884
2053386493
709988869
1954088995
1973784567
-894240227
855664814
-639280237
445572596
414704823
-2144319972
-1445460943
-1478843764
-1196613522
-715785343
-1687131980
-1244261766
236485038
-1779904082
-1597430456
41268856
1178022932
397696419
-918780271
783498228
-1000167668
-845510040
-1303957265
-1677341437
-753958725
1552673822
2119661572
-251991147
-1715219681
-1169575856
-1866716558
2040876010
-1082241163
-1964654706
-942811671
704275012
868963290
1948967996
916047712
-2071029794
-311775435
-2040526169
-1777972319
1252743964
-1103937709
-176755112
-1361316853
1387888387
-955265709
-1914189651
-1030233197
-1834115606
1589824579
-897526620
-1532532725
-1395952783
148168203
2106178554
2028823463
-1460641358
837567113
1023951220
1534479035
-85682761
-100035331
1626651771
138918345
976584491
906525607
1744976366
-1383798853
-1458335917
-1232523858
495408691
-1510901652
-1327992002
-1521355964
1314006159
-227511444
595213627
-1450834938
1006811064
-290102524
1552101770
1627482024
606936999
1010425719
1097673303
1610595537
54325425
116001419
-876951837
976095811
2015471576
756989767
-703079932
1738931774
644644958
279214589
-1402090545
391331878
-839020901
-990233462
-1536171374
86620259
1122448400
1340338907
1139713800
798880392
-1962131269
-383771724
595646407
725548470
1248744876
-1127695956
1912840189
-681349310
-932750121
367251579
1465582939
1104243605
-1067308500
-198708616
1039581520
-1553737388
-1118594588
-1656905124
-2110850694
-80928064
1635172382
1863224651
533695321
-88463010
-119276119
306176277
-1738547387
-1424076839
1724124707
-1442495816
-1826589023
-1986281945
-1889705150
89008425
831957329
1380533227
374038897
1831313491
68306536
1766423834
-1256959586
21543007
673188902
-700637984
-1135862702
-1235213002
-761844959
1003782852
-37805567
-836906429
924797121
-1392312822
2046936227
-547656067
-84953872
-325557416
-1669958013
1500722340
-1352677614
-1725179749
-1884986794
2030334922
-303327693
1082981163
-1914830706
1247386644
-909148033
-241253332
-389272080
-23342143
1183856118
-472789193
-1959815325
826038379
904673887
1453975354
-1149399285
-222547827
1443828349
739573148
35823254
2038362437
1101893760
-1541935196
-73766187
819829850
-231345218
1505213979
317308046
-1099244929
1605750690
1716263727
1030734480
1042945496
-1916604956
-1143836007
-1027546874
-372295490
-539779078
380030978
1670291984
750064831
1699099598
-1116059742
650484623
-1925925400
1696497584
-374029014
490954304
879240773
1987819917
-1930795804
1209254412
1044866472
70782305
132823831
-867818595
2100730281
189179625
-1083003473
-413112524
1459141102
-75750755
-1611676643
-511781703
-1234551636
-591881763
256774524
328016147
1637582701
-1507213718
1605901556
569784505
-14997485
902740247
314731619
-1142055031
-1547953636
-1563508801
-2014145223
-1907459624
1411685415
147756665
-1775503453
70881993
-1355392586
612397066
-74807317
-664996894
807988532
-1653808741
349587998
627368412
-1657012678
229301675
1665164270
1807700665
1249280013
1495788102
-1497044774
332935452
-1690512277
-1031731594
-1147485045
260440276
1776277126
645919482
-1681037439
-121390919
-1109192112
-1739075019
1773279726
273540539
282635257
720851817
-425387806
-913937609
-1567245387
1719000356
1100538279
-1285327732
1617568194
-821794054
1824804718
-312251410
1144198825
69341811
-1084068054
1825114745
-271582269
-1772133561
1245785531
-285223543
-1946865666
1861949128
302662735
-214262456
2127621345
-363478369
453248773
-1402810232
-1817022515
-337542470
2109602258
-695682606
1495528324
-1022505339
1693929384
1433532862
1122778607
-1275138729
155957204
-1377512828
-109787621
266583598
1360338343
-836495149
-329402748
-1498167649
1622621784
1291378145
-86421610
-632636153
-76269272
-1226561854
-704876944
141951494
1429700039
-1343994627
-1345700886
1641790766
-994657034
1927193692
563955673
-1914007306
1763622765
2004361732
-974089071
-612623884
964445950
20136132
1622103723
-775705269
1685020153
-531837263
911895815
281414241
1455012050
1665454066
968807700
-617745451
85921281
411747031
1642635086
-669195344
739805225
-1751019216
-357423096
-1982443815
2085271164
-1182743844
-1576560533
1092037582
532651869
-432159329
519238590
-1814908783
-1881351866
-211722695
-972737305
1546157023
1629998571
1476040371
-2064302032
1089969575
-429356129
-1430143493
-308957874
-1212861766
1792919799
-1196208973
-892424801
912558014
960167596
1622393669
-245787981
133822312
-850150459
1883952442
768588046
1951463401
-421160971
1066759628
309779242
-227472472
-551262143
-730621511
-1789849406
526682418
-1497196059
267371097
-90767795
-1600164242
1500108664
1378592242
1160181960
-836521195
-331981746
704547147
769401272
-1854681504
1493801501
-215540098
-1871921297
-633641982
-558951198
-1313080046
-257993331
463555672
-1206347515
1352861513
-1717943863
-1531614242
-1448792133
-1937157963
1258938609
916458981
884503979
-94741999
420839471
-748702078
1310603219
-1999718835
1155243661
1799200713
1695578797
-1248367382
1471300282
1290819131
225726349
556576136
-1410307826
1072113788
172235852
-1113872196
114413003
548429384
-77317845
504930855
-1202284635
269970088
-293009168
1540853699
1679074947
-1783132832
1134817109
436132480
-1459058041
26384299
482265506
-1012067313
584083276
1426245673
897830296
-1790724612
77285230
-1252396520
-366349679
448151042
-373578674
15688642
912017636
-658621542
-2123094506
1702969398
-46865522
-70638891
-813572102
-1813692358
1372207118
1585838187
-1185444671
1548750463
911743119
-1875236078
624004995
-1892044010
1023126604
-634507756
-1268597580
341361186
579602991
-1878939365
162934624
1519731151
1217354171
1120424271
130199224
-596673662
1759944236
383893410
-1244633140
862334034
-355954723
1917311082
-1128661095
-1918187339
2001086440
1101240367
742277446
-1289107586
1108984339
119626182
1959259306
-1126684666
-1943275286
-201660002
-33199855
1117169577
776445991
910096985
1208115264
-737256844
505971034
-54341986
521242037
-957244644
1688649413
614738988
-1426780622
-1404598735
-1954873208
193915955
1536727932
1981248658
842387453
828030174
1100456032
-1842534109
-288963227
-1882527692
-621313802
84256189
1956015043
1367553056
-450038999
478141286
-268435704
-1495126067
1090020214
1407953345
-1322882961
1101169207
1260216819
-574299705
1794252074
-1272312321
1790270354
1376731063
398181182
-662241666
-1424088154
-970747829
-821968726
445125147
2022248870
319649068
-1396369201
962508257
2067248945
-40076122
772553739
-720452021
-759205294
-163413857
-858739290
-69662366
-662872060
436502725
176595953
1493874185
452489976
1348627462
-1178859860
-1569874793
2072490645
-680686267
389967784
1094304934
-2005998017
1049399113
-401731155
-534604758
671363291
-454603783
1163766173
-1087974460
26566803
694409926
1363008984
1080829016
1592522454
-356412825
-1349210142
-1260144164
1639656610
100004300
635954243
-1124110477
-1154255099
-1430608820
730563758
-1499756358
-1112846368
-1854204640
-650911643
-1364020128
-922401042
-37534188
-1929597221
1756832764
645373700
-1673994885
-1527957350
1338297626
1473903513
2118295394
-266622361
-1936840810
1575084681
-149830135
1410332323
-1222247123
1073681941
-519836274
-1289164557
316546640
739576622
-1098152213
1473007651
-845410245
1415512050
1513621026
559243847
-662566842
-1969195402
-1923727434
-381501661
1054591099
-1046734906
-281761443
861385932
-2027671193
-1528347863
-1751223822
1081780878
-772694731
1808846249
1088136368
877975056
-1864083464
-1032473135
-810300515
-1219125578
-443299513
-192491592
768853315
-1946266810
-483646706
-1947292354
-70336091
92345805
104311203
-222869867
-1493329295
1762140611
-1976833769
-1081923837
335477361
-1599549331
-1258001458
-1897520667
869140551
-1990721662
1941554770
1445319670
1452050521
-1301561839
2147290211
631928017
-277304823
-409967711
-577961134
1324137652
1079374889
64320921
2096866702
-885661050
991167662
-1478951198
-1072706689
-766314982
-34269277
-1268892214
307760530
-1968366923
-64911009
939969579
-1270795372
592209357
-105592839
-1867274804
-1185692348
73623059
35874812
965062918
1751224354
-530737485
-509521833
1674292650
262485645
-1639234854
422195607
1973792290
-1268573172
1797889400
-532825001
-1425768747
515654379
-768732857
1652837110
-819093552
-1000804599
-383251190
-911740278
-1403865950
949625328
1165807642
-939970795
-564818298
-1671543770
880081694
-1372217610
197145799
727093186
1053550873
-1053130334
-1500868768
1857032257
1072501929
-1697387117
-1547855902
-710128742
-1119089268
779415936
-1617021798
-638392177
-435699097
1320424653
-1844960782
1478944325
-288218430
-1104483516
507743767
719272214
-702456489
1427025925
556157660
936108198
20987531
801315771
33274333
701352756
1478980412
1091037712
1958532839
-933684686
1415689149
-948649374
1892942999
-773940202
-354870498
-1057065034
-1522630848
494047090
-510906704
1937495020
1402444306
-1934359742
1426938311
-573611468
1169697399
-1822857084
1184358849
1975446720
928433600
855386382
-1632528825
30974395
616281344
-1190766693
1107345874
-531557511
862307128
524471590
-1972232591
1388611567
2007714228
113330043
-1774005560
-696693916
1966415540
365255946
-1791050917
-2140669336
-2048439731
1435523581
985891852
1328150277
497395089
-1589421427
891114978
1782414644
1470154733
2098738833
2027560203
152177298
767157970
-905637289
217885476
-465105581
-497906792
-691558217
331954614
2075266678
1523008414
-1181572508
259592451
1935723322
-1423790411
-1503097211
-491038973
-736169520
-997683266
-220901244
382028457
273577297
-575749231
-1854925020
1410625386
2002562289
-1313586656
1134375129
1277783295
-535973259
1678020060
1604866387
699049832
393917410
-1443351210
2042960987
-708193484
1463233654
-1563866327
957155811
1572342271
601635036
2122119192
862910295
-1515707588
1836612250
449940338
1979054649
-2003348172
1079393997
340962749
-686667796
-250584498
1567677464
1470863763
-538425649
1335744144
2047704026
241794758
-581493619
-874243739
-327499106
1088320458
-223785550
1571051424
608046039
-956851884
469189250
-1619686975
1563176140
434066494
1181533445
638655094
-1571360047
1651425709
-1373647770
-1192955549
-23605065
989841781
-851957379
997516837
-401379451
677606075
1812785322
-147726444
-1046931865
-740925733
-153781020
1393369928
595336678
-1190687092
-1596323823
-1250780834
1555358297
-706489022
535778455
649922684
-671487590
672833235
-759147470
1776520721
1314467837
2088168285
-365938680
1196414689
-1394290562
-2140035738
-12749318
381737920
2089122873
-988760509
1014976316
-1726601571
1429763358
-1250394946
-1579373529
-1776557118
1210449892
-1848931854
-1280024243
-1523563687
1096319294
-1840330630
966537677
-31527119
-1448363444
495350218
1029513961
571971778
1057937492
-933071396
-970394411
-680467602
1403734961
-539543282
1869468881
372846345
-953312758
-643183542
-479552391
-1549072741
-410214457
-50003097
-252235173
-1078773916
2071917761
1021251022
-1088823350
1041421343
-6985672
-460491424
-247746575
-58218358
1122813961
-1000364137
559623210
-183901914
819488544
-822711061
1002310032
1188424507
-2062936278
43053686
647470034
-689581793
785615247
1643006426
-249355958
2028836534
1097354143
552371042
370031693
-1860019652
-372846069
-537082265
1308700100
1967930689
576866198
1628834804
-170416901
1830771189
-670166261
-280600660
838219961
2128103589
910641265
1235012332
441834895
1776089477
-1710786179
824462892
1251994997
-2048203089
-1391486649
1380617386
-196438894
778560107
-816781504
-1701638583
-548489382
-285538895
-737864349
-1105052747
-837966370
-1796766997
1130765739
-1145472821
999174238
1610309886
-1945535804
862978360
-39980765
-629120373
-1897285627
-351638689
-1612914805
-239231631
-1570468708
-1936919168
1317437541
343705238
-366807542
-1765605099
1898792830
-1158908441
-951843374
1312317567
198311548
1735124636
880432748
-708355358
420103401
175044544
1482120064
715688524
528907666
-1590759184
603914576
-1356859364
-1451705070
-817442974
-651079819
-88794207
845385129
1125981993
658440909
1973001985
-521102255
-1673812810
-1101442381
-1598222756
-1814256877
-1111909727
-1023650447
55170352
-1677253482
1843759017
590788594
1529490942
-141964040
-1683492615
478723259
-1762006995
463768544
-639079251
507491868
649340975
-1031226413
-1647126381
-254644318
-1816492574
-941692217
-1770866379
-1441383729
-221958856
-1199040523
1459029271
1869320972
1763829017
1087666931
1498472508
-2055435042
-1801314169
1433872385
-1459352593
1343652952
2029420035
-1608571486
-433582401
-11813168
-1741137617
101959534
-1559930678
10548181
-448245068
-960798170
-1012275138
1591079263
1202909797
-1093620471
-1568329188
-132657336
-801454172
1954309221
2010338111
2086561275
-2059817980
634257776
1201393053
329120874
-1124004817
-1352164520
1535661515
680616261
1551588106
-1579268713
-1088654138
1617945448
1875841814
-1299087476
236913135
891674004
-2082084327
634489159
580041047
-572667551
-524215556
894808484
1370190397
1276317043
1605233143
2088825242
838973908
-1857619220
-1812216086
1560570068
-1591814584
1174646305
2064101902
794070913
2006414851
-1117796721
-276379956
341782888
562794283
1542531599
-701230868
-566393282
-104451217
759973705
-173797390
-713098437
-1474274301
1662028646
-633172796
90079722
-59379224
1264189193
547726736
738031680
1856804464
1031487103
1034630124
-1176732176
-163581951
711082292
-75239106
1450953469
-1195409639
-851598232
-1490944675
-594420848
-890880111
-1071682269
2025237368
2011202827
464820773
45446502
1715845430
-1633826723
-1871091149
1308555426
-149793761
-1176046185
1413422018
308933485
739021113
-116788033
-1596054075
1564101235
1521236726
-1680226332
-1807326047
2043145386
1192237389
-436168078
2107971821
-1035967287
-1643702234
1771237831
-64647560
1030458874
-1977946118
-1085484283
409382799
-759537715
-972409670
-2145717718
-2103441281
-1226701456
-1382420752
589250141
1712652120
1488237597
830808868
-1769906295
-417512460
1527575763
-1361908864
626063663
-1074414537
-726182584
-750647370
-1161247112
1778217111
496088093
1778583329
1621025673
2033597662
1339464787
65564970
335534106
-283555538
2029937661
1858506733
-1332267191
1011584837
1443299895
1060290843
-1008605013
-557912062
-1366372266
-663981791
-97292636
932224296
-1338135968
1312302217
1939389944
-1849828512
-2084887874
-971557983
1851292321
-590061436
489143599
382540889
813280738
1431556634
-1627757312
-389181839
515328412
-70637538
-1769827718
-2042849837
1054346463
470611971
-1469918310
2145158973
-1832411708
1267592188
-1470190585
-740584670
1917250681
-1058477449
2115108928
103621330
1205285788
195998185
-19431404
-1506188328
1810115021
1515646160
528925783
-982538846
-1402521475
1097925109
-1777724462
2079223143
-662254580
2061182194
1851196283
2118018117
877793555
976972531
-413899291
390824872
1776988925
1701767104
-2048180743
1452942322
-1737265188
1751062266
103262438
-1838427816
-818702983
737023396
925496149
1247939338
835500973
1672376293
-570995231
795562134
1650544622
1713604363
675075270
1806246286
-1520450004
-745286701
-1441866025
-289156249
-1718648099
-1337554713
869910453
1527472548
-1019620778
1285183911
1331210557
1947376691
-1944420003
1744529707
-424036286
-2107353066
-1872172293
-1214601848
2002729084
-943159739
84119445
791221075
1697070015
-964078382
-254441155
-1392652957
722706543
310820430
-1389465275
-1808417575
-1781595342
-1763103893
1262127893
1254640996
857905128
-2060842270
-783136706
-545480255
708582871
2083750806
-826967602
1885277313
-1293786326
1053205753
683131621
1846464782
11144092
-1989559890
-1230430072
-147296017
1243844208
672571504
-887186764
839977290
1712758692
1559973681
116159158
1944814762
-1989248923
1780278406
895771321
-381115134
-222448955
-1311773887
-1082146144
1196370418
-1418220373
1543418975
-708401642
1521063752
375957002
-631182556
1950500834
1268473800
1440026196
-2108307580
433739391
1945598000
-314854095
-498826555
-1973291541
901682806
-1707224468
-2139295135
1636993727
1892393299
-1595205331
2093772080
444572287
-682028028
-1864414611
-1432789306
-1947169485
1284659791
1837234853
1503276313
-1681818570
-904894269
-1416593720
1029854311
188168781
-1588521660
1545942132
-229974698
156094715
-1322454074
1357814115
518623580
-1883525358
-1119372456
-377756121
1721536865
686302349
716404580
1705779222
1910911649
1638746013
700385589
413652610
-2035333673
-156592383
-1116947016
698154797
860105879
1936649626
362150790
-419977733
-1119657733
-15361218
-1920119519
894002153
-1879420030
257668811
375409533
-1346580163
639091508
-1645216385
1710173378
1947297535
-1620511736
-988753017
2066217808
-756055129
-1094097014
-1380894251
-1341146877
-1372879081
-1262289992
-476656330
-64752969
-594921013
1255576621
812655267
1229162510
-1794641074
-2008829567
1594102998
-352998544
2110206959
900176622
-527444192
-1076732333
1273144756
255000119
2037571961
658501052
-458639217
2009016772
1688537560
1726821124
361647567
-134593263
-396075323
61381855
1635591897
1182018377
390960939
-592427878
667028247
1707854893
2028678002
-141061213
-718022353
534198075
-252417075
295910734
-1552681096
-1247890165
1714890704
1917096149
382719913
-1767533829
649837380
-1654036575
1493860819
-863927026
-1352887234
1676030919
1497324176
476824081
2131199598
815002324
1315870844
-1383776769
-1167032396
437520589
-1638458140
-365320538
828535288
1070090097
-196566083
-607975799
2085914170
-592599616
1859419863
311046664
1689709799
-1733530688
-1762504622
1530815166
768335727
1356387966
1653700688
-1186945750
68593427
1833662546
-555275796
-106562416
1337179395
132700519
2136234858
1759338785
-1349888089
-2031870854
599655854
-432735143
1635318076
-935285790
400910066
2118928296
61068195
-1118620977
-336249677
-2043219628
908399989
243427030
-1605097236
-1360090211
1338799194
-2071173716
857454214
-504346079
1167886491
-39998671
-543772402
-1094528639
411684340
1574101936
-148847704
-68330171
-1326948945
1955536485
32281411
-1765081092
1882371565
1050944575
483706893
-486932057
-240836026
1222833894
1387248169
236331096
1171167636
-1954104322
-219892321
1430501141
1441867020
-1253271379
-813889132
-502534399
1192830093
422527323
2044352186
1500012221
2071200828
-471514696
1507774729
-1931559925
-672909488
-1028833022
518744238
1215529908
-178680790
467912327
132320835
-482034772
-296604248
-2020457879
-962492863
1644966771
710534585
-2099290463
-146309198
-1529157955
1487041844
-784016315
-609951190
710239828
1093211365
-1846574835
304449271
1960012605
243954665
1928452371
-1791766121
2135095321
-1561868485
1463472345
1732762474
47295694
-1252737394
869100432
-804182360
-1989857178
879719004
1556552087
328469652
-2045389514
1799397182
932606785
-1544332559
1785518914
-392969602
-1784914981
1026675893
257553632
1138486250
1703792876
1455327740
-773197414
-1229760278
42789310
1280981823
-1610435752
-1672401707
39045917
1846754245
1862717886
1378998911
-667643042
1626900312
1736806355
-1813769450
224232098
1727790908
-1941829662
951406126
-805248164
-7929251
36090276
-2112471271
-1762363632
180606150
6858399
-834614404
-162239652
315722330
376457416
959338270
804395836
1866426557
106114927
1199995139
-1206443896
-1417153390
956661339
1092316601
-928417342
1880301035
2066156340
336255729
709216270
1506426877
-1867320031
-68241328
-793712255
-708843501
2032046769
1391686023
-2041416803
-1743218747
1323227646
-765094496
763220508
1853945449
1125754639
-1634031717
-1637347860
-2108611128
-1296399234
473818169
-1442545541
340012564
-75965862
608375062
-1662847180
-22694631
-136861874
1968089341
-707916984
-95980365
-1358616574
-1903953545
-1164922447
-1850530689
1124274369
-1784740443
-432650381
-1541092651
-756662949
-1035386289
-1215783388
1378134261
1518795596
-1879736516
281267375
-1755892097
1927893533
-813657661
-894449580
-745742296
-1187582454
-1885760350
30149106
797081003
-207974172
-1077030643
1815724936
1801368316
1441213752
-884890358
-2032834055
-49827645
2045972401
518060795
-675768562
-433059832
1261550266
1751590524
1080657857
-1129282262
-1063430041
826751599
1653455544
-1632614891
1705698965
2004560980
860451599
1182498739
1628602703
-808363811
-875682982
-352541022
-2132316301
112541121
1563821289
-925700312
1561449876
-957776688
2062245709
3954787
-2047462622
-2039055289
96355355
1152956100
53808584
1785870437
984859375
-1079086658
-802197739
1601903165
1606801844
-2035226439
530782301
-938940467
1585161505
1536406348
-1216638751
-1470881456
884315526
-948621140
-937201107
-2100994096
1736551368
1704860254
24352449
1558415614
-1098382679
-1229255116
-116125965
-321852347
819996748
-1546632330
83689491
1473551644
-1977349128
-241770658
-1492921904
1684971163
1620935707
-67724087
1581469145
-1823820719
934785170
-851068116
-554461753
1397681236
1554890023
-517707580
724636473
-482330984
855951450
-295166959
226477632
1883807108
1257697892
-237072252
-355822083
1901065154
164747384
1542937206
-1955297399
215026518
-1280638901
-522303908
1141636884
-1092433422
-621742122
-1669335239
479096656
1221439111
898116954
1435859027
724376335
-671376353
1955513252
-211110359
594136362
10026473
1540548242
752816803
376220325
-1373923179
482042837
56526987
-337476848
710188258
236620792
1703219772
902120239
1207488372
-1419796576
-234535016
-1822003747
551737834
1109085460
260466494
-349323475
-1878976208
-1861221889
-1463992580
-990093871
203521297
-1873865355
-934893693
323436223
283331855
-1569714637
-184449191
-1258184943
792716918
201296170
-1458466541
144357420
-593967186
68650046
445853890
-2032135644
1732934865
1206587722
278682797
-1379395489
799621501
1596700007
-525517504
-1925262217
-1924830230
-1060177810
1533993029
893973348
530773310
-1692473158
1120758609
-1552975654
-1066355937
-9922766
1918796160
-811023120
-922675574
-1253585018
-1260662684
890884098
-695237662
-1547726665
293926969
-480984873
-33908660
-213710371
1505444702
1734885637
1363996729
868949796
-849551104
-211471469
1827881795
-1722762473
-1567844584
1026994656
1092086077
-138121184
653139862
-452824380
-1836508028
-2111820209
-1943100194
2114322420
1863355803
1723339098
1932792179
-448307797
-1871176713
1908116196
398796529
-1649014651
14731286
-1507300094
-181956544
-876384851
802042581
-1048209158
-1437572346
-515358406
-1969603069
1741903437
1293337693
2013157078
-366370256
259757559
-1231051578
-2094210912
737381835
15508980
1261750108
1386166355
-755261077
-282257146
1948813388
-1478715737
-411116180
-295704907
1183520388
-853975817
-1626778434
924583831
1821185194
-1983851229
-608978695
434835921
1421268303
1962970039
-710601805
1769380317
1490724452
1638705228
1726365973
472144780
572252140
-228136914
1817837484
-480415922
516663794
929570622
-2004506244
1740443569
-1250447938
317088538
-1425806758
-232279257
-1114233277
-200260486
54265723
-1030521332
486409178
-717767971
999132231
-1437118234
-1592715467
-967989660
-590778253
-1318717715
-563513459
1132006396
-1244722354
1613707470
557488158
648245187
-642488230
-2093426773
111788244
-863637084
-850996963
-300043162
-345448890
-1873211325
2083102777
2042734367
-518398749
-1224526304
-2086227526
-1989358854
-1313864854
1371567350
-559610705
610877989
-1318584161
989860708
1752130043
-1041582567
-1002004421
-1394945841
2084445292
1672943647
1184455459
-917568635
-82559476
1836869141
670250717
-543296218
-1716406601
-1288210575
-522999745
167256383
-1168023571
-1395911034
1405906281
-1856226761
-1954354711
1211034118
-1361669388
627513454
1226704370
-360320313
-2746261
-1861159006
-2033360400
1269604809
458156025
-29972843
1428506945
-1294677384
1430590820
-963408660
61013709
-154274515
1030592569
465283930
-1687215017
-2062494214
1618212169
-1225590275
-116473066
-1606095962
57445203
665962759
2026097028
1305643766
-606963966
41682849
1679233653
-629941714
418071065
195794187
-200062614
198934742
1247400428
-785645561
-1671872474
-1716514879
508381457
-316123017
346786178
1049060683
-548417448
949090117
-233280131
-92433951
-2122024201
-2123276158
-1547269481
548864197
-530400759
1147184081
-220612514
-1479153390
737219385
1956699910
774569800
1600604926
107482810
1899153161
2062006723
298581343
1145147514
-378250496
936981130
-278491280
-532148074
390342061
1800885306
-1658912044
1987864335
1775022355
419315236
-505830950
1658855102
2032210015
1969738340
-1265732095
-1885502587
-100817914
-391671502
-1685904705
-1612324921
-393315286
-312978057
755050621
-1116627687
1666121026
787531427
-1627466778
353713209
-1171477768
824253
-1110352543
1855543358
877739349
-710554693
778239195
607332625
-1902746597
-132454637
1724904905
-1579271909
1743248497
-208447855
1694097261
196035135
-838943547
2015210347
2110827863
1866688010
506141421
-1677742958
235224110
653145385
294613135
-1318982326
-976132432
-1199818213
1417896387
-788154116
1774053110
1418132262
-1677080074
-1488099253
1645119484
968009615
346043153
348943204
1174498144
536667140
-244573479
-2129275494
-1349097622
-1496880547
606907032
-623602127
1281343820
-1279233917
329106685
-995915143
271435690
477498032
-647786944
1205249310
729485659
-1484718888
-396111223
381249214
2039964785
-267997338
1524952722
1139491772
1307281782
1981365035
-752869750
-977530029
747671289
-747126637
997152572
-537404435
622412104
-979337703
-1692594832
-172846923
1326766718
1464424956
341741457
1956222059
-1430376769
-1284844750
1298650511
-1118169738
1169873090
240422301
2081549062
-1375168705
-1610470769
84012412
-411347041
-446219076
-1875122551
-78088669
2006722998
-307386294
1029899439
1986060270
1044219709
1145996479
-1653012450
2066159987
1365174495
123997119
2061150425
1560061942
-1022270616
-500294322
-2087791155
-1852040415
-1871469725
1705098407
-738897138
2120452084
2130673412
699598411
-926255002
1523007226
-1492893112
218100572
1875498001
1216164285
-633923238
1813216810
1922151873
1693760379
-806011591
-857867250
-519707161
-1867136744
-1939224938
-411516810
1603276084
-478323625
2122533634
672685377
1182830685
-1633843644
1623435336
1349653581
-1967463394
-41388812
-1263099369
638471757
1896127874
-1916297103
1317156324
-1739904289
889111136
-148266258
-1882339058
1232043485
-683336152
32598082
-982805182
1264569842
463970015
-1769709421
1543632672
1603020912
-1926365593
-1078154671
-207060194
1808195169
-774489084
-237017242
-1958280020
-1205764389
671263259
-75058773
952290201
502178456
194286651
-959323491
-51844171
-1696834362
1962721633
388375120
-271953226
-704355046
693851767
-1779142237
505993311
2097958698
744283422
379167668
954379486
-163486980
-1692765523
29358742
-1908684427
-1891570983
1461674872
1257331521
1891321693
-143193497
-1038698924
1518619850
441237734
-1211403530
-238588838
-1845676333
-1833688862
1182042393
-785483541
-727674044
409240644
-195113095
1928443381
277481274
-659484157
-98587931
-883468173
-1587046593
1649995075
1783092140
1084336442
2084006588
-1981962825
1734019118
677840369
106549931
1948633664
569889968
-881168800
-516913264
266568154
1628669040
-663150098
-1717611863
2068926136
-2015653895
-78245532
1330746979
408248236
-1542513480
1451501815
-34903536
2000557004
1371038158
-722684284
25443543
-1102015406
-2024339930
988770333
-751553557
-460543804
1426705354
-998383933
1633466368
1989618004
-1957225358
1195127157
350742009
-806440056
806964062
-978469783
-1069426971
-1096514275
-888364955
873703576
-913706196
-1760714455
1690992716
-1257728128
-1096170235
1568580479
-1545714085
-1555284187
-1159594454
275179094
-1454005459
1943945816
557163727
1531305516
569873608
2008533307
-383345713
1296027623
-1066775571
728210947
1119222312
-1295694530
-532573520
2093797887
-1899108951
-1424825514
527730762
-395825446
1768023273
646285231
340969004
-1199769572
-705831813
1947782977
117326424
-54673162
80423775
-1859884062
1878033132
-104179138
-749299013
-523310102
1986459391
277879991
1096357066
2129844249
1526433968
921572246
-154118381
-425899081
-1855210373
-1861039295
1834226654
-585405700
-907939378
371312729
-483969309
-503424078
-1556506404
923462394
1657553220
282305560
-1645186640
-1939979711
-1947275075
-724954103
-402380668
-1282730994
-1998281190
-681993123
236774226
-710861558
-1977073944
-1551452017
-1420127061
764890347
105731695
-440381792
270804936
713786102
-734912033
1994467642
380951006
530779845
1844861896
1573679127
454382774
2137782602
1756426959
682541731
1089691260
1343969811
-2042269794
-748431136
-442223914
1225080015
123029020
1847250569
-1395992264
342809360
-900168226
-867074950
-203617162
-1146868142
-978543140
1122075726
1767278490
-901374405
-333502617
1516237385
-518796297
961990436
694545498
-205874824
1967830142
1994249431
-313222001
-1374908906
1411934799
-1403630182
1957947029
139813425
-629043565
-927651476
1554311071
1179977869
1970974088
1526079886
-55105858
931693000
886853340
1275208772
-477720750
-1335773250
-1893255361
1521105116
-1256579394
-2104022226
-55398605
2124292079
-1735181990
-1609672803
963109670
670446566
-1756833107
-1901203078
-95768383
-1805890113
2036929755
-2003606910
372340098
290959889
787387228
1442392166
-1122848120
687622733
106894574
-1026426454
-1469539923
327003718
1621299404
1408685263
-828909607
-785726990
966130464
-1123787340
1145581717
2103372657
1928453301
1659252024
-1636647202
2017600847
-97504784
-1512769756
1876094779
855732486
2099594496
-1703499192
-777746671
-1128436282
-1145407660
-2095190301
1265257782
-1375398025
-1568723379
-1575442617
-1256314941
160363006
823088949
-1428990275
-1008418003
-347921217
-339102098
328307365
275519126
-20100510
-650152466
584704481
1623021920
1293220058
610903786
-1128944012
2059419139
-664255069
-1270306095
-2100548251
2050393632
437504586
-614680709
-915840791
-1579924522
-438833870
-1666848094
-1863280448
-2071307181
-1469877612
-1949458288
558634207
-1487003732
-772302393
-1711144422
-102650290
-427685391
1977240257
-64487988
-1901155757
-686751364
1853822941
9904229
816520144
-2096191863
1704466398
366346373
-1766361367
2086963211
-221520845
1476735396
-1151517975
-1229106755
467535740
-753798586
1154864742
-1935915146
569133132
-743896724
-296146526
186687937
-113656784
1668646733
-1914221773
784965548
-1742799120
-1648468666
1591177958
1267294688
-2041222636
1395720462
1504718561
-389946638
-1808250711
1440124717
594233095
-139943689
973013828
1410605230
-1282805089
1564658781
-308311993
-361871341
1334068279
1240797176
1664644194
1121118600
493416390
348079707
-1948860580
1688986204
-181350640
686665833
-1453133549
640693164
-2103719858
-1081179861
-1598151999
1418765408
1587739405
1670632162
81219712
821562971
-773433514
-1116251808
453361423
1260833517
523895566
-1967757933
1249737174
1123283596
-656789088
2077363810
1115630887
930505668
303190488
-1847029061
1697964230
4375915
-1802586606
1757038828
876697259
-1974798312
1516116627
608022322
538972678
1505667796
-837112266
-821333617
13650562
-1139538158
557386
1109686496
-182104115
1281009628
-2089713990
-333359314
-2101665448
795496527
-781888658
1325114691
-1422508453
-1331554999
1334175729
-174643840
-1604193765
1912860256
-923840428
775536622
-1338990481
784589333
-1093380527
-1837192302
-1881811329
-1927200440
1414988210
1900173572
40510415
-824990225
1068942067
-2134248894
-536543365
1841080578
-2140920794
-532511807
775503300
673874873
673457174
-1126096187
2124732874
1812402169
996908975
-642865935
1544361883
-435037173
482176413
-2036417247
-1366539668
-1594145394
-1772351438
490443127
-1410954459
857853871
-11918964
204218036
-428881118
135407766
715316726
-1737687864
591671095
-1610771933
1829138574
1484282027
-600699147
1650565593
-1855199704
-1273809043
1121154091
1163365402
-1083905422
1615025804
-1791355217
1873833620
654160728
1934769541
-243740578
879185403
1948630698
-1376299859
813813088
1497938680
724846074
1846285632
-897516368
-1002745248
-605713206
969582266
1129219291
429100201
-1369674521
1372093797
84754695
-309292903
-259668721
1893977651
231049782
1120337215
-1611551271
494136269
453824716
-1306927321
1058052310
1266278635
-2133931442
-969849656
-1023361550
-1114645531
240465772
2137073217
-486900960
-1758773366
183993920
1156224068
1110477366
128871728
-1431579432
-1733533102
-1427951340
1208261644
1715935217
33013800
464769036
1431523779
1808951813
-695175560
-1590136195
-1208856512
758630024
-987252004
-1549449791
664014024
-1092045459
1981533959
1566317128
966132811
-783963410
-583672003
-376417531
1309769979
783622029
1153618948
-1271929080
1220191522
-1446665131
-151319781
-467117717
86298416
-1431931035
829959083
-1725379726
-270488813
905338030
-1363703364
-462385939
1616479435
-2136948997
781896938
1129041633
-1348685763
1501388081
-1749037480
-136946585
529472070
-773388328
1537466851
-206144045
1371690771
1321349849
-166330726
-1895798249
-1101282897
1135894409
-1598129554
227863145
-1751809828
1188668133
-1933947611
-179039196
646612263
1817562143
1102253716
-1985528597
-1619274698
854781785
-1296292851
-478966508
-271665820
97999023
1892733205
834196546
870880143
-8836229
1482039130
-1120500653
-2147047376
1066807763
-1782656541
2058024573
-226704469
-1655005098
-996223095
-639672653
-1331181849
-1605774808
-815861595
1173688653
1603641889
-1842855622
-1684505590
-1953562905
-684856067
-900317490
858562357
1304201864
-2017236002
1811886138
732511683
2033786374
799544950
477713387
1874949154
-2132402007
-975015008
1651397292
415664523
1151022095
-1313055124
-1725619928
-1016492753
516086606
-1580169093
-1580599891
987566768
1677193311
1237142925
-1223076302
-1426996782
-197489735
-2131186600
983532187
-331371150
-1919335876
1219131547
-1106395334
1209640374
-1231692464
254745201
1933263769
338098565
291172686
-1623822614
444584310
1112759097
441054750
-610820649
1165113358
-259269485
46122528
556529892
-1544206434
-809814545
-295196849
-1567606804
656537894
31902904
609436324
-1613977976
692440687
-1485755107
932195768
584718057
-669471153
-2103579900
458877612
587378151
-1229078228
-641851841
-7241140
695917657
-732491330
-2094273027
-1861084046
-360703577
-231999976
-307306622
1359755944
-1257229412
903775464
457825306
-1928890095
690308992
-1725129987
789520970
-1597703800
-1366312859
1165833481
530945609
-2110071543
-1639401791
-1505549912
-890362450
-1199345841
-1163055811
-1236643936
1928278634
1059121343
1236936395
-510313366
873937143
295758468
341901822
-1950071055
1481057745
783882490
2023425429
-1437013352
1277693477
1873311823
910764632
-154982782
609697736
524250983
1382428199
-1773693684
-114369430
1974113536
1440629839
162592670
1235252234
289057559
-557779169
480787107
586830508
-484021111
1488391867
12203477
63403338
1743327484
904892719
-490558275
-1903863289
531278591
-111923258
-18328710
-722853974
843957359
788968860
1741544384
-1322735543
-1097868004
1177439090
-1923592669
-1622691004
710979501
1748280513
-1096076395
1618748021
-1368497984
-2097124847
-570469587
1690689189
1982004309
-155487094
-1140783062
923930433
-634264212
-1182224693
-810585034
-1659070132
748297195
1702276858
2139492846
-1586095721
468483269
-197566949
-179410015
-1565340112
519266393
-368688987
-2020607401
-904256745
-2083833065
848573522
1852862741
-311044553
1817322601
-503793866
-1909000097
102426260
533620687
-1540748269
868818430
-1305099584
-183860148
-1165045781
1201700099
-133797229
-1557709312
-1669802795
-1776000501
72382490
-666196458
1592940052
-1186795581
1494107087
-2040709921
-14558875
316245934
-961177590
-982216129
704270743
1244953382
1011853240
2073888839
-1724754335
1290422431
-1869792183
279616547
567706991
-589895373
-1424273682
1557322038
-109551427
-297799078
688619780
676354691
-180601304
980586488
-1402525749
192052814
-551674814
1891146396
1698357083
1065496578
-890343323
-644723194
617863383
336522325
1124418058
1391879146
29841378
-1077582934
1975199579
-1875732749
2146440017
1243831989
1436350214
153276938
-1978372830
1517472100
138953555
320180183
-1096567379
-89126915
-2010385800
236465799
2099768857
1620966019
357140523
1003371471
1508687376
-963882402
-574032775
-710738639
-1473015626
1585126970
570031062
-279660418
1683492054
-1349472210
1299942516
80576667
499604574
-712687071
-235760425
657820295
2011166477
1710881897
-197185623
1097289372
1207362666
1457996468
1555577034
263059988
1226483959
1839754027
853712811
507180238
1392202407
770261972
1318783708
1699184466
736254092
1159465527
-1728208670
631483666
-1793310252
1080342852
1874922062
1019494130
1893812214
1381028211
-1418264310
-931847670
-1477875673
-914292947
-1384775434
678336170
1185650707
-69450902
710208946
57099166
-1643179575
423264922
-1961180739
1042135474
-1269765386
-17916472
1993448126
-512218248
542075733
-1854506499
-1320306910
-645833400
1452267109
-988177950
535705830
-1644818041
1131060317
-1348129368
-1423523403
377910572
-1005246883
922664236
1761492021
220418176
-1744850459
271896661
580937373
-404291548
-529469558
1262959040
-756747638
514226776
1286625510
-11081825
914902547
1580655738
-257199664
1535598302
1308584474
-1053262645
974219468
1490699398
-1248783899
738188409
-140260667
451909990
-1074485268
725800409
1462910457
790334447
593452020
-1279364365
-1146980300
-454228896
-169464228
-1872766909
1690625088
-280080606
1840010422
-187560002
-641095013
-65304204
-256191592
-1745944558
-1808723606
2141238346
550986164
2092045362
2001561517
1009488242
-1233262554
2100254481
-1893994572
570142457
-1132383219
435816365
1939700946
-1281538868
2030873948
-1651381938
-1959872433
-1134442335
-2113263886
1864291343
2045460898
-1804379113
-276030489
1580616093
86384095
-2043774693
-1207046616
-1428221378
-206230930
-314605426
895547973
-1111284203
1433700093
-4714716
-415853431
-1665112413
-1455281481
-1507181425
1587823434
-1676874607
-1878976331
-2011813669
100715139
338423212
-801708108
1339587611
927849631
-1120108752
130912521
-619791291
-498367337
-117721016
1672395473
1817222490
1334811966
-764938027
1586295148
1064021962
1489824219
-729065362
-461208533
-62844651
-1927633928
1573880231
1064630599
876282549
331780729
-1835172458
195513620
1162513210
-162988561
489698194
-1009487753
-105151049
-1684859346
430481726
-1949386091
-131087524
1365613852
-1059123515
121127373
1761092452
2095508171
-94583962
-1162653721
403490097
2139922122
446561842
-1607899763
726907060
702452408
-562809068
-574979847
1173868818
803070489
-1688409070
-1983013905
-1987609212
70523756
-1893630255
-522808082
1588448382
-1526993284
-346495394
-1980434526
-1210712813
-1338643466
1672231211
1909610652
-1439939945
-871290309
-1538567337
1180579908
-1149985147
1767433079
-1458627279
-714039027
928707747
-774545166
-1181010434
188478699
-1016218269
-1837119579
464062202
1326030337
1613167244
-1219651056
-423460196
-1136355681
360534553
626131786
-598535138
-1634730901
-592350367
624967513
-1873181892
-1999166755
2108303991
-180636477
1651363899
-332932880
1047774675
-493382811
-528856020
-1023486442
-2053262799
-202306430
-860393103
1941537387
645623993
-550733794
-1955708800
-1470132691
-1761850529
-963708019
-1694685977
1714031724
203385740
-1179417274
-1781029233
55903485
-1841285378
62075388
1257859908
-1054625356
-204400917
80113391
-1446425484
1238293201
1373179244
1680174462
-1963883210
1368917690
132824345
1413725185
75381902
1186164970
126994160
149690325
-1260130321
-1335493591
-1617059206
1233046711
-895254016
1775473661
1618957360
-1159318187
223998370
-875712160
-496916966
1778004258
-1654260430
-1850149198
-503724360
-1320901783
-785500661
2073827056
-527928794
-1985589339
-1632221106
-2116453338
6424954
-42162417
1977252580
-1321705182
-1412023184
-153199753
-1351308348
1056526954
112601417
881707863
-1608627087
268257903
-1253959953
1671273252
-1770577210
986045697
70659420
1320488935
1024512501
495461893
2000670781
-1129906420
-342134836
-1896648858
-1684308014
-1611910
-638604742
-991444407
1043686423
-1130821661
374817042
-2023237756
-1113266648
-55736740
-818096114
-1697309873
-1291977759
237501743
1803052309
1648080956
251201988
-1204092688
335396544
744480100
-1516470497
1039692750
2047282970
2073867234
-140406674
702200362
-1775423833
-1531398267
2021635069
-1848368019
-478401625
316303040
547407057
285909526
-978157157
1107525093
1996091336
406000145
-1346517752
1965568402
1919143679
14730319
-1754282118
1683692651
1406031731
-397213550
-376211509
-1579297783
2098429162
882091656
-1506213211
2104580401
116764691
-1739113701
1954871108
1799411528
-1845126420
-801114361
1069970560
-898341114
1140637539
1680517804
2035589642
-1373583254
-1143940032
-1169847515
468974069
-1927002131
-862045119
1562262680
2055743096
2043691770
818238342
-1428836913
887060466
1816264604
-176533713
1065195783
514930477
-381367431
-775193789
1754054152
-1229432858
-1094543874
-854744365
949234037
40390540
-43550245
-974401954
1781603685
1179784264
-932189774
2001339511
-52662479
1881901117
-2067446
1224798373
1056009871
-305408752
1507938953
2054329482
190032351
-1332511830
-723044254
1381394246
800859077
-690021316
-654961653
-333609187
-534000137
-1047512445
702658611
-835329706
-2054529705
-1700298163
1916510195
-1484950426
643156803
-1482665925
-1646509501
-1012592562
-1044899796
1458930375
384411823
-128698048
-1398922395
942921608
-668713655
-438955896
-557601731
-377595724
-161610783
1882285993
5623887
816684775
9417331
-1089707578
1628347159
-1451562206
1430412512
-304199868
348224201
-1447797483
876324833
-654807124
-1736855971
-1199060576
-3819720
957965781
1271464174
2059793815
1623935783
80456257
-185178556
-1948763963
395559206
-150751289
-1985917777
-297874125
1735519183
730279538
-1184385002
-1626452310
-1452018148
635521193
-1167426994
977743477
-2007906859
-582549873
-1452532560
1514807146
1236963651
-1055949908
1442598629
-1890009557
-570844119
747358924
-2014646525
356645289
-235581452
-1470964697
-77922595
827195369
537600817
1086671298
1568610966
-915033334
2105410622
1742634516
848184439
-64099706
-78365884
1906254059
-2028398078
1976501432
1843197796
146206352
-1059797433
-366637923
216333104
-1429054167
2121418101
1849751518
321199196
-1554860962
-1066545741
-1402879731
-185824588
1316846399
657158448
-768056785
-810282416
144334949
-629977736
750449530
90623239
-901447594
749788169
753889887
-234883295
2007641646
-1770112986
-630917942
-941302961
-1715559814
-1505923606
-755610457
-1973614113
16200807
-1324407137
-132849752
-184922325
2129199387
-946387376
-394086587
-1243275950
-373676702
-822784356
-1102115580
2132368682
1337060749
-564159796
475584250
317381237
482451350
-1322399448
147789968
31965010
-707968120
1024451973
190774154
1990382325
2014187037
1106585890
1916532037
1045852058
-463580760
-33659979
-248611777
-2031328330
-1864820427
1896178112
899289564
1258697327
-181022226
-1174150104
-1036802969
-1906022578
1508550335
-633733881
-382890666
-943525581
1436971581
1738335680
204386257
-1137985400
-228758845
-1626037676
717126517
-1306532679
691137758
-1734343181
36165460
67863779
-986380310
-1327764266
-1586415296
1887342539
1318105340
904118091
-383226551
-18780399
208125954
105812497
1302647171
1208650148
-2116674775
-1452443675
-1286927860
2122154360
-1136806786
-584787876
-74878644
-1183573898
-323797545
553902067
-151730050
56357044
-702040332
886725988
-782177169
796105702
-1273349664
876519482
-1740008826
-437998061
611297693
628763815
1587237380
23054219
-121362689
-1033021291
1798143371
-803550697
1784967128
-1838733830
1161924836
190885234
777751637
1307569776
-865782020
400926456
652439207
-27610108
-1822413777
84514973
-1555207963
1943677773
-1331199800
-1520567520
560045360
-216804672
644087752
1315157887
-1853699049
1610394435
-256786970
1405658029
467019069
-2073008641
-23391017
582194818
377814585
1185749881
-1447981361
657016562
774411197
-202711068
1028359750
-8164735
-3262215
-18364240
1637187071
1133954806
-2113627839
1589000038
-1542294203
-1782830258
1850273772
-794526281
1058454647
1320911859
1614109311
-1376637231
-797110841
-908624339
-230708981
1819849204
227405374
-953454888
-1024831277
-1246631355
453876482
527724631
-415275727
-891222046
-186317093
-394662968
-360203591
-1932601803
-182539277
1809383801
-2052155234
1657543565
-969394723
-432438119
-991650732
-1396580886
-581548072
-768967118
1444590455
-1069506280
2113397587
-1555076266
1360547819
1442640382
-2036649292
-614028648
1887320643
87610167
614317140
-1908093762
-1942378906
176086753
-1715584562
-211305292
939617903
1208824245
-2025402503
-159386942
-575563819
-1382321320
-1907769294
-1283643647
301434571
336105456
1506064734
26162954
1812169705
-47057159
1932059438
711144177
-317032436
-1979747496
871883045
1659880817
1026359929
-1513361233
605638359
-1063031960
1279741256
-1073430029
-2071673614
469380741
-2013314049
677264700
1427679874
1873270591
-297987971
144031964
53892720
-723596792
638845465
631666098
289424715
-1056242750
438321930
-1160289601
1704945482
-757339790
-1472200696
1751033337
-960443759
1928257330
247785011
-289479073
416097715
722983532
698686260
885085005
-1108343176
-1385929916
285283233
1631569169
-1961056033
-1798784682
-1614419035
-115879235
-442844571
1814957985
462038496
1574498622
562400647
680793026
272430220
2018308013
856457606
526857316
1092514016
471557349
1273733737
1850759926
-956734280
-323100075
1887421768
-1931866977
1744669301
2030305302
1279894726
1435641454
1646487330
1858311743
954712543
-1425102634
603005655
1430435704
751242467
414139993
1258947426
531513549
205953729
-2040747646
443051299
717820612
285928072
-1792956905
-37974474
925714352
-603881685
1065994639
-1972889641
-1657144505
-2023894652
1467219649
1395763714
375224178
719642267
-625002274
1213257050
-501949852
-1100163545
1948408225
-602024117
-252212754
-523588268
-455096636
-1145146254
-558495728
-1933600314
1243112117
1021023547
1918434514
1041545437
-326574967
872515787
-1014593196
120809274
1991740209
1694962209
23148580
-278066046
1799899114
905290615
-1124786481
-66232479
-1769014278
1873767405
-346225478
511600081
47240600
1010178921
202548018
141931932
-382773205
-213942088
-881175872
-2137605857
-516441161
-1057790471
2045491649
644742224
-1849405548
-1971302598
-109162442
-798636543
-1232808864
1324023651
-1577464615
-2120973979
-111279818
1784080210
-1481126032
-733365293
-450910177
-985406649
21322852
424065738
-887870008
-367007102
-1654129260
249294388
2112047221
-263088854
286497894
922010350
493697589
-20276111
672885023
2075105672
669186647
394246388
-180788364
129492297
-1615658468
-887782553
-206743455
1182054261
1261023405
652753777
1869441336
-1199686959
220166735
-1852925740
-168857604
1055974246
-1258400044
-1453978928
-634137361
1281185413
-1156897964
-2026305079
-2144360087
-394244341
1937173277
-575250649
-415425558
81658342
-762885145
1073383293
-703161998
1745929943
-714839733
-784690452
-1101910000
-1672279687
-1458691210
-1338890295
1587021497
1070122625
1390511385
-1918071939
-483918245
-1030940346
-1221419869
152753581
-1594896336
-1144218236
-1576127310
431468954
-105628329
1149086044
-545644602
131813833
-991616097
802399134
1656884023
1059617254
433949606
127597131
315231593
-1452948764
986580002
-1451262636
-1690344643
-916161175
-459219330
-1978195544
-485289782
-1752639895
-2062737240
-2019069843
-1221502644
882713104
-167362519
-381933940
1076118108
232026341
-637273483
2064238707
-646015391
-1803627732
-1602298236
-2021708267
1842354758
1731456651
2058574752
-787133643
414902892
-815871505
394684800
1276950500
1036858082
-10488912
662969750
-1917010616
-1388202285
690578930
1352778149
508553886
-1157833921
-1786131122
301088661
-981043583
792930542
2140345778
-350947702
-1367936916
-1090422368
-404594299
118770994
-582351236
-1035058039
-2024943858
1609209182
-675912838
1582218747
-773935082
1413027028
-783423207
1931591269
-800778293
-1792653470
-454178181
-1306680197
-782507290
336965174
1773619961
466462390
1428332048
-1338195859
-871422685
1257129983
2030366337
675139817
1316871685
-646978650
-526556950
-1389691545
53184684
-2122218344
10207893
534805199
1096138216
2115337169
-1588238135
-792276274
-356070318
-277583345
-704116110
-1308432735
1614898320
1888137415
-616689663
-2044540108
-381401641
-1813545380
-867336815
1051972203
935177905
455338382
-1009198261
-1742776898
998151680
-1948528592
1204535306
-977397
-1749422014
1640590622
1019404865
25380007
786203925
-785393300
-1855335652
809077173
-1831986947
-1764758302
1314310117
-1087005765
-243994779
644231592
1284445609
1912945777
-882841373
224911165
-94026982
695381724
1695793600
815796397
-435432265
815659676
917517494
-1213355517
1028011817
1511428225
1781663227
-998924037
-1269601296
-2012076957
-907199874
899980540
-641442754
257347634
-399310992
-1785322940
1806300707
2134627403
434046469
1504099428
-626690071
1267042573
1886934907
-866526225
2066189761
68572588
-776149669
1846762350
-1966004834
-1414021052
-1172350466
2142232470
-508355232
668724017
171109714
2001110716
56110901
275321757
1551450589
-1257137272
207011900
-1918507687
-171799038
1143160553
1423865194
-1133070352
512791939
1399209288
1502589617
-611776263
200357703
1589281535
-1071028130
-2146711635
-364014756
1761600524
-277097790
1130907064
-654897858
-707187967
1742016532
-564600493
-234115495
1075618623
-1392070507
-436749166
-606098228
1736872547
1668392181
1580275194
-541975953
9786623
544747253
-408283562
1766785047
-876735860
579582029
1592141770
-190748392
144981151
-1744391217
-1937626584
1566319370
-1108521637
-1671369525
-604104574
-636996144
-1175619290
-1823545163
-1794968577
-2093721643
-352237665
-549241083
-2086926350
-2123308391
858998735
382929758
1672993576
-42464405
420238238
820829682
1689674369
-577084297
1382028935
-1528574428
672090305
-1501304317
-1261515889
390501230
1131700136
1810767861
1708156531
-376125308
1753321023
1410859928
1890360352
1331870905
1397543028
2133120415
654736999
2040428450
-885122071
638517353
-942039312
-290532616
-1346355704
-68379002
-198054545
1582288578
-371652774
-1944623751
130467094
-1466072141
1841846297
-1063126849
-1053500086
-1963894832
1370677763
2057365776
-115732072
2034981205
-1990806672
1097720804
-468634390
-1036262439
-1877680218
1534056248
1622893557
-1008733264
1132255340
-94696047
-1276671243
-456864880
1312509148
-1568111039
1488982684
1236127862
-1088970371
959712744
-319690681
461488074
248010128
-1805329603
-264284814
1028826049
-887625302
1765585934
-282830226
-741987838
324606850
-1230643580
-1738964911
458899596
-759002356
2065195691
945641004
207363286
1312234694
-1733074894
-1543762557
-534376137
-578704047
997162094
-296752647
94033031
157280834
503032996
-2027128757
-1457840121
1629578298
1797644423
-409878401
10274685
425537075
935678207
-1847335076
-849825885
1787928093
875853612
1719071516
1542932161
128385704
147124137
-1715099808
7955352
1250386531
645385748
-1549423517
110472834
-1651861498
-1058462514
1698329970
539031766
-2070454261
1074119935
1502321307
-208001391
-1647367294
470711004
-1313171036
-480735694
950258725
-1529066964
-1122028994
-194645276
1217613226
1385000711
1582354810
-1057260318
-1615359912
-1845811488
-1281965956
539710486
2048686301
1993639366
-1700787603
146194692
2124990814
-935666714
-1610658378
-1163200539
-762120242
-1350537388
-101323670
1482486295
-1575185022
594710026
-690139133
1576991155
1508121605
2040806448
-248236976
1301334911
-1866058968
1388249757
-1589563986
93680391
-2142976930
590586269
-1785012618
-1844951803
-1577357498
-1359172620
-1141272651
2059181065
823014279
-104772061
1774002466
652884821
-1879546909
-54082071
1791853644
-1922925559
-353421690
1040403980
-1523894510
570992767
1852606111
2139980376
-1964478120
1978280440
1974180658
-925925400
-1432684041
-436638601
-1490352341
596985251
-1964910859
-1221026579
-622594379
1921128713
1335446774
1011852693
1075346892
-1393495249
-771038735
-631567199
-1130382320
-1174390264
806246181
-1619551978
917498332
-909555227
-336867762
1734926835
26452631
-590834882
-2028040684
1878469529
783876169
-1635561294
-1071965756
-1853671578
341728369
-1916528308
-298676159
-954930782
185190933
-493366521
970491452
638839198
-1607099111
-1127691885
-231747678
388472858
1215140564
-315757223
102100054
1907242983
-893554720
1828748989
-1507062752
-804223795
470492977
550152610
2044190180
-147655506
1745084008
1822807346
975543830
-861802774
1743020905
-39343138
1175984237
135939589
-1965365462
-590798940
596283606
1676976007
-1857482290
-1031606641
1502857131
-2029717981
554353649
-602969212
-1801941724
-1746036197
643242309
-335966406
875534349
1610044386
1474653
1402836362
-689990727
7769346
149027784
314551016
-86271690
-1948277952
-460529566
-643731920
-1670281279
-1054160387
-2040814362
-1589163354
-836702084
-951444002
1797232326
-651497928
-2104981155
226152111
1570277438
-1717018619
1086544746
2120516484
-134558810
-1287161054
-810672094
2106088737
881397767
752603546
1327530558
-760005989
-703139087
1502690231
-290638439
-1136843714
1765956491
882612095
-482928021
152699057
-1786842389
-156992383
1188618173
-446826408
2062568872
-1183193135
-998254312
555363065
-725312852
-1792203696
-646841472
1084005281
-2138379442
-1895730384
-838716000
-798460216
790456479
1518221494
2067109702
-454420813
1147734531
-1208962750
1750006801
-1606653415
-35544828
-706383220
-1738658457
898343177
-1526051230
-1260241617
-1874153555
1945846794
-110644114
439149163
815902386
414456195
-860718441
401883686
653376875
1394638173
-1971980731
-755194572
536239333
1034161894
-1431302939
-1203701801
-511672714
-360326920
-893082812
1276029065
-668437194
-963487654
-630706656
-1472581896
-190248275
-613612443
-934660100
1818656593
1720363725
819936746
-847122381
-1573261887
-2134844638
-1729312685
-1672734896
-67156424
4944199
1683239176
-1614095204
-153478033
-670024549
1185138963
1282244855
648124460
1463359285
1752306950
1957614315
686113220
-206728684
-976038117
959895550
315855585
-1476480869
1561335709
-1621280953
1257394053
-829528261
-532623481
315570499
-1877677234
-903622287
-103999126
536178920
-486703365
-373796109
1250561171
-371039749
1406734894
-1990649819
102082156
827635870
-1869595277
-272913966
163407394
-135469524
-118396800
920356888
-239042936
-1134610615
-230020930
1222770850
-1570192838
661174068
-111574008
-1325878244
-192696827
-2032241570
1339890609
1958379235
1500984710
965999168
647463884
368949500
-524012016
-582019991
1573800614
686686536
-1182616621
-1530122538
-1188924265
-149223436
612517177
1211623301
143552506
-2004546506
-2122624877
-340286132
-343882375
654770485
1231290357
-1763424282
-1799681907
1107922504
465964893
985089358
974179396
795434595
-1558128358
714852431
-1969577915
103707341
-1087028117
-1906662308
-861054447
257518870
-1043367323
-156159332
-752472437
-1813576632
1702659354
-2100270007
1134583737
611916124
-1411891977
453170746
624001740
-1978130705
-721278867
831328701
496345693
125225013
-644992556
1472603818
1636090105
1246573358
372266891
799136436
813662175
-1275067882
1789966947
-625432062
-990319097
2065373217
-827871683
-729926403
1000325990
-1955664537
341291249
252721003
-404124560
605728285
653618033
1846893756
1831242206
-1598252795
-737402578
717522340
1519208625
-257601241
296694201
-324906263
-770099594
1132598977
-1961914195
755763581
1309128138
-507700357
85350349
-578542641
192116512
-284006946
1125373800
-484039587
575019457
-1697974265
2057619717
1106017677
1337219348
-1711854185
65374267
1372365501
-520533473
-2145614611
-769296929
-346384744
-1270256307
-514177129
-808785563
-1830384981
-1505847183
290178565
-2009443201
-1927519177
-158728950
-1289348481
-1835434742
-799655352
-1211511096
1157277528
175239466
-1622138618
-2144055729
-387529629
-1916528205
-2047027638
-1818084294
780947366
-716271926
-2061491340
798947425
-1128917683
300126923
-1639118725
-1882926753
-507100447
-220145811
624100421
-2146416562
549214649
612102436
1309085240
-1136833324
1535333552
1658330310
1217008912
183350627
-921701097
117455729
-856156430
-1719109701
836922093
1865033899
-1589107007
-21666381
654167117
1918291657
718729905
-581864903
-241496025
1924439445
1343922201
351519383
-1408991182
-1067432149
-2003300212
-270790665
1499584033
561637155
473883689
-995680983
1779202068
725809140
-271397582
78529698
394692689
-195315049
1465780443
-356293945
-1918452685
-1065552790
-619572892
-1320509332
1228287586
-193648809
-1816601239
-423108202
1046257732
-1543591883
1126842488
-1391600504
-1106583886
-998885523
-396476188
899226877
677002734
-976224288
-1360103720
-176064591
-304914219
1889738760
2087045294
-384781786
1375584080
989995357
1407129729
-357211484
-1581473776
1079575033
2003351296
-151696256
-418023047
15709310
-810831995
393395361
-1924731426
2117745207
1119043941
1045211711
1389811439
269335421
1671568009
1096392686
1991316591
-295419301
1005070141
1312403675
1490555433
1238301557
-463140025
222035540
432224548
1951473957
-1760520133
1842909581
-594100203
-77859610
-1048324851
-62419552
-1557950700
1011247861
861039336
550174165
-1370150253
1696689205
-1580364995
-959396829
2107562379
-1770794414
-1832475874
1751542774
56130295
-176717271
309948363
567338291
772718213
-1809627033
-81114995
1303800696
919712907
-1427940241
-1333874238
-865526360
633858359
1637657985
40078649
-725284442
268140298
1622498840
79002559
1526509663
-960889721
1235161490
1863664633
1440433678
288801063
-1627000810
77288052
-1783352645
1336628623
1234273457
1656399610
1571526404
1127222020
-447555134
-892026073
1752946975
171613726
533559192
939879995
-1583841762
-2041065285
1295984985
-1547279824
1389286261
-544198858
-945509339
1568159247
1233726649
-1271434023
-784880518
-69265026
-35538518
1810449295
1761916377
-1183369826
-855754637
-1049812258
2029910185
376293139
536741935
-999884269
-606467492
-766950045
-447193169
-1604814402
744227792
-1256445052
471903354
1707812960
26518007
163788207
-1551671788
-608041373
-226341703
23668858
-584212093
772603209
1634740248
-1181256411
-1955147506
-1073246680
-221080683
448548659
1145740359
-705727659
-1503544366
-494663876
-1270928308
1888954719
-1575411080
-1527988479
573753417
453219135
-674414502
1842924224
1333837376
1992502733
628532698
-1806347318
462787596
-1379891596
1751399819
-1240461230
-1482242910
775481641
444372247
1037051014
148016538
43743640
-2133831581
678658275
-1741647635
-224121952
-1572984080
1647530437
1503940352
1481199361
1040919428
1460098109
-1076970271
424256084
-1017647607
-2044124122
-980649265
-1600904902
-175757388
-1086990470
809660159
-1868430888
-181417623
1753053921
437438621
2087622018
-209492899
-554351733
741388048
2000683190
-319834884
-767915458
1210655106
657391179
-1841137651
-278797390
-1755592033
445325801
-1828917740
1294920220
-364458852
1854907
-85806857
-1056535544
435472762
-1793503389
1575862244
-2034830229
1561111435
1555486766
1528620401
-1018339336
-1678314955
-1280228216
775937028
1172534194
746882805
1902569138
-583609228
903014594
-1447076186
-549467983
743523056
-447241846
139291395
1769675145
970069535
-543851527
-2024628118
-1991657045
408796297
846755104
-1454959646
983603883
1299749941
1832579589
872576351
-5970379
-226303854
1824997815
328100420
1530863681
-1240939878
-991515486
1684376616
-1685997435
-552816844
-511597276
1742540764
1180876587
509800409
861531487
-2066523987
-149966652
-1316177542
1222690384
127794149
-1558344325
-1996831327
1398307872
718665880
877047693
-1753359914
-1684937798
659105692
-125102856
-1674714813
-175399523
-129751080
1721700466
-243893094
-1874710030
181947073
316642716
-1383977930
475879905
-688569054
-524118921
-2010417024
1381501471
275163163
-1590880234
187546772
1418072779
-1606326677
2122325141
-255494365
1278437498
1565387249
516444233
-846576230
1346792080
-1212187281
42742840
575335811
277854929
2052198033
-831041589
1280710700
-1333298633
-588018642
1188588482
-199187323
-2015297787
1806591180
1758726247
769962830
1415272475
2078206313
1300988678
2078462321
-2017054324
-636118920
579640988
-392108884
1553460845
279221545
937714637
119062130
-471135248
-1309225235
-630485989
2038593811
1317413296
-961307335
-946738091
-1148910822
-655158451
916050825
-1840147892
72973557
1709131579
1479119271
1447659980
-1089188645
1799878359
-421243860
-779387702
219221226
865266619
1449068871
514237145
648853391
-186302894
-1176883780
841855970
-78924247
470739374
1892693552
1218236948
-782256656
-1501869928
690669731
643800857
-1543805165
621006824
64195132
1795616905
-1010791904
830708247
945653068
-171911261
-1495863383
-941647854
886074252
454881338
-1923002845
706771792
661600425
240265964
-2016472559
729328934
635959554
-1311078758
-1061647263
-253630631
-940394320
126643475
-1897585899
1017332213
1463934662
-1499420910
-1947113435
499763804
2080798937
563026794
-1559938397
-1700071519
544160450
-1113862785
258496032
1999212566
-1095682398
-1651454216
-2033847218
837473315
1217761574
-809953102
618030310
2016608857
-1250445813
133922551
405782475
-1409447738
676581604
557069551
-395504273
1280735114
-1287811557
1876857686
1995293045
-1841297238
1821599797
319297135
2070201240
-305639133
-993852071
-1834957001
1049248458
480276290
-2051577582
2060223454
633314976
-959985102
1464991315
907795314
1419293420
737359574
182173115
332034269
860041643
-830401063
-898894822
1183586577
619656993
-599212286
-585732812
1263609985
-1511359422
-1683698228
1166739140
-788683822
-2007905452
1895637813
-1561530429
563496914
508730065
1343140054
2068322281
-1641964376
-63901039
427581747
1215271796
-139818931
686030632
-1844072108
460846887
78976058
1147008909
854904724
-1934823275
-364029341
1958361339
23024568
-1777230177
-2048668317
165068059
946988098
1232039482
-928428040
1468812898
-1236247289
2028961653
-380579920
-1945428296
-2011608321
242669242
-851224860
1746379866
1685377372
582868563
-642856475
71164160
-2122036259
-576717776
-22625419
-422611135
-1451670941
-1113047066
1980908665
-320654794
1181712836
1370254587
-2070402325
584246110
-342921762
1956111712
-412638187
-115426623
-1808080657
1033648190
1306070523
124484951
-346543068
-1642768139
-860423144
717438377
-1040970385
-557071776
432427853
-2070512968
-693326179
673122910
1008709910
527812894
-337313369
273131918
1482396158
-1822791053
987827783
-393807015
699788116
1607890673
-1159658290
-1979139532
1516579871
753630555
-1369822668
-1784054746
1085004110
902872345
46788976
453637000
-85247693
-1444913497
1787876874
328136715
-1636777422
1366642224
-1459106835
-110453761
1109344437
-1527145354
1490835585
1909117394
1789913186
1308592628
-521361159
-1207015978
-2125020016
-1422024635
1167997417
1856589894
-94815242
-85426746
-784407526
762160010
249338789
-1184155782
111764129
-1803642182
119397688
657028398
593733165
-1685615520
396565577
-989549603
1660848545
237553025
-2012582106
-1894770091
-773604382
-1255632674
-199158076
1433758745
1933046513
538373751
-483837453
2001086089
-918242245
-1326006448
216244179
-2146155456
54427183
-882415242
-2091508346
1911464637
-1821343983
1995847748
-1566659802
1879320132
924976398
-2131821342
1487819769
-990201850
1394926479
427275022
-1127844381
20284031
1445923281
-231002594
1833305115
-350744545
-903485771
916656709
419152161
-603312084
681293268
-18768363
-2096258065
-1294285338
36440534
-1810888636
886365294
-312613397
-983160828
1957590450
-1559155925
-1845172771
1976109338
1109314474
1926070346
217399873
121508705
-645668249
-1585769030
-586318167
1136452093
-654124070
-362317655
580215829
546549123
-1107516758
-586860998
-1253490281
209005006
-307112580
-1429856395
541463349
-265949934
673423988
-339650433
-1437158638
-1766804431
-1322756358
374253322
-1233094449
-928376755
2110957504
2053354510
1034939182
1031899550
-927533820
-2062076743
-1119066120
1466344324
-158724334
1585000099
-1316755935
1999056351
-766951668
-1959867579
-343001559
920346526
80975853
-1087148373
-835099452
2038118038
-1277635637
386401640
-1677253700
-2083456876
1468154204
1135918539
-1807917802
501887413
-914455110
462463055
231363699
2087306228
190920298
1761983319
570358457
-1405953021
1104383898
-1598040550
-1003989006
-905060513
1713621674
2099175131
1882926963
543532958
2090129645
-458913698
1750286912
-1739809013
-72841553
1068485270
-386280529
-706833804
196758138
-1371260254
-717401014
67980353
1860256917
-728863238
1205753593
1043549384
192164557
314563813
-999017376
-1079430176
401759351
-2030569426
-1532100474
1884270516
-507462988
-1263835626
-386222410
29951192
-1185226506
-670197108
53329834
-382041183
445344195
-192987493
593704421
-165708112
372763577
1983322915
1169787999
-851667248
25737937
-1602061621
-525567129
-262443006
-1410008601
106247989
-365471803
1432626132
-817905543
1907418484
-1549584354
-1830091527
167467182
451794362
-1958245220
-627144682
-1158424166
174578261
784993485
-194353703
1110614464
1354500572
-1177215029
484592208
123762136
988016805
-1022745955
-1881692808
-1251719215
1263396217
1701261533
-98340589
746121752
114914699
1840141210
1961230269
248787738
932846501
-1277805953
-972281535
-1801562872
1186051747
1852498740
-1089837016
-1700762151
-1917357275
-616115452
-659309421
-158828
-969466753
1416873663
-753178550
1119477967
102762740
1267465441
-1211246572
-2063121038
1908020516
-1880916493
1151225416
1720197056
438985410
911410993
1930175139
1362354584
2046348937
-621511828
-1927566500
1904887287
-224243344
1337654833
1772888950
-1048192320
1448329499
214900011
-250273196
-1920539969
1521197973
1933159365
-1268025198
645649387
874056252
-1645333229
125208081
220001771
676898812
-1292883982
-597926573
-1956322085
-1326410049
1683759469
1503414282
868744271
-1885437916
969996642
1549041899
625536663
-1246552722
-733317788
2068395718
-794227644
-7257410
1396295139
-1477432101
-1579745301
-432674427
1606824330
-886731675
-1180237272
2098327091
-589131032
409189243
1795934693
1641379124
1720355922
-979284712
-1799897892
-380097764
1648662022
747986552
411182169
2143867936
-2060170605
1968436645
-2057016764
1174527688
584750456
-13028016
-1281383842
-913838622
-111695861
355695076
1155195850
-745370183
1323096220
-1293306920
672085711
-1261533050
1044041690
1782354756
-484566308
-628322777
-665147276
-646555465
909895884
-2046418162
-63511293
-1285136569
-265841302
177080955
1356029990
-1998408728
-2118281162
1394647021
-486434066
1341869569
336329321
-1642343467
1840319869
-439370436
-504769994
1445838733
224484841
1706123421
762621522
-586939256
-129588891
1749646037
-285559370
-1640666423
453905314
-518277160
-436174941
713192088
540258418
87226285
-495065114
-1272918669
1136671662
609186436
1281188701
-2020543933
1632617306
-1278572019
1174247609
-121880369
1152456710
-1730814969
1814905220
1426942069
1887385462
2080401942
-1760192667
1478231574
806143365
591784665
201839011
748662098
-317477050
1469683771
-60393753
1844302069
-736535445
673124105
-1305770171
-628539728
-426110230
-1252453435
1662567037
1568743947
-1508609827
1790922937
-793801091
-574045542
-1590157143
1521049934
-522042839
1871737198
-620156062
-1869693283
-2109155233
1463507406
1694207342
-1249877690
46092085
-15390425
-1625231001
2075798657
-1863043196
-73022912
-1900235450
1836545650
-992855894
1571844017
707829181
35078592
-1743287158
1875855765
-1955144733
676461671
1276819415
527614590
-964409066
-1106520115
-202636654
1897435049
-516424420
57413139
519533776
-1391697806
-1121213813
-661477202
-666674240
1345853705
-351654549
952867893
-2052875540
313558118
-2125932519
-1263055493
1492798911
-1895386758
2004388461
-1009921056
-266175161
-1053462618
1646530335
1445170404
1722412602
-444227984
194100070
-1632971524
-1152693442
1580942452
-2113573663
899152297
-1033228444
-1920425576
646578618
1598666949
1927730421
-815550333
-837308664
-144056033
-1279824783
2007878478
-2074158731
-1893799862
-1156489260
1675913084
970282016
559974834
-607320549
-141746905
136194500
386843375
1599245062
1593732476
-1899867111
2123088221
-637071586
-2008417175
-1464662662
2106496236
-1575140359
757346708
-1217107769
1491975219
-1793259333
-2047839090
1968831372
-2105680437
-878064928
1020819528
-1960057246
303186650
-448286919
457722309
-1994459243
-646846739
593217332
-879749615
-981523449
-319999733
195286624
789044081
-1895386541
1617799686
-215585745
-165643813
64648244
211436564
-614181380
-829368664
1254470184
910165917
-257905329
59049863
1490464080
-992462506
-1180367264
1872804021
1948703642
-2130555507
1807450841
805651050
1135100449
1515797702
-1594831648
1704927638
360944083
-1972302457
-280215980
906348492
-1607931309
977446768
634173525
309589630
-2014353631
353977230
-1814237430
1896749419
1916656376
-2122969617
299511197
-1374727084
435772791
1922288761
561305226
-1093847051
1167888131
1702731511
-1956502503
-83013069
1747236587
-263639948
1095429416
824642961
959455180
-1305095732
-413437394
-501247000
1887131190
-1518885505
1821668988
999598167
-1281282673
411985096
876489156
