-1526547125
-1858073022
-683890824
-1379422212
-267465081
-847747282
551232897
-1904367646
1247728354
-32450406
1728397590
-598077710
-334859841
2130157290
1377569882
-1064501548
1797711889
-553560067
-837645905
-1729397637
-1048606192
-1108347690
-877926771
1001978979
484977706
-490430081
-706605163
-1748080871
-1080514761
-210909399
-837226011
-191995392
-1052775439
1414565016
-1221329491
1976492113
963664291
-1807779651
1793637890
1406943331
-672248801
1315314596
-285042190
1597667628
-91941644
-1580473968
-1090972969
-1626530809
697684960
-1282509725
846926832
-665375049
2144789123
940986179
2024220461
-1882185301
-974010539
-1366398854
-1026448567
538666627
320398298
-351136354
-566810850
251947730
529355283
1033014769
-485820876
775486245
1755358519
396865290
-566883686
-753380796
105218467
-1869224012
-1693126663
-1647486793
201146382
-1223856875
1892662245
-1236346741
1629491200
-775610862
1154004854
-297227947
-1168093820
-1252673294
-1236038121
-174253961
1329659420
1155548993
-1733290595
1683886497
-985487115
1179968502
-866057317
756140954
-955711909
-1998766121
296231924
2098134336
-1158741394
910198812
1215751344
-755441971
-509169899
759993170
-2017768685
1428388699
-572767949
-1112901502
-1545689621
657266345
-1062951655
-1153239918
-741568215
-1616794849
1728165435
-222739990
-1439818061
139052047
1648248357
-943110566
653146232
-971622339
714022575
-1950336198
685346756
-458323807
-930778257
-1542114350
-2122469931
-1782585494
-105744785
1234773500
-1282410067
159853382
-1901919201
-972269304
1600046889
1827680992
123050636
174153439
1314636626
-431391574
1723600850
299105130
1072714226
875755228
-1459766321
930913844
868331626
2002471867
38144281
-1016114611
697561538
-1894830562
137797937
-67155855
-1168627711
-288200147
-1781291016
-709992598
-1444720961
-1737310612
-1137460639
1927433906
-1836004616
-561987337
-2136693657
1777293147
485266466
790320399
-829357503
-962420941
850287232
-1698794284
-1618853676
-495674845
923811512
1317950292
1633530217
237905367
1277226659
1235491524
2041750688
391199651
-430294172
829541132
131776675
-1925161820
-1832747845
380042376
-972224867
1278090278
-1586473573
39357196
-426296467
-527406011
-206721543
1321823529
-1116166250
1399427286
594540006
-1336722514
-623615366
-2005738361
-1767307809
-1110364815
1331731656
-1722573756
1700081764
349735758
1012637233
919655644
-1436526394
-2127175568
-1813616031
-1467435292
1589977925
-120165681
1211121965
1066855643
149328473
-1447456775
-958566904
380446606
-1185569456
-1359062508
-439936325
-1929540419
926534680
1893548322
-1378281132
-1358238721
715932766
-375470970
1135466847
-2092114462
532919255
2074319048
-1965556653
517222742
-1693543460
714829204
-1144242865
1375619914
756040252
-1605136376
-1537892347
1561091223
-1757557939
-1403589329
-1968629002
1247646237
389333316
-382912313
-87215905
-2040945877
-843598650
-358663094
677195123
-167026140
-878632258
440570412
-84477623
-348048546
-2135495824
49238368
2099099927
-771518899
1414899406
-723096288
-615863264
-1651512096
-410228214
-73937683
-1098318357
-989278934
-2001284500
-1889312555
-628064459
-537810619
1932290405
-1583303180
2115926567
-1567094413
-1619413533
-68366532
-997517877
2029589637
-888631578
360072824
1418525884
1304773247
1851949906
637270413
-117163235
286922108
546401031
1320339459
-1597995061
1503919311
1104114990
-2121587517
-1329173290
1901643371
687425493
-677937118
81396524
1461535364
-1152777026
1675677213
1666004375
-1364263563
-1508751500
-1056527130
-1501905175
1515533284
328757406
-505614433
-13215884
208299299
-396242281
1477480804
-1156725313
-1543362599
1913230141
-604351345
515753591
-1509612319
499341064
1986368054
-1812398172
-984130447
-940242594
343277048
-2133953764
-1086645890
-1858841050
1597989369
836772923
124073823
-995514213
-2008115414
-697178925
-279077456
967033698
-91013683
1633910113
1494292089
54805981
-401737160
1671996546
992469646
383693505
-392218152
-2029749851
-1996050376
-1993815067
-108084104
167081728
-1768564716
-453748899
1478794691
-1961226553
457507899
152543687
-533726457
304441243
914335138
-1616162332
-1042198213
-906040256
-1675043900
605643114
-987185341
1914610323
-1879330179
685920023
-1407559567
-2015134278
-317269447
247127561
502141775
1522540445
-506905011
636876364
1632198811
720223636
-1457054300
-1772913996
-623071598
-1860428704
-1438283362
-779737107
356473969
1771099999
1786015540
2135937232
479781432
1972856571
2058194527
271879159
1280192688
-1371104669
1794180026
-1699043693
-1428779601
-1565034371
783173733
-1875480452
2018209946
756333595
-1243427795
-1099025015
1266361132
-1129750676
-1383756311
483653665
-1484903819
-1970804044
-513190362
18333970
1162591268
1640725055
3504134
-1741776735
-775306232
2131668883
296696932
917994721
-845595181
734265828
-1232315588
1055451464
-928520415
-1797381684
-643225782
-1291402370
-593719880
1475241019
1258508272
-225853064
247692817
-104175445
1736727900
-1072784187
-394996201
-47616360
1941261034
1219798823
-465125331
1639779887
1294394310
267949157
1392106102
-1404024763
351323605
110202207
-1523691953
565387658
526593749
-1398546333
-355181536
-135774978
-668600382
-2130844994
791895892
-26400350
415326843
-1924606060
-1131508059
-1496492173
1077124517
325119988
1696529564
-1522866285
-419421489
128235558
-1802593192
1156041673
1918128855
-2143451577
228085389
1754065195
-860949365
-949502441
-13813041
1546924569
-785483374
-1747255791
1002436880
-1523192979
1250176397
-740324932
1213878119
-542600976
-171396232
-224426687
673875986
679873807
-1773111978
1897387580
-125721666
952121294
-2006652403
-436879914
-519312379
178901243
1068619150
1458274323
-1868453321
-138909273
-108796104
467119208
-2136603044
-1275662126
-2065147266
-843064432
-741977479
1573377893
563314118
1582888607
-1454619118
789643108
74335124
-1109107881
-1067848208
-673519005
1544110567
969568697
-561097692
2098191161
-1439317021
-1546615073
2013144139
127852275
-924069457
290521352
-212086766
1544679691
-240233824
-1464188684
-1193347076
669363930
-32723562
587842674
758324322
-740012470
-671904858
-734110154
934402747
1890372559
-1753964295
-1038772496
-324191459
-408255593
600285171
1763019673
500355588
-1638880769
-993740137
-1104814833
-1543980463
-21997751
-79997399
68125924
724675476
-424207732
663606548
-1989893262
-1542082419
-238073877
421894926
30317362
-2147401233
1987737097
350269305
785517901
-773535384
772923068
1456251404
83725171
-564473635
123705088
-1835493966
-1804528916
-1537515014
142529069
-1469934159
871998700
1212635625
1084269676
925014287
-706899926
-445729440
842397799
490199088
-366264397
987830497
1490463807
1757632707
-1121606918
-1886906051
927533506
-289090593
646349620
1803487321
-527692323
1469930088
-2130683422
-913028556
368718671
736975799
-168919889
-669223384
-1279150945
1945760377
-121916805
1946142831
1196063056
404724695
1970570679
812558312
-806280622
278314199
1736173555
-248364005
84011450
-399468031
-844236108
425365370
861227445
1459201349
-643427958
-732227095
882613946
555238940
-1248181918
-1866690688
-108775170
-1307738132
-795864808
-375332977
566202669
2129599152
-1596776624
-1011593246
-1599892394
1502163416
-1580215930
-1694105531
506739494
-187740819
-1174314910
-35216822
-1044258728
-1226610312
-2134649520
227830089
812780140
142315428
802147664
-194546009
-1910596458
-220928222
-1573972726
1923237467
893559545
-2031264052
668365348
-1824661586
309014036
413881740
1258434008
-247345599
1008071036
1361896703
-533187392
-1598806188
-1739679285
-487673260
-458498060
1009655620
1895239128
-887854726
636271446
-35261611
2109083431
1931167354
1653267755
1623665586
-1706365533
1205948704
1257284334
138312113
-2135145846
-328061215
1566238560
-1678854566
197322408
-1430999304
886441443
-1546074839
-835610681
673346769
1253523208
165175059
-215154331
1399153835
-244362650
-1024194106
403643559
2135733880
537682349
-702628043
252451726
1514525447
2089709818
-756151981
-1738648728
-173842588
-2121066388
699373086
841079432
264182398
118635254
1400211422
744475960
-441880310
1462687350
1952515502
1918135790
-1360794713
482099462
15126587
-1560636226
-1378755773
1112106898
-666771765
-2070273520
878503868
2072568235
1728333953
-255956846
-1006541622
-117051751
1828126174
-1831550353
1431343387
1283698614
1702696587
990037440
53814207
-60476423
-910706859
-876164029
-1540830266
-1286461231
737399927
-1829977526
-45119961
2016756787
-994356193
143421685
190311907
1458486262
2004309291
-932857949
-1722946967
1558601310
-1624662477
641886373
-394305476
-1689378827
1738504395
-196297420
1281935314
-325111135
-455049975
499422373
1016712895
-1058473485
364908868
946664154
-891263214
103444668
530620959
1991143931
-1744115457
73651174
887346885
-1157457050
595077821
1905763968
494093685
1845976035
-1548307791
634348314
1702980672
316213020
-689805364
1403612754
-228920815
205823563
1786930224
1950031534
-1810074642
810241589
-1566650855
-1234506323
228680316
1904957526
-790570246
-1751898600
-1371229240
1320278877
1695375590
-964254819
-1286312636
-765710630
-95643087
-670402659
900024847
-1593391563
-1229455529
-29849788
-356253320
-99430687
-1227793637
-1888061734
-1122635324
1003158994
-1827373837
-134908328
2064855855
-1411170260
1963404707
-965164226
669013808
896942908
-1321121241
203551651
-550610943
-432076885
-1625216811
-1135714675
-1750369186
368833520
-75584317
779236738
850932620
-540272122
-1141789851
1033053022
1371483548
1965991007
-362379141
-1194490777
-104844304
-1873306089
654715945
996969374
-2003728898
386697837
1730459495
-221320873
1297333844
-1150386322
-1254319461
165070604
-489651237
-331433998
1043460739
775761005
1732021087
-1115303732
628379480
151921082
-849760946
475342140
441666096
1108616021
-1082256449
-807600472
-818115421
1129233042
567395510
-1500935285
1977626289
117002194
-295433050
310628781
-1683845406
-1251702321
1875807542
890441620
-292484945
959827512
1312027719
1865302330
-159306464
-1916422272
1120182070
1985264639
-296197706
-846228494
-405557666
1388320224
284428682
-1422835192
321604832
-1368339479
-1442276171
1469840893
-1913179995
1320836072
2144358898
151778465
763926180
990561635
214449794
-1721389205
715603808
-285956661
-79359921
-1795838508
-1101582412
1916953584
1167509076
-1249919006
724777426
1934368440
-955970757
508622338
1576571528
-1657711861
1382291015
-975160806
-1495271739
-1473090287
345781876
-1380522529
-333109924
-847923041
310143963
-887362973
1424339207
-867801874
-2083343525
-1752081167
1183608493
-191656051
541780086
14515484
-1500576793
1281395352
-1086365320
173377557
1788303808
-214511062
-256595491
-1515066051
1653274556
582837519
359399156
-1374111749
-562132197
1302361278
2089710271
763642574
-289137058
-785407867
-651372259
679053221
-769211126
-775409658
116319018
-1486708370
240041899
1099170017
1175325926
-48803092
1148541979
-1023599694
1767850260
-664361267
960501252
1384195133
-1611114652
1343356155
-1643201630
235870440
-1389571885
786110770
-595551539
2066552169
1198487122
-2058615086
-1632568778
-1605694273
-1621312091
972613109
-1075092752
-1186812315
-2046027634
-1805060668
782007858
986966725
2063897130
-1009422330
-1991472293
-218051862
-384606567
784468473
-1581469131
52596602
-1140244252
73150053
-753879683
264063714
441314075
-2117384979
1048758690
-1598657838
-1434010434
-1519543641
-1783131187
1306911980
1233159006
1973600239
1722062113
-280954185
895623554
2038263672
-1285847485
-933705511
1663582158
-993766749
-1808701668
735450501
1086876769
-683002093
1289766621
-1338043854
-2091103105
790333825
2041514051
183174285
-1550072720
-2037896756
681223708
2077428399
1308047783
1475210323
-131023863
1412329106
-1391373531
177822855
-628926588
767311041
392813599
-1822976837
1251628324
2021855822
838970590
-508739779
-1907962337
-471116279
333037030
89396394
-1182705135
363286766
-810694310
-2004098
1271146747
270522847
342695582
-108155670
1734228365
-2108454766
1207602237
1732100842
1322069927
394372044
-1259961331
1215091606
1224707869
1289305807
-1721442927
1051057591
-1824956742
-1711785456
1039260318
-215872867
712079239
227351340
-1154461120
857327918
111019084
1294594077
-356178467
-576453054
-1261767337
226865576
-1265474405
1071650350
-381850501
709679385
-1292451585
-1294195810
-980196005
158932274
467418326
863188904
-939581976
-1456240032
866856791
-1938084067
212992807
-943494608
-387642999
1749823777
562243127
-432034304
-713261854
-315589891
-770081390
1340068089
-331945936
837063987
950171283
-601594564
-692244804
-113424942
-123626697
1356775515
717249964
1871303692
-823242713
1302493962
1945682857
-1633783547
-809439499
-1415399403
-737386815
-1881417235
-2113879898
-1767348587
47432845
-1958312112
169385072
619574110
-2025658218
286326188
1320169156
1602231739
1974297844
1696731971
990129293
-91561123
561260856
861486898
1299707578
401913743
1755624331
-1260370493
-1851821574
1981381038
1576024086
603641342
329782982
865722072
-1964811611
1505356933
603225508
-1622457629
665673350
1627525025
1160637352
1537152145
-246419273
699447447
21209918
-560443135
-1728122817
1990098496
-888668889
769180263
-1576412964
-1761553192
1855425985
-1195969025
1293857757
-2138605803
-759768438
-1410785986
1917891409
-792802181
622289894
-899658166
-716514463
184672494
859637536
817026988
582573562
-639909496
633928878
-752116924
-646280018
140595885
343930552
-1652579203
2144503004
2131358555
-1162533925
-309695040
-1427441139
-1860271674
-1105454551
1938065709
798671521
-381971165
-1986007436
154116232
-720958806
232587460
1123941324
-1179778959
-1100328681
-944376732
818356037
1550525144
-2022993132
1006259652
1465019389
-505549650
1882343857
-1309479050
-1034380452
-935030048
-1979048511
914370808
-23085667
1543854720
1429435908
1858780163
-1751978355
442411077
-894680184
1318349605
-400944493
683938613
596553803
1134558605
1623318511
-1360171360
2035913765
130004005
1065662534
-2005401776
1632687076
1267215334
193533533
877219837
392302264
-39450266
1899140133
-689547002
2094808529
464144821
355388663
954789726
-753980858
-771077014
-537419745
-1092047164
-1949180616
-1488065800
584619934
-1144270026
138243639
-2093534907
-736266453
885503399
-1965304861
1800702845
1173108603
782229487
-1000301866
-1272480478
-89329214
288222210
586917569
1712797031
654737272
942383716
-1162583595
-2130209602
-1533095328
-1176761380
725483107
1172469679
1849313477
214395495
731623110
1944738539
-1782218234
8998255
1475737472
-2054509407
596211541
1643066684
-529498206
248209167
-1685988165
1134131626
-891157647
-472739749
1858735710
-650680292
-2092544698
691559330
1402277382
-409809744
-2116265803
-1080154287
308892893
1043225268
1214317553
289146036
-2086568586
1937614935
-201788561
1747711180
952044048
435466659
358779848
-127654300
573360922
-174582102
-2026691101
1573814630
-1344099846
-292124417
275833171
-1224928406
-1170940919
-653845400
-351487747
-723504753
2083832290
-479236399
-942227971
1490838414
581564124
7330690
-826237751
-1981060085
-1106357036
-886887020
-253701993
945095214
-1688211409
-861764191
-605345540
457248882
1128812574
854943418
318342613
-1523675972
1095264036
-1312743779
1489628522
-1451803217
-1047719979
-1702232793
1380278479
918159678
1946685919
546049799
1467290253
1972004994
-1566182578
173559732
-213785726
-245515059
926489099
-725711200
-508278267
-1868905986
-2143878747
-27573331
522782541
1496500758
-773027501
212119264
592531219
1988095499
-392520135
29892436
-417643148
1686994908
-281229846
-917131920
789182236
-1716712987
-892383955
1742091356
-2108543071
42692468
1258495748
-96766288
-1669082580
2082407067
-206993431
1155619438
1239259230
-1828674745
-2046662310
1641181234
-404530320
-296797295
1522246040
712063399
44911516
1046359379
353938346
348840765
770226619
1919190270
-1717191768
804218136
-1662429393
-1788082773
1598675765
-1342816437
-1716252670
-1893965201
-859846068
-2129246907
-1378163889
1106262258
112568384
-995480437
-1684840992
321298754
1213180157
40030887
-1880646888
-627218716
147479187
-2038206881
-897847277
-420659412
29179637
-1693245398
1113695499
501387470
-632898051
2024969695
605118717
268607668
1215738802
1534834095
-651285621
-260687855
-472047923
-1271102379
962341155
-156231755
1853272954
96320139
-1971030687
2109131939
-863414693
1675148735
-1198407758
-748766752
1285473233
1982328838
793218617
-1053135987
-823400579
1029147473
-1366275339
1725204280
592947204
130841566
1488748322
-1842877074
-281269486
330952176
-856694560
-981475180
875156897
1494581953
-190900462
36914422
1201900667
409297079
-70559864
189484576
-1790969603
-1016950058
-690535584
-2091438740
-921446883
85814134
-2136824407
1119065564
738560429
1878580789
1716582472
-794416855
-1091924512
866977070
234410783
-1491459557
1884516109
869287274
414755179
130863131
468935091
-1687566698
563050861
-1349666810
-1780697924
1124545014
1595822668
-1172345277
396076037
-939856743
828494905
-58491369
-36876514
1543979214
599854804
-45288905
-362227634
537799382
1237410253
1480217246
1590489049
1101315290
-8043570
-1391383647
-1996206204
1038372383
-382332008
1992454719
-438834600
985852279
-606644372
545282493
359519398
-1361072390
419696299
132345458
-1365235637
-716759818
-872613440
-1899623969
1579641141
712930339
-75957187
-94735358
1449668133
1499769627
-2028536508
1081165291
728502710
879404296
1264773672
-2060787313
411709341
831233950
307609427
1940394715
1254339121
680135756
-1840071831
-1459933684
-669174739
176441517
-652074835
-1965277379
1099299509
-482874812
764160163
1622679361
-1234547818
-1769893528
-1489170953
-1227128398
1327391698
-1827506307
-1815785315
-1510453174
1512297050
-1389089692
-1223190472
-833296527
-266126563
-989448396
-1340614464
-1025898474
-678377919
-98005463
1290116446
1848480449
1670496175
1719736796
-1866097254
676683753
1042164437
-1980123212
623706295
-817968766
-876523866
1291284380
447935325
624736730
738754021
1310904566
1406366584
-145271899
1692376995
-853234994
-323455392
1734707030
1829714950
511284050
250400058
211429807
-217575093
263320194
539913117
632512411
-1788578547
-694451165
1187771511
-1684769989
-95943226
472679672
508801330
788489790
-1102417770
-321388748
-619161838
-1851468427
-1960685757
108390954
1416773344
-552205915
101802625
1197543750
-1293290804
-2037509729
1852025970
1175975488
719533711
675602830
963063663
600646285
-64098864
-1320225905
1129993480
36084761
1163166920
1966298503
405487945
-1674350285
1557511976
-1919315921
-1279093185
127504329
-1124986567
603911027
-63411270
-1267901484
-292362427
-930884612
955940691
860338453
-1219199179
-1059680757
1154932912
-515474431
1948334203
-2075434616
240033286
1408136697
2002222641
-208831654
-842517281
-1431990083
1432465282
1682358265
-730739940
-336679646
-952522168
1222716224
-450923459
1626880259
-1782064138
459135367
443680480
-978734987
1705508024
-1653928463
-1487452537
-580157890
651942104
1755564545
2025612702
11005830
-241775517
-176633229
1700275131
-340054322
-1361914612
-2031354551
721554471
418609698
-1425383857
-96156381
-1134520164
1268910218
427830233
359964115
504380496
1833980613
1093731878
709424689
1409391410
791982905
270601580
1761628971
921530738
-197357276
-797911369
128323615
-895422649
-1162769640
-1027295403
100225132
818777324
585258149
625664627
886634054
892574442
1368341335
1146305799
-1116228919
-810610019
-2073721118
1396050929
2100855632
-1155372304
1809066139
410312796
-2008731641
1303606634
590835242
-1328322966
1005952959
1133152110
1174449022
2027682320
-1002957567
-645631042
-1319497728
1428039229
1905764453
-582215616
-48882933
1169388097
-377514973
-1269267451
1337811866
1132011885
489628906
-2020017786
-1887131838
-1959540490
649815024
-26717904
-266316701
-1900290018
465096266
1156939810
-888536166
77639317
-1812419203
-1998108876
-1876978567
-576635621
-445979308
-287486405
1724572026
187772010
-705803533
349253514
-144949457
-449210797
-35202772
343816124
1748056766
-307995353
470963728
1042210225
904153997
-1606251176
-779534903
1262171861
2019126328
-1014712994
1566770855
-214701144
-616116533
1149655006
122819192
-1142329223
-15196115
1834736649
-1728257765
-1063811468
-1040314662
967090242
69163095
1677281503
-1344075564
-1722215677
-1462225688
1766476448
1444504795
-1629030911
2033449179
1979549698
-1272550693
1378627469
-431494373
1011560632
1901129637
1073925692
1564802122
-2126344671
-976128031
-736681270
2031330517
1478330829
1106056771
854266939
-1668870078
-1939367873
1545828605
578294338
-1421399605
-1788736524
892066420
-1156363802
561405488
455873700
-2080126666
508428387
85010121
567602887
-1995572438
2026256462
-1789742630
736298842
477011976
-1401289477
1162558506
-314370078
-55187701
1567764514
1552543702
-1791066448
-155145243
-792783424
-2071634846
-364357785
297959155
1477237306
-527770608
-781903941
-907313998
-2134745400
-240223627
-857164677
1951377520
787519504
767176776
797151952
-19087802
1485712145
-1598781315
1633077702
1787211845
-2032831422
1233388177
-1723041780
463618798
1213816058
-726284761
-847695369
-1612153625
-1463311598
1774418900
-1776825396
-99295764
-912951608
144531254
268502078
1002148099
859673318
1677385291
-107687115
101977587
663040802
-1169860097
-668770096
-179839498
-2068869944
1075174406
-1203771219
1989965741
-304239210
-1518873108
1632111975
-1010145709
1481827558
-676315799
-1341235104
-733794251
-1640752366
-1385588231
1446977983
-615862175
-1076184301
-803547220
-805143364
652203933
1664750187
747107130
-540031974
-490993509
1600146245
177787738
-308710667
-747666582
-1760926503
-1011621037
-357435971
-1290496978
-1831547371
-611368238
-1018855550
-1971685101
-1744271751
189046526
1631940465
2051289982
-291575486
-157218614
124127902
-1501120379
-1777039670
-1184146295
-1919447549
-801819487
1598402606
49352391
1198513352
23156386
-1206544079
-355306923
411717316
658560482
105591903
939838373
926376771
-1773623363
941436277
999408984
590240777
79796288
-728193537
956373525
1888421015
1044462111
-626747325
1204979612
-945673812
-1716690452
-853670819
-1589944550
866878734
1931452550
1940343723
-54769986
-418897527
-1503563570
-863543702
1515782283
-1795130568
1292962977
43753377
-612021648
-1973035006
269098241
-1389780163
-512283755
-1450781593
-575882859
1284254333
-239058185
1149141116
827353939
-1601633648
370469686
-1365284557
-1562892677
-1043093125
-750696531
-218498592
-1153994810
-1575297728
179932867
-553410056
185082079
-348292804
1395926400
-177501413
-296517614
-114997808
-1802411933
-1569313965
-341270718
-1869832637
322829681
1896429470
264582688
-639758105
75148177
170244777
1505061786
1219190137
1086599959
-2144971810
1084375696
1479243213
-1992485987
401859232
-1949458995
704996522
28486425
1019421141
1236668212
145243890
937769516
588380068
1280042553
-540114170
593189304
1841528191
-2134625901
-556955032
-1669417548
-928643997
153987119
2134372769
-1756815038
1050581342
-1481200281
291773028
44455937
996789842
-1093475213
366357491
723517600
-778450185
-1990064353
278869441
1521403059
1903553061
-773786690
280582232
-1310420535
-1394579629
583607902
-477947780
-1118742595
-1549082534
1808929084
1241137296
-2042308532
-83185793
1527449722
-1804012487
354769896
-831888977
352040207
-1061299648
-423862325
1474678028
-1486601474
-1355644740
1649905998
1737657256
370523850
-1108254864
766356090
1787747983
2079217192
876551281
1650197471
1240284427
-1567854602
1849751308
1355476900
-567077854
352767851
-789283610
580137439
-360351133
-332974448
-938807965
1684548134
1661393889
-125289489
-1668485301
706970214
1217716864
130959241
-363758421
412120818
1095114351
-1992365300
362621177
1953237983
-1392823564
-92731067
-1235589
1190708110
-1336964242
709066963
-1656510488
1793960585
980540568
1552895517
411146062
-1305883501
-1808992758
-1155180411
934519607
1786865401
-2081576955
-1052287267
1459038471
125529134
2082128239
-1458653415
-335705176
623586454
-622826980
1993004358
1266344296
247150753
-1126146738
1816972730
-1221125087
1593561116
-884160385
1126975117
1296502681
-1281854781
1242288733
216370247
-1453000148
431842842
1205734933
2037890522
783709096
1043285116
-2124259628
874857426
1825039991
1080289652
1551241098
560465610
-1268517117
-1588768949
1947738864
1682839842
711949653
1216098785
-639426612
-209008658
-833030913
1045007040
1503714675
718489393
2033485628
219363949
1370494095
-1696764598
-1332997291
-544640255
-1070876638
-2067123795
-964896443
1540339705
-448767286
70050518
-1909282145
-200439991
-1088674746
947603323
1919600047
1245183926
-542500040
-2101207295
-374948128
1201608805
-401488084
-1707297488
-1420157859
1851669934
-838832424
958758185
551782393
-1938200779
-212765019
234940310
-288572589
-2090009797
-838884498
-2080184284
484084277
210244401
748766598
-1706893778
-131551428
-674368114
390959103
477680826
-802996546
-1047209759
1978245161
205147560
-806755353
535118889
1472199001
1180437544
2143767589
-453074844
1294825707
-2138992020
-1607899963
-308621467
1465583241
-1506130274
-1490202914
-1059857430
-1549040468
-1634241772
-308531859
439097069
2096743778
1243977154
-1503383103
761935418
2084210514
2028385008
-697595367
-452966335
953335549
127049516
1347491467
-1345482451
926068806
-834833280
42534950
1735959861
239770675
-1881954584
-595472805
-1633659855
712378101
1558080510
56620696
1123498607
-221849051
-2080740873
-1230642635
205982407
-1536563376
311812562
-83462509
462808556
-76378443
1613416653
602942338
1987662596
-1057780148
679249179
-2058347549
-2025345669
-534299382
1302872532
-1125974898
1687297044
-2016823709
-1538126291
124001653
-1772198592
-1377060336
-903332888
1212733705
792278195
-1548925934
1285140749
-1128720932
-5331405
532357366
-1707925286
-1705263481
624961970
-1571093927
-673030153
311972813
1204556959
2022037422
-1415690259
-1185088256
583824504
357068606
48553433
629848739
-266864989
1704895344
1684582492
-1356882096
2032728446
461215818
1147248853
2119250652
-677635404
1694879031
1501858770
491217848
-1227303214
-719452406
149456067
2118822553
2095844889
1732531778
-1873307408
-532790181
2026209941
24296847
-1141617236
1164551714
-1115249810
-389464939
1023167946
-886927422
-291358339
-1870183697
1728313936
1041981536
74565922
-1963274379
1720570474
-852520615
635354452
1101774786
1520166561
-440239262
-1760907272
1231950832
-100086964
-1620915729
2143511414
-2140263771
676904518
-626573095
-733724278
-1007273645
-1685392415
1868544058
-258968745
-1847819078
813580057
-1300270437
-942807359
-1166139983
