-1191971121
1616124051
664320062
648365796
-772125906
413956336
634153356
-992294832
395171465
1845239227
-1292616517
-1828714525
616797424
-1019583139
1291301189
-1737995639
-353827013
1776892564
-405502756
1645069067
1062301754
-345711721
-1632578112
798074840
547172657
2017881981
591173200
-771661561
-1682572926
210767326
-159504924
1739723420
1966194092
-1180754758
-342940967
-1378613495
7973236
-1622398823
1334561260
-898384392
-1439596192
711826164
-750225717
-1061772473
841951084
-1838877997
1350965737
25014868
-635881736
-1884003401
647477137
209226105
-1816204289
1293221561
-285719490
-313019942
-1666528882
1902365170
40989225
-1502273699
-963333262
1161718301
-664189918
-1439290119
-1250988237
-1181859205
-319456861
1054513460
-1759985599
-288674058
481372193
-1314896154
-1250782355
-1381155703
1749161381
1046201922
-450957926
-1953037346
-901732197
1948379670
1350537651
-1653044680
1108246762
379514193
-1019899425
763677843
-900395452
981200070
627851251
-787326712
-1817790530
-637814481
-1157746392
245471862
1347578018
-637254285
1614432525
-158746018
2132973188
1868182827
-393281
1031224591
-1665264493
-869773470
-333883562
-1930052606
-1208858576
-1086006884
1567896738
2112905863
-1449946428
-2059198695
-493613290
-1851060064
-837155634
125806682
-680252412
695224364
-1829917126
2067392228
-2072913654
38684743
79110137
448158019
1239505356
-889193744
876475085
680553297
1343716578
-1664837395
900228964
-1307339081
-868021228
783493099
2139911080
2095548340
-1200583740
-1538967832
-445394603
517163549
1137049003
-1650033451
-1988501045
-1743273308
-1767138617
1494039926
868449061
-1709049764
1483847828
171546765
570290825
1633284732
-1336717959
1048061750
-971769919
702230114
-172504955
40274836
387716618
-2010123813
-1836175270
1098831533
594406956
-1862730335
-1715028631
1482221714
-334987830
-1057004508
-1836096673
1340026563
960825339
180783245
-95748642
-1817811760
-461933800
-1685026305
-92138384
-160548029
-355061801
-1608016097
-259561032
1741359293
-1055851112
635643350
1232718314
727116126
-1650515969
-1098421419
837799036
-1630867350
1866652098
-1442090919
-198083299
2135380008
-1362542397
1480601008
363798502
555457549
1005240161
973675770
1134789838
-1899067110
-1633560822
1049495988
-1966891421
104255618
-846006252
1758097010
-976990281
-1284695921
-2005302579
-1788943765
1838851479
-478607419
1211844048
-2083693766
1139404547
-1575360953
780471705
965822179
-1621727015
-517115527
-2115495588
-586104301
1504342226
-616708634
2056882449
-1300992341
-1675136078
2011792228
477239507
960999039
-1774515525
-1905815690
-706888342
-811907494
-781976478
446306800
-1370491354
1115729221
-1986390971
-633681951
583722990
1683262472
-1622735269
2078550188
-514550376
-206360335
1041092972
526047608
1981204858
-1436943405
-981379900
-1883571510
-1818524608
1306854993
1707216163
1934941295
-463403777
-1249342372
-184144649
-464649314
-1809990006
1272568057
-208763956
516550494
-608317948
179551047
1690167555
1873821477
-1985427786
-176240704
-315613759
2019303361
-1988630750
-605689409
-1844946390
2044404347
-265155752
-1467741887
75430351
1545593465
-1113329529
-1533032209
-919012508
-588309404
-574579242
668377179
-328513610
-174842806
-1755380108
-521611638
-1384713253
1876141508
1835481325
-940826446
1842016938
-1872577957
97693631
1648552259
-1163204243
295232039
1141413677
437420843
-146662443
-1435772231
-749200302
1439878486
-1486576850
1983696954
-1612703368
-852096396
-1026530093
-1881307949
-2125155414
1733292286
-1612547101
-2018112945
-922174073
382678905
-1295185356
1616507391
-1263930536
-1936908036
-1901812601
-395962658
-2038668187
-622146064
-1218720259
2054055412
1406311812
-307473129
171325130
-430618370
1883597042
-159520561
-458968537
-253978802
-1056491675
240094358
185997197
-119918352
-1797487007
-2089279792
1633190687
-612849650
-872163382
-732382520
1072277863
-1265722219
-320008518
-1438271756
-62115260
194883095
273237396
1225442172
-1318891741
-72079374
-2047250087
-1733038851
-2026569619
-361051214
1978885689
-107116663
1787215424
325737907
563745133
-2107030030
198146144
230348811
1954479171
-1399389880
87368047
811100070
1146121338
593753247
-1879361188
1565038513
-2011646513
-1183092460
1311443737
-5484740
1411944663
422596114
1687523728
2066842906
55544591
-1331258927
-1361430569
-1416507893
1956832305
-1949741537
-367204191
2095655197
138702024
694160739
-1362550536
-595415474
1117796870
190131165
1298594344
-345046154
-38714667
2088536370
-1453170946
1125301091
1883912747
1009778215
-34349006
1847132997
1163999906
-367107412
-933372895
1209614924
-2043537593
-420057059
-2035814978
2047119247
1391748529
694617027
1848497866
-1688591825
-1138780843
1182959008
16144707
-563077188
-2096584679
-1456769173
2132390937
2064674006
-246783962
-99848231
-1849247961
209675287
1008858882
-654440930
1659937376
-1191405776
1224192477
-706645582
1050625097
-2027159983
-202643670
-1440816552
746458022
-1277675058
-709473935
-379399077
-253886344
-26949121
-1397847197
405136666
254400550
-1236180633
179482926
1967057863
-1408591623
916305175
1611703058
-243836309
778993869
1861185364
1608373556
957754156
-745856251
72493175
-1786701646
1205198290
-569445953
2122549780
-1293948425
1946044807
-616192440
1362886750
333566031
-375175458
-1657389870
1829150154
1947312829
798324246
-436701340
1463882993
927843852
77768094
1911233553
-1358500678
-1678395357
-241722148
-1554816404
-78032201
-183206755
-1689432279
-847166406
-939053105
-1158889831
-1138246880
924558697
2028954398
21281741
-972228072
-839743679
7423768
840781025
1497318382
300202712
1551754484
-631202054
-773002489
-2092316981
-1744930233
-909479276
1240831124
1797780522
577451246
-1189809260
781463831
-611731788
-675854031
1720876701
1452374310
2076501059
-1385839068
-2096240735
-979701137
-88510583
-387134384
-1806690885
-1466515204
-1355507204
767756947
-381482948
-980629322
268488975
-523393724
-90728189
-1941839057
-1057379678
27454362
-883650542
589966747
738112698
41451341
-1811227556
1931719455
588713076
-1948659075
-757856797
331020110
935522358
-743563309
-1359139582
-1781586705
429375784
-35438362
-91084025
-1954290428
-283760670
1116014303
1394714628
-1630854649
-1368305562
-1755383457
1598831078
1538341750
-1409715888
-994009185
-1522671418
490368402
4919884
-337987624
1213363327
-481791646
-460864057
195952870
1192941440
434870526
1978943976
1441430055
-805174558
1727196169
2007188673
-1582809687
2133737404
230885502
261296065
-590260093
-181657162
196332464
1209550445
-2002369149
683022044
-1531902069
1708526671
2017259017
667197620
551208991
824196654
-1150003918
172001937
749071711
-424476034
-875212488
-1804488407
-574218971
309226778
1165686551
903491429
1278628216
-2038683088
715365492
-1948842888
-129661167
-1926208389
2134217658
-2091088077
-1595846629
1800821432
-258931066
1672886934
-2135929030
246175826
-541420988
177657769
824893135
274335071
109087514
423534732
1090545785
-261668401
-1107883772
-1068805939
855388382
-51839006
-1278926017
-853131527
1954847658
-922955302
1317010923
-29719691
-2097402921
1946361586
-1242133013
-345622386
234603567
-2079116402
622540559
-877189171
1305603087
1856217267
-161044363
1907652752
-366273428
2064948920
-2090755284
830223317
-662480613
-881760451
448354073
1360310617
1027709516
-1818707364
-937614818
-1061207583
157403735
-582221026
-1671365256
1478142678
1100635067
1537724209
1698977128
-1162262761
1328986978
1769967063
151095061
1823990026
-1364188375
927058464
-592093008
-216032780
-928870240
-1247194022
-1946419239
497971850
-950803443
-170717496
1712501312
-1656272696
434072503
2090291603
-408634225
-1123852544
-562536608
-1853810179
174271367
-1326661579
861540370
-2136180516
-1830415511
1175066025
170184734
1836643397
878174614
2027536820
1741870945
-107753338
-967728007
1256412118
1549838281
598307930
-296129116
719563280
-1795639785
1246518359
-505269703
109663087
1646942949
-711765590
1237241227
503056360
-844083221
1138219015
-1158673916
2042841451
-657769091
-15137062
-1261448120
1347256881
-377938857
-1206500926
270138522
714749017
-2112196707
-42433473
1467296382
1956581042
-1734173924
1201157289
-1759189344
-1222051110
-1065297451
-673664413
-390603020
-1418233721
558078140
611455824
-686569187
-303965660
735066557
1511310470
-781023470
1639659167
-1255832833
-77987262
1190818303
-2036128639
-1606467989
1034902298
-623513752
-1950444994
1695927663
1402647160
-129190764
-382382130
1629271294
-266897850
430136360
-1727652485
307193307
2107964390
1772892689
-1492364292
-921975529
-2136393627
1094605223
170883523
1659779288
-1756739601
-42552817
1868978579
-1445249701
1679063172
200809696
-2017694124
-1432435141
1139395563
-174650616
1310832682
-297144334
101917927
-264866832
-1246081341
-319044192
1981453224
-1000695074
-152812304
1212817163
-1785105020
-329759077
-981487241
-1689527578
261905382
-129151147
-1217531610
-1231685290
317320838
-847665466
-201689557
1938905777
731462874
123616916
1831909539
1957111432
1782002379
-143036165
-1203233680
-216129817
-1635638100
-1009856599
-2088247217
2019779547
1354606183
1591901416
1670539816
589130548
-1777327623
1403941634
-1859615576
-116379509
-1384193761
395992544
1483366925
566616454
1261731409
434432756
-1532659648
-1688237478
-1844907793
-1787317416
-853833176
-1356495215
1728161978
504177719
-1323273668
-962086388
720596101
2116159851
1102152282
817485387
316076075
648191591
-712864553
1469591532
-1694739005
-1243788969
1873406678
323348593
-1420227054
-415013755
1775637469
1560113222
1726925889
589478398
2123143845
781755649
-1258192689
1527289205
-677666000
-882503701
-205680696
2133430374
-1243339231
-751499074
5158454
-1590199170
1127519559
482001072
-1686416680
1807814713
-1169115782
1980660144
-488700399
2026715597
-172179030
-1592037906
152755491
-249676730
-1599132876
-2100614239
167804060
-978912527
1206750071
-560764668
-568263152
2021594878
-946955609
-1187081056
-1300269817
1615381344
-2015084576
-1116297776
548556601
1388671736
1953369726
-1626476158
12452856
-813382415
-186268501
1736050490
-1817786643
-596946067
-1485005000
-89073060
-883019258
1904560225
1970902705
-1344750678
-443737426
1517477052
1976949162
20965130
1778976319
133899726
494278751
-1827100275
-1765281356
-1103899417
2138338684
-591174740
18636963
-1854747329
-220712904
-583013421
-1842419863
-1742162923
-1017816153
1962153251
1380557990
-669917415
-1585432752
1301110388
-1227006485
-1541585650
696581373
-257946216
1366242226
608130219
-147965998
-1626981658
-48684914
-2090805822
-1743718239
975540470
-1674135645
267925668
307723132
-1251294039
1937430103
1809708994
1293423242
-306837141
2051161417
-1915555945
665807390
-832305733
214058113
-851849019
-2056095227
2085817323
988946153
-722268034
-1552041953
-16999644
436232444
794622757
749494320
-88642387
-1660043587
158321972
891020536
1974899052
1476474089
-670566817
1884085888
127820716
1809387887
653191930
70519222
-238005984
-1440772321
391456663
-1784468164
1897578791
-1537148766
-378123533
-392497284
-1601529007
-135493974
1967811090
1586768383
-990891487
1158180201
783680167
-18897409
427922964
643091782
1557934009
-1625149894
-1004497694
1621129934
-1874000764
1558835720
-2090145533
-802303512
1258566044
1655256495
-971022988
764741709
-976594856
-79516682
46852538
894743350
-87183251
621368567
1952254502
-1862765482
-1284709416
551482937
1953683547
-758578678
-2122758911
825851902
-350443507
343408334
-387726563
-1064766504
500837387
963466227
-803585837
737976449
952461182
1300431758
-1181667038
1077921516
1839525746
72852915
-1706058111
783482007
1763852438
2066679011
101843015
338222883
518597951
1121684930
872055373
-1685983963
-968775758
-2019391988
1158390481
1877776446
302345378
1169702601
-1844163939
21750888
-1125690889
-1458522688
1468187495
311961747
-166052400
-2112595416
1023815803
-80558992
-557708853
-1785730907
993815959
-631316597
1853412995
674337394
-1390118891
-190937697
-791178406
-1672158246
-1142176177
1590998053
-1214726537
520232428
1009725758
537013549
-1864851182
-31656082
-634497948
1232872305
-278492178
1359608081
-1862629397
-1143401561
1615779879
-1915688730
-1114056434
-2050924778
217952301
-1707738864
748725432
-157910164
-791223024
-106254917
-1386825622
-1430467634
1142903805
831696460
-1965089439
1602320175
-522674168
476575193
-1189219849
844550116
150488107
487397083
427947337
-675864456
-730906226
1565754914
1920575769
715583933
688385544
413606152
620637686
1674386979
2054399717
1966039785
1420639642
262686284
1983540201
1573518802
-1164056686
332298975
-639981932
-448148872
1068626980
1688022939
1367843240
-492813462
1793069420
1955384239
-673614616
222756746
-1190056248
1975282505
-89560799
-56500295
-923948427
-1568692627
1132599405
325706705
2073900410
1677816071
-356856138
-860103976
2118554052
598501442
-674632071
-1033543055
1028296338
1043996954
-1479385652
2126375317
-871897326
592464944
824983457
385919619
2024531788
1940636380
1877572940
821546997
1567488831
-2025401976
1750787138
1998076307
1976732745
1575572283
-777855965
1278251948
1634980043
-1671007628
-5310215
1925559843
-996838900
-122346695
-910037566
794918567
-72209314
-1001543058
357278507
2142804518
-662647426
537380458
1147500190
1440674179
1054881088
-1537585977
1478813054
1443474821
2096118891
-711569031
-245946191
-1982265837
228042209
-758830303
308053086
1964200094
1712684547
544336035
855789559
1214120413
1883147347
-467923979
-1213793671
-568813888
971881306
312122938
-1880912142
927504541
691575499
143913230
-894796477
1103442096
174546919
1637851427
1988340519
1891892930
-1832777693
502115852
-1735782029
-1261426906
1614447113
-928597159
1414490527
1934609388
471203931
937873123
1041149828
2135647569
-1539974275
460660840
-136414361
-1200771724
230860052
644927065
-1507821515
-1050012849
-352169495
-1957458958
-142902768
1331882212
-1756586477
1848155275
-1249773302
2009579702
-442560683
535277614
1560212527
1555541626
-1971045948
2093512040
-1543536440
-528851186
-15193427
-815991708
676301278
173947818
-1825694283
-1601304779
-1752923139
1635322965
2117722176
-227114126
1377376569
1202441625
736200470
1859053831
-238481035
-668881543
-666740156
174369354
-661849374
-1282579549
188619584
-751476404
1703499462
-1461233439
1070860623
-277379471
138235518
782389717
1188775979
-161514429
-730254138
-42757915
-508916513
-1995897726
-1553639626
-567893133
-208456458
-2015726977
728097807
1589923409
785656788
540552873
-1036982217
-606646924
-1660206494
-1129029784
-298342014
1074846438
175234289
944753449
1188356402
1782198529
-2003035305
-2128721991
-372925759
511671257
-1354768546
-1728951594
-2004174115
1207168506
1509643615
-254251005
-1918012749
-1862931373
-1486298327
-547027044
1757487983
-1474984592
1514709286
660800297
-996051453
42903535
1063633344
2106905334
1578347304
1753992236
1415613184
-567473950
-1109497950
-646118082
1928054392
-2035428233
551256263
1528474919
-1281963165
473672763
-21263039
2070552646
1898678026
174110789
-1922351598
-661767152
1413097320
1879298578
1065796568
-141257473
2078428176
154086808
4703314
1628149705
1065607502
-915406948
186557474
507316693
318769549
1029289280
-386914092
-1079272214
1590999287
256676063
-721635554
1948879401
350480226
222871581
-1878609559
46753853
207715434
-124502215
1034009232
-1068912432
-1183753766
-41214556
367845606
-1649497792
1236346959
-2024343593
-1986660995
-389700974
343919135
-507266463
2133103525
864535718
1317967990
-1070267841
-479224653
1946278060
442945218
-585060753
1007168515
-557201706
357550160
-559384889
-577681601
1231141711
-139922377
-63595518
-106180896
1131685483
-2087410828
1402406171
-862817548
1020464158
-352381610
-749511203
-1309036510
1574459058
-790665700
1357253307
-8120085
-2022956876
-1220131876
364316124
-514101454
-892261841
-693596763
-2113209990
-1887219203
-1901662948
823279848
-1960170644
-2138930307
966001944
131094803
-690876928
2085358411
1124261463
1642497406
586058254
-517883660
-762978344
-410003062
-220899767
264096439
-300448550
962059015
604958680
-727073652
-1581377138
-95710506
-379713500
243565416
2137132813
-895974449
-1536197645
-1805993793
2132875915
1424600036
1789536182
274168394
1180144589
-1557073018
-2127090402
-1170406902
-2126723368
562933575
1825603060
1988115083
-1887032086
-572057664
208453673
986895213
-1018117971
-1428431948
-1480794324
-610559456
-909188694
857092213
-2065637765
-1214965010
707558139
-1054473082
-251739779
-2084123074
-1342021308
1845049473
918527117
-1299360234
-556983324
-1759247813
-1587272871
1219137505
1919585638
1554636325
-731690899
597589618
1759850301
-2045136140
-1281703414
-1189719992
51041456
-2032792700
809666620
-1336998381
-1363662573
-2087941383
944873515
-1474462346
1990286647
-1251082457
34850992
1327883278
-1561085917
1961538867
294968363
870897331
-474808573
-1681066886
-897582189
1877782781
342943840
-138034255
-1537354034
1622003978
1210846865
-1054974900
972990018
-630664323
-418966160
-1484591069
1418832299
-1065481271
-983566511
520201555
-1196081106
1432206510
-136663760
1671621730
753397166
1155585283
-244210135
-928082778
-831266465
-806734666
315736620
-1677507866
158585240
1130937873
342803440
1411132993
858341612
932362046
-1441239513
851134286
-121012102
-357089267
-425213964
-1393807996
1097335684
1569382387
1943995545
360093404
1291442238
-509579179
-854676875
1864175028
1574394344
1309665030
-1380182740
1248798966
48132126
-1906260722
-1616453849
-440098183
-1482100882
1155935661
-2007220673
-815206489
-1150292181
-1877546593
-1118863436
1347764319
-277993344
-95692128
694800227
1397819419
-2145340729
1223926577
-1888305608
523203925
-2098810597
1542620828
-992592928
-2057143514
-260717269
-204356298
-1486620733
1854034224
-710780079
-439224092
-1980801743
1861389758
1146627042
-1540868641
1316396762
616316457
1871728071
-1226443845
-2081782397
256287101
-1009232308
-1148714332
-1189612041
-1072797349
-740982217
774443243
416244283
991274272
-228699108
-736590656
209033732
214219590
1132762095
1415491137
-2064863635
-1818815222
-1333806117
-607939149
226155748
-1267441585
1494277713
-1753355762
-1941916315
1128369090
83253603
537121726
-1624313877
-733814467
2056710993
1691332520
-1635801822
278585968
309394532
1451685482
767417952
-1899508802
173289978
-15608857
-710823722
1102831972
-46620958
1125528322
-1028237310
-599069984
233317609
-2043592280
-1977416856
-1117159280
686021556
2004267284
-968471680
-1302261864
-1103589168
-2039663027
-1285586447
-790251511
1133688071
-835449101
1619022080
-97949378
320031477
-1930064324
-306946494
64610441
158116570
-1383664072
83092633
-1297256945
-421056592
810951004
-883852963
1845273584
-2007293568
-741752771
-232623912
186995626
-1070698255
-1287573605
132421112
341147070
-247850975
1798122145
1436231999
925046676
-1486605129
-393552534
1384667902
-297808997
-1325846728
1721703367
1422374081
1021712308
-1314946150
1197981759
-1532942835
1418685904
-1587085546
-1240107178
1907599432
72956631
288196418
792754962
-2020495880
-948373557
-1633632674
-1263598918
-1571237584
2071832877
-1899685651
850160352
1047622982
706703519
-1285539705
1331452322
-130396215
-1153166134
1194172397
-513449173
-2077291343
-857103487
1537348701
-956108160
-447184424
-1240034778
1785937960
-247039367
1908942249
-503250868
308177537
-1655950580
46644502
529858718
-2096998250
-693639471
729904335
1100745726
2085465060
798135489
-1133258320
-347733264
2084852167
-727061951
659055738
-1242144455
116643920
-1080108705
1826262213
-163674173
966245466
1312870234
967350069
1628979395
-1066662689
774328167
1120309996
771875357
264093575
-1458309710
436156991
818917894
-2119290238
2000889506
-1034573141
-853773845
-602482794
1669459553
-1177147383
-1082313839
1112110203
356766875
-774676735
339401852
-968301466
391882884
-1634673988
1922431893
-1848875293
-895055584
171090397
1019204870
-232224793
52997566
1742024368
570280040
-1068108507
-133188923
1915762340
1075475744
-1996499808
1543925426
-799410954
362430726
889745537
-1887268000
-496505681
1969169734
-1970516950
443850634
-1039837744
-1329470069
-833030518
-364452722
266774986
-186313383
-951177806
748725363
-1987771597
-1251438662
-311089240
1127124013
-1576844105
669664540
1057166459
-117305825
-792052916
-1557429383
-80138857
1529700576
-947376215
-394257224
-546970022
-463854015
-887907592
1486819155
-898625050
-629866866
1987572425
474125625
1217270328
510168084
-395394998
-947929868
945316985
1418111715
-520718667
-1029967602
-846717292
1357308117
2044443913
1051267505
-777571832
1911376334
-1323229444
93783181
1627490302
-325221308
-360949457
-2030838019
260262558
-1500421631
1289729187
-92139924
2132930461
-1197252313
-1787222677
-765582603
-181217254
131674485
-1174921053
1709449289
1860934058
-132462136
-880386656
1193179349
1953842353
1241960931
-1175521688
75962148
1723677683
-218274702
1311939428
-1031464575
63140202
-1467585205
1551814227
-1852300320
953097305
-288806921
1651071106
1238133757
1055931553
-2128706959
-1766821831
2155461
767917906
-1407162323
-1630322312
-2126830091
1071863940
-1238091429
1675480547
609945857
-1666029976
1320088172
-973187078
1815739446
-1704431207
-2137667627
-1792422516
1470141218
-1591697737
753285650
1333257581
-1421941965
-1957911242
897377773
-1154030490
2012911517
151134067
1700959487
-1102955156
1722802049
-129742840
-1447341449
-2061074155
43031115
899397728
1074497561
-2041556921
404711003
1397947533
1195599753
-2027207118
-293964313
868749400
1363223497
233901439
1837387294
1370495385
-1635860736
-1707600695
1538708625
-1054084151
229142653
1263834700
-1806741810
-1419681579
958719738
-308943141
541603918
1295381300
-43455708
-1718271977
1417679504
-972683973
-1199298982
1919580637
-1145400443
1174622639
99422645
-1544657152
-2044996050
1116471708
-714190520
-2139502280
1066627459
713311076
1366818728
-1324674983
-1784178282
-490094822
-1405375058
1923897543
1231990520
-327582704
874650235
731274536
-24649637
557190062
-610932804
-2128326821
1103741560
639962501
235851310
7851177
-597163469
574120099
1627199076
1307271482
-1329621764
-2000120280
-1829938745
1315262154
-150271113
1540061465
-902246434
1887668892
-1607013794
-1303724173
253144016
-306895186
-165139034
1835808899
1193758246
-874210771
-1320855072
1235094644
987385556
-1969644245
-1120616478
663675177
1671209849
-1582265458
-1060579674
-624756659
-322148891
1731232587
1228787569
-1357604185
-1253835044
615035348
-1250310089
1820288178
-2077837031
1578140879
-852279235
-25474964
-1783299947
-1012026873
1475851008
858085486
881775112
1765690023
860257621
-1010716612
355409584
-2049684059
-476942127
352521694
1959995472
-994873989
-1673610902
-1086721873
-1364387461
-1755775716
1423047005
-296332940
-1301193199
-1092536283
-270221485
1422149551
-364740598
-1770235309
1493088959
-1545785291
334990450
1826175541
333992585
-164878082
116737204
1183996706
674005488
475919932
-2070765542
-1023038868
-387899477
1788978350
-108699245
248404949
-2121665710
717258037
2069611959
110860609
-1085457156
-1131864665
-1982558968
295041453
2012648232
1267911394
-248060293
657519455
-1867564320
-1004842972
484441654
-1201357473
-1155441125
-636289126
-1068223335
1394627621
-349322142
-628119498
-981581438
1200264595
-1884163657
169383109
950454221
77899813
676777905
1053485120
-1974264551
1817125222
-1220655893
-2055804063
216156625
-657023067
971529887
432807801
1806402922
-1086076184
521072781
78850688
-607014167
-1124732639
297848609
-565055379
-1741446744
-472993377
1257506772
-1675137592
-2112285096
1638427591
1817754577
-193845380
1807278153
1161323779
397181148
-1074969615
280264425
1863899641
-1888981905
1058906458
1198136201
1892052735
-1633538779
841579851
-1127883929
-1474317361
1620760156
248152461
256364008
-1280528777
-1157873132
680741429
1568930596
98541970
309341469
-2118207245
481711784
-220233284
-297111183
-145708633
358390390
-662712766
-2018376994
666164281
-1033613744
-1441742567
692752872
2021795753
-1818525899
619579921
2015033580
-69907868
301394732
-1637775030
1267390344
957869017
-198662849
-892158746
1393819706
1832756044
1882093002
412276224
48929863
751441898
-1557169419
2032183515
-676779555
999329308
-1468740226
1774120030
305903739
1280210463
-759091781
451574976
1528301456
1648873428
-1660420897
350590335
-326735006
170227668
12846715
828913301
-1046897615
717402567
1697832520
919939310
11654043
-73890826
-1010706909
-2091493868
1061805122
-1035290595
-1488596904
-1388681429
127072171
1824757125
-1788382686
-1525096668
290373225
1586014290
1078033010
216081453
614751866
-675010023
-1714994961
541863015
-2120164368
270786485
-681205442
-1368407589
-1343735853
1617395803
1924191874
1823314349
-1307074235
-528090646
-803861722
-131630446
230102247
-2030950777
112173273
2139475583
-577040773
-1124284567
684160218
-1837925470
259862731
1037752560
-1014848395
1912557717
-123926584
-21720068
971412940
1683017681
-156743435
1871884412
1277118682
-1575860640
-600033787
340049221
-202689355
198777302
1497892291
-894131932
-1299106542
-1125088895
1907521329
-288843466
805915662
108666591
-702352652
1547061366
1447640107
1427843408
-1510940946
1505668247
-483246440
-475782900
-1136523220
410258451
1068325300
25967958
1200310019
1378365827
-2024268843
-1409742351
-2009808523
-181237711
1509670468
-2036471853
1398108120
-962400789
-618335092
507929880
1603258297
-1611706855
1020455924
882483257
-1638682371
-411608559
748175177
-2100024707
-2123880119
756740778
1324409568
2065243566
1038170531
1389696783
-1086567206
-1663936240
-120774055
1444310229
-335848023
-1415374450
-1993481951
-155732658
-2098869037
-1326489290
-1132300927
-49429473
-547152395
154001895
292915056
1999489807
1009738251
-1352573111
-847424451
-1224077534
-155957010
-1921926148
2022901168
1157389030
1948469021
1324099091
-739911826
232047115
-1511664705
1077221059
-1613713759
1440254521
12911336
1303255383
815728600
75910430
-1199964133
-1745056409
1125670699
-1666078779
-1133695729
465426504
2006415010
718932782
-763238218
516471238
-1226498346
-171605478
237585018
-354240496
-849058343
882999333
349576649
-2134124813
697847890
930680346
965839315
2113015371
-1326874388
-1678710910
-1877585518
1044460469
2064937457
2117033342
147261450
429607817
1343169841
1306464982
1380062418
1959818503
2009034280
-1768364719
1200325842
-1481841201
-1530316193
-1024288698
-1023630515
-1742296938
105806866
-1623911310
-1297768671
1964774166
1039178514
764825868
-1295138739
2091853638
-1577218067
-1761592809
1929572788
-229026869
-978252469
-1708185610
-101604576
-896120914
1293179802
-1803043771
-129349751
-2068066994
227396333
-173197339
-1014369387
-897589097
31121185
-841048487
181395554
-955419533
-1505846719
-256755120
-1438525821
-2137285760
-1973450453
1865176962
958252361
-1904080892
-806914445
-1633204802
-1682503101
906041117
-1850677370
2060450116
1501703431
-1465722052
-580073454
-2124686257
272241457
-478291500
-1284708443
-1823365642
-1269436245
-1913032627
-68801132
1795705396
-2068350930
1816073278
1221043998
-1667475643
-1880289271
880992987
-1385049136
1103975475
1289490209
973157292
-1268001750
-1757809489
1130579512
-1003085184
753557122
957036068
-1010411151
-1750121312
-120152536
-175392247
-1447645677
791084358
1581342922
-2044071562
-1713966963
446440783
1997616666
-264704518
-891128135
-1777337808
-444570195
-273880149
2121400932
-2051045338
-840311002
206432381
-722753522
-246611023
2092075155
-693379881
-1396449811
-710883774
-200372458
449145187
185726776
-1383013838
-1489461817
-2079650267
-220557407
-1898348042
-777314600
1987460815
630631202
-891320687
1867115258
-1811093422
-1566142980
-61204151
-798160128
715078584
-1194618628
-1818811235
-257724479
1410781744
2092201471
-975574923
319734849
-108298646
-1638137671
814882203
296205842
-943497435
212981681
706567273
1204588536
-267843835
134345103
917224132
-227450165
-744763991
537858713
872142152
1399126177
1336647164
-686219653
-919488572
1201266219
-1122839093
-145735098
1951357160
1686556255
521538200
281164474
336371005
213331031
-929380435
-1830864184
641209684
1506719608
-1664902797
-897042863
-1347884222
-1194205737
1072757252
74487092
643674955
-961130281
638317309
-1212575097
-135588900
1700118550
-1812428647
-28455901
-786925378
1310121609
-514113029
-1813526939
2126005641
641668581
-1631690038
-233412557
-1364444330
2065796160
-1613190654
54440765
-1981938248
679895032
1132505609
-255181691
-805362965
-1141948973
-134935040
631646496
-77423794
168605031
-875339684
640594749
-512345074
-1559629892
-1885591884
98532198
445139235
1149938735
1782343388
971057670
1155652224
529639320
-368973519
1108419882
1930254470
1933824431
1004588086
413687435
-157037639
-304155477
-767148705
-948798004
1735586741
-1316965589
-65180883
-1462310145
-1652991646
482672730
-1452735366
1057586541
575983718
1309767245
1579473173
-1261383018
-409789477
634728110
1934126993
-710110858
1243327041
-1772420705
-1443060646
-419029494
1122278582
-1052356904
2074322440
1572503825
966036836
-1984908015
-881597705
183797783
299223354
1348557735
-782517225
1698324910
-2026442530
-604196231
2062356735
-419284482
-1195363103
1939196947
-1553139384
-1084908672
1411621172
-856115698
-1995096296
-347891706
1138895834
597128118
-1067815171
744357374
858159838
-8814867
-1612541701
-1585570314
-256797305
1864889166
369483495
1070720098
2001007819
-1433483371
-59503626
1123699613
-1732729088
-781338307
355332496
1611688493
1621326553
880397930
-1095977622
418816331
-681155185
-285568503
1225571539
-1079005279
-305424290
-2051248587
1822687564
1422765141
-948111054
1776535772
1221630558
2091331142
245166754
683853474
826642600
-585030764
1611124509
1737349124
1709788727
-1514136219
-1787620510
-1729530688
783958042
630985702
-872182731
1426958708
526613812
-1023547760
-1974860977
-102605947
-160135597
-2028069716
-1826500715
1900111682
1875669889
-1578063336
1928049805
-826672056
-637918566
-1235108789
223528205
-1509762009
-2141701346
-1826368619
-1167049420
771710789
1355094856
-412111701
1711179678
1142252546
692322911
-98910621
-1583685165
1590725661
550898763
-462336069
1729647615
1202809941
-324087190
227371551
148762600
-1060269485
1355924900
-558617621
1601538843
-439384890
-966617668
-371769555
-200316823
1597252048
734280169
149977264
-1156414319
1150615456
1078423205
-1547050187
-552043970
-1784302753
-941441853
438614787
1328492851
1803821648
-1199874617
-564781662
-634794812
-1151712974
-1830317711
-1332186654
-278033017
-1437473304
-1421330277
-2118333406
-348218805
-540962981
1608567108
752341710
-1671699383
-276609121
544337899
-1757812951
1643682457
1104479316
1401713185
79337036
2132074727
-902551218
278341209
-128215443
-1575043738
1369182584
-711191294
-1094200220
-253791740
480887284
-1264707881
1970754923
1749595358
-1180357753
1585022069
-1098321627
16284661
-678257100
912771885
1391405025
-1283370974
611668774
-1838744805
-895641313
1173379911
1880502482
658743927
-2126979502
1307157959
808463708
-1676375510
-1113403929
1262892855
622195514
1977427876
-1076270459
1705446997
1224387607
570742764
591331990
-1758780360
-1841162759
1520318456
-272219130
-962203959
-254130523
-2091176386
-1696249781
395777649
-2115780287
-692094582
903797924
217797395
1376961083
1106041106
-1172206940
-1055284164
1753146730
-276749881
846210289
-1762699111
-683373966
-1599089427
-796926903
1292933289
2007866219
-1002042387
2129928390
351955122
-355624508
-2032087703
1600181090
1345213944
-1076423323
-74768495
-679507012
1430209324
-315690477
-1451594828
1347221019
1434060835
1789140761
-940243174
-779121229
1330370759
-394746589
-707267312
-191285465
1161013074
-1303171476
-202492349
-970358961
-2077559368
-2063700709
-107136687
-1586593222
574999140
-598866966
-141606755
-1585529226
2115025959
1238816009
759026018
1267095694
338643309
664984385
432766986
-1635347757
-1708396879
1105654107
-1749176896
-567378593
-963727310
1380133825
52169539
-1858067882
1315310310
-1266898842
2072311037
694530671
1656324271
304740579
-182256556
1183741362
-870566964
-1095136542
492909119
723747971
-888584815
-1580485953
268502811
-1394570018
941288538
1095777387
-2146577474
672999395
1254651069
1232184980
-1420337204
-317226091
-1352228354
-1000969214
534640969
-2137430818
-1595334201
-1587347644
-835718801
1465697750
-140835048
-1456644981
-211709246
1847956548
653230204
587027925
1044767841
198857828
149634429
1086520653
-148910435
-549606422
-658884776
-2128686607
1953002703
-1819862714
-1760767756
581800565
1942018149
1983470378
756187664
713284198
15866174
830032968
1570210236
1877208467
-12523720
1225799520
36578314
1257919912
-1869743866
-1854871687
1000595204
-2112604646
-217670586
1606875246
1552755424
-1702069686
-825904430
-1668535380
431141234
-421838364
-1309232811
395822392
1507688673
1275408265
-653167839
-1453837065
740767133
1818131885
-1562446016
-2128113623
-2066854000
1987050945
-765175096
-256925898
1675503251
1930061203
886219891
-2007333971
-1443024349
1735823093
1819227502
756628105
-978610092
-1367896675
-1672350863
882474677
1768372229
1723711307
-384598001
-1902587951
-255221164
-38258128
962007375
-1734696650
50837332
-1801175666
734052218
-1188825801
1401018877
160467099
-1079878602
419358890
1217326948
-1190872149
-273275181
1479340710
1822137643
-447010931
1272967652
-1990796147
828013370
148746036
492998161
-302664116
-10933074
94150553
-1988063701
1063275233
1226413073
604021216
-2040743807
-375596771
1326290635
2106010553
-295716495
-1534126933
348595161
-836038135
78506817
-1156140208
1318416828
-1695473208
-628013265
-30209421
-1797019725
824894252
392745926
-1870364448
792487467
-1501566201
468722803
483186888
1058595446
-940548500
-1681473961
-1533307380
-505837125
-1006007143
-297240995
1667499194
615604013
1823458064
793058447
-1978752041
-332625537
-1385250810
305596581
535820382
2123219863
1718904577
477977567
-1406464888
1808114817
1215273916
-31978476
2116427598
-2105412954
-1127782579
1907428361
1360807979
1057125949
-432223351
2107581702
1983845158
960757504
-1974736729
88364454
-964208369
334074147
1372018978
1307757039
-108734456
123137409
-2123175964
-1180647263
91246663
-1947277032
-1341061984
1701114322
1186736409
-1097119817
1487444607
1195002554
110879273
-1159000587
-1677775618
-1625091381
-1061497598
1500479077
1570594582
816893445
887032529
114243079
-713930596
1953984647
-641914257
-209052672
25968106
1246213992
-418463073
-723511155
1369697727
1182120647
-1504938861
804767541
-895420061
1798180128
-1887321419
-2138990530
2030922510
2083322849
1925744547
-18410143
-1193300342
1951450428
1532385658
-824361536
-447156201
1656280895
1189502294
-1590940393
-684718706
-709792735
1341017881
1911390770
2049480
1305221085
-1699364500
-626640738
1668149824
544938756
-1856841213
884468131
2037651190
-259092785
-1593831900
2146478193
-1298004842
22003315
1618125673
432008600
-1417492263
1206403513
1930557635
-284539459
-1195161301
864529613
-1939088446
201111434
-1497504882
-1198266027
440561172
-1914956570
-442189379
-1688367931
-2041290933
-1042568346
-798815596
882032625
-339181853
483002370
-621789778
-1170175005
53602946
421118475
-1286240945
1423679470
-340632447
-2034794148
1498495620
499574019
471097003
-2122468401
-510568567
1432318530
-200317629
-618027533
-1523534742
1056618195
679745099
62714619
-1967592980
-893588233
765411587
1248952312
-1918566739
-2063914407
599148975
286619210
-1166065015
-1170366038
-6812259
1325920596
846658623
-1020532372
1228505958
-1889119378
133221716
1979079692
-61498509
-1434094049
-1604390858
-1737693898
-1173609277
-2066667125
-589515611
1076154469
2030287338
2145367850
1557847630
-1978372936
1733229148
1563319226
1658898872
1109694988
1855296491
-1613304714
88111971
-1834642618
872800398
48110472
-1847984850
-728397328
-90432413
264048571
921480697
561833735
999847926
-339721356
-776247414
1871529234
1456310979
-301932830
280141492
904755062
1862593017
-899874444
537780661
-621923576
1716512640
455519883
-1075029792
1434987492
1190575421
-897035920
-1348850309
1614658684
135833748
2031684744
-1244726550
-1702401549
489929262
537544646
-2030064116
-795616853
905141755
637219424
1407481572
-57078756
-602873990
890645445
-1187401604
712896743
-1744736713
-756594739
416080645
1132505130
383870613
-174431694
1901413442
-1930492650
-1664818483
977433918
-1733731801
-934533699
1251072054
-1951193146
819569597
-308857808
1443382470
-997145002
-690852792
1192535241
-102682408
1623858093
1319447722
-1170438716
1396017455
-1645028245
-390324471
-2004503532
-1796598470
1579981320
-96409425
636422516
1911426457
-642289400
606699058
-1750804549
-1611786529
925034092
-974346796
1681016180
636855449
-995448725
2098314284
-1919721555
1502939279
-36559263
-1728763
2104882447
163754569
839726088
567861893
-1169912274
890397396
1668492261
-240536431
-1183312094
-1589290810
1650279684
-692186512
375524950
-656230274
-878178330
1916351662
-714453857
414692528
509300410
195122498
2010692240
-149734624
-906322741
379139058
1559529228
1904814509
-1007380166
696450294
-137907429
1078284176
-1211266836
-1307019813
-2039544063
-4800795
1308468165
526292138
1439417484
-421514645
-800423659
-971446967
-470963538
1377995655
-756656302
-935108320
-371122614
-1541231474
-1491664120
-144728833
334924882
-1598278845
-1848506100
1590456638
-480945903
-184100962
-572913673
-1657962459
1576923333
-1551076657
1757236434
-732283250
679726448
1361703554
-1277395186
77750985
-805206545
1173732451
2040240054
-1934631489
676739659
1915373027
1783535591
288146009
64811342
29090876
-677989761
-1328169182
1405336409
1580013747
2130435347
2030571050
741453429
-844833508
1356463143
107216685
-1027076185
-864111453
1853365912
-83132427
1778138503
1942258888
-862749603
-90814724
-1114820589
-1484883285
101657710
-1857321900
-1255104064
-742031223
1075103235
1523268811
2143368658
-481753210
1291936001
-766528694
-738709524
230762924
-247617103
106005629
-1856859926
-1663932365
-1277756494
1759467704
-177558290
-763852286
-1751467984
-1079750632
2097974968
2036489845
-2016130218
-928609047
-2049131461
503343201
-253651711
628719687
-2100416404
-1968917164
-1613190987
204856583
-1138909604
1915905312
-2001397548
-968665897
542462345
-1883265638
-684572404
924746659
809385840
1047864991
-958708719
856141114
-254271898
1210206807
842051724
-315805391
-2051304025
-2102553155
-766574254
-256976633
1894177455
-1325587106
2004905177
235234441
-735686712
-479516064
2060957671
690747511
-1454376988
1922479046
-1600585845
-1969269912
44159916
1436633073
638627408
136375530
-1593803816
1995313769
-1027075920
946496237
-1143698240
1082108381
-1341506361
-1059071648
-1155877069
-1621249432
-106741432
1544957980
-115111289
1950081045
1257164724
1441542913
-742568975
-751821403
1793775048
608446558
1699966742
-1663181937
-1403667914
1549623702
53773281
760793927
-1289277288
1386459647
-1528425
-396260670
1110300833
533000205
1821374247
-473758662
-376759147
-533011281
2078349510
1874822702
-1133903110
-1116058376
1641448123
-1628907604
-253433969
2145243650
-845102729
-1834038062
-203862147
141433614
1968344808
1554259857
-89633588
-2146017808
1026303246
-567177036
433399064
1223102889
-995056179
-1519676128
-128241789
-1275156651
453618693
1178538845
665787885
902458695
-404071969
-814877355
921642338
-1194327950
-412845974
1931252314
-1207387692
-682495990
1933016165
1195193709
-2033069815
606631786
1414169694
-1556659268
-813768490
1565618744
-394288133
1509672812
582880397
-448205114
220205207
714171033
-1655491149
1433273019
1241907984
-918688102
-23600138
1775093234
-1767742754
-384545911
-402835363
401119137
1028230760
-2062474239
1188913089
-459009603
-334244718
693741865
-1395836805
-1277276515
-766282854
1155238641
-1602871458
1815962845
-1217711836
968732827
1963661287
505429380
-1863458926
1543861629
669762483
-2092685207
597714073
-1177784828
104521008
-402337070
1652364561
329185532
1179986327
89293917
1366325771
106701069
1584469529
1305789987
1282724648
108237448
830370904
1601034265
1748167208
1726392675
1625360920
-21653318
-1264317503
2034097026
1410852918
1917371106
362428849
-1628175560
839826648
-1707891203
366012950
1827491340
-369781531
2056109152
276424701
1319621567
105824439
-2117221386
-1604376264
892344717
-743845873
-508281569
-605311629
499385779
276683081
1193571284
1073396361
-1313667279
67403728
-400394482
-1720841709
78804433
1377463763
-1313955224
-461325246
-456561049
-247384776
-1348624894
836117486
661106521
1227475921
286652585
-1180647442
-2039531167
586028749
1263190068
2117006761
-1640974191
-611108496
1402780720
770728173
1591146903
1289067270
549596863
1658834175
951971650
1792727060
573521852
1198205682
-1477047228
1718948561
334984739
11802940
-1073941191
-1369024812
369288112
-929509242
1908461288
-708180979
-1376262459
949914050
2073275591
-843746055
-169564528
382972290
151577540
327177233
-1396593300
-1068401528
-938588862
926438531
-879147640
-1486245479
-1389394335
634077732
817200070
-284771178
1527928706
-609379164
-1947144987
-158245172
1964896265
-294440446
174375137
990941322
1797853796
-919442366
-26183527
-1335007245
540396620
-1880996259
-2118225486
437131542
1358067531
-1670505351
-1951251269
-1046977733
-1272201859
473549658
1306288529
-1763901569
1607706266
-511454441
-1679782395
2045961379
889057587
1488613648
1525885627
2040689696
-1536017349
1236526367
954950228
-911350658
2021180617
-1626778099
1780917967
1334148325
-275858405
-1915287225
-1168367316
-439650828
318470621
-853810736
-1924860078
-118189104
336596651
-249734535
1525189682
1318047104
-1620116780
-1009488048
-22405589
-1500473992
-2024665759
-1699009963
-1171822672
1201444723
815837013
731498355
-607246809
1444347781
-1559683275
1752015790
1997056788
1320197744
-1905041206
359885720
-683680906
-236617931
-1605573340
1862352137
1106461041
54903278
-40358174
-1770737650
219026476
787533787
60552881
423885601
-5613060
1049050297
-1262382062
-1434409318
-1025406783
642312538
-1712673185
-1190296731
-665040752
-799392910
-830309873
-2102339339
55131282
1887731374
1460602424
1766260344
1484584491
1936900874
2068536917
-488058036
-1308920227
984468579
1578861641
1394395825
458088815
263120715
1933018787
1499496126
-317896503
1703589660
1014708003
-1010565479
-785010910
1328697679
731661693
-365999134
1298311900
1096432142
-387923364
58571631
-699839826
-537127418
546066089
1075981630
-556195709
-513727102
1733982988
-1983754329
-139946335
2029051061
-1765729358
-1822006831
1995371277
1407200598
203265105
-37869210
2022747438
-560769678
-1768136600
1037242250
1726544304
1145915261
920280011
1837799688
-498749269
-1327169623
-2060218530
1675341262
1689842179
-1360373126
145458720
1238131611
-1405735919
-1054261094
-1399361941
812990454
-333027198
1444101097
116558713
-22928031
1408893823
193251800
952744746
-512204850
1207709966
-1696792841
-709684221
1980531794
252638391
900943819
-1424826502
1229592600
-381915286
870355685
876573808
1798976151
-629889120
-1588752337
-1985366530
2044038919
-1331875905
-28659320
793262707
962707728
1317686978
-1252415341
501178013
69238980
1422888729
-829743668
195086664
-1139588657
1204803533
2079963
1732322051
-1761310227
508785639
-1220726228
-984938967
-366232933
661433362
930934207
107113247
-824753647
-942025089
-1239171268
513545434
265578350
681443592
-349266102
-968834653
-1224006091
1886886295
408042016
596386846
-281555720
175028425
-238022821
-1754011513
-703376558
858452685
803027730
-1249686977
-1697211623
391828114
914635815
1151073671
-1693183788
628450081
648825823
741699978
-1884922005
1723886406
-1836705099
-473977184
-1406522595
889995126
-750320022
1482642640
1885603765
239095276
-887546528
210534039
-481092096
-1696478956
1974960936
1031179239
-960220039
-613411795
-1584133543
665524594
-1086320826
1611191849
735844259
-1482774489
1516985191
411031255
545268259
-1080444676
-1398957780
-1087043005
-1111333640
1534419182
14137832
-793416100
-167340523
-1749116603
-744856349
64593623
468039256
-41431012
1151801236
64963411
-1188671780
1923382560
79074575
-433538114
-1972719734
-142426472
-438150980
975220470
1819017974
-594328924
-148504503
1232428979
-38646936
-1854930743
3727585
-205919325
1848024375
66488236
1246706589
-1329997610
-1646384547
764601117
-1755986630
-2102553252
1263661896
-1522246057
-1557039860
-1287336660
-1071632146
364226181
1689833267
-161105338
-1749955549
1414926728
-843375093
969855772
-437291474
-1862660873
96292584
-474318034
47658649
-110823065
22767107
1383766515
2071757384
159315435
330874286
-33801217
1594503116
740122590
1196983503
-125722015
536796408
-512947489
1130049675
-1478269875
877762997
863597852
-2001414847
1116702458
1001778194
926710739
1673239225
-578310195
-955022945
-715762666
-122896483
151901367
-2001264134
1095093198
-122036185
448859866
789034666
-856353023
1746367515
1004696434
-52200405
418360663
933279736
731125490
947302473
-1277559847
-1925941911
-849174931
882790833
-972296452
1613848321
646710071
1325319364
1690015966
1924133672
1316777164
387936686
456488911
-947709361
723797231
-1638289481
1685332242
266859626
374925846
-293957160
2084656099
1835043231
-526146555
-354654063
-1457080132
-2084810181
368623288
-1766454023
-132853549
-1609774619
470478725
1621838102
738908647
-1972141547
1183672450
-1198853778
930261564
94005190
-2047263197
-1109621794
244304100
-1904332695
-141491417
1034444713
-1567537601
1564353053
-1817723211
-922555693
-1077274428
589540125
534683842
1301559472
-947125760
1850178681
-1470162763
-86309449
2069708766
-815719415
994914892
730012827
2080476713
-441900642
-1089971008
-1626048356
-1353499569
-830106759
747569191
1052883225
1819368295
1446712832
-1917090535
1970387562
1385449589
-749411666
290960022
1753835500
-869656852
723565131
-1351776730
163060572
-101671053
-373602723
-183834046
-1957028504
-1596246292
519871965
35647218
-1909843069
-2047979087
1247535406
-730502985
-785144072
-1256483040
-1243864758
305404330
25563458
-1748162215
1384384062
1934805220
-817350247
-1787353786
1258612952
499379232
-826073136
-1737318693
-632466531
446810015
520245342
466984350
2131631872
-182310837
-502891079
3136873
-772236079
1963531295
1702353642
-179546257
904890099
-1075557179
1670056797
-1164716164
1724622162
1691279488
195345401
1051533696
-537895149
2014840140
-428525200
-172266675
-285496564
-584807870
453416919
-865849697
2074088309
-1081726143
-556974216
1758566237
-2089893664
2127131338
-881593625
-227077602
-1706901402
-1926932948
-1625709998
565296878
2103310626
-163188768
1346936861
-1447637936
-1285847837
320732214
-212596050
903741063
86138908
-532612048
1547796356
-1082726639
1061070111
671228589
-1405981810
1195085939
2125907594
1186099145
-1532916550
1432068668
1674935553
1880792707
318666955
-1454948029
-407348195
-1611413343
1702509935
1460744242
2046706339
2112611536
1265986960
397669448
703601144
-1762557170
-1976487958
-1275198887
1429313748
592735052
510272221
1537554458
-55640778
-906034610
-1499649660
457319835
39317911
921082070
-2061273595
-252187885
780603746
470747392
1582589226
-1332367645
-1510424414
593511919
-1833894096
-1186271275
405490429
710066601
822489567
-1328007260
1026391520
-1318990529
95426522
247067072
-2004864517
-159295695
-470163144
1164143185
1208121328
-1647924209
-499437230
343685500
-1322820538
-599122589
-368245282
-713908506
-818973021
-1186876722
-251823300
-136736394
2047850554
1991461232
1019937295
-47085730
-900584063
-2145466995
-442181104
-265864614
701802279
812071533
309847582
-230429638
-1491829179
1397501058
1009528216
817819550
2146822099
-667790896
-1104634129
-2049410816
-1796699299
-1106414455
-1850218634
-1407058952
892489973
-1187816457
-800951172
613980346
1145346667
2113527710
1526657436
2075811298
1435458491
1686145185
1056692306
755458675
-74922298
1428710756
1601823953
-68420579
249003589
-1874660494
-138902508
-1256090178
1056474106
145441697
1305644851
812116522
1570330151
780844148
-1151670281
1615898415
-864948157
1337794240
323865264
-789332781
2045879019
610119825
-1864046267
922934495
1456273174
-499010995
1563009931
1930882720
78254221
-675118566
1795289306
-1988461844
1074545561
1199313277
-802566434
-1587522461
-1133063683
566923587
-699119190
-945422346
-1932917978
-2145618013
265056530
1429578157
-228783200
266093732
-1482698951
-535596636
1854568396
688367804
-1545522072
878640470
193727952
1170207161
-1439962079
676378909
232676046
1048175076
679260019
666936825
506683223
-1070508701
1073146000
155914128
-1333850334
963074527
-108913764
1559537269
505387000
771202150
-1097561913
-1434486100
-221338638
-616803951
-1203938403
-2001298835
489163495
331742185
349305756
-1626449624
-1889163489
-1637960570
-1631104506
1280541385
-625524405
1969674745
-294053639
671350588
446220217
1813203307
-1842444356
-191911373
1022903491
-856455675
483192923
-144153818
723536008
-358059374
1235100277
1689557403
1433582046
-1357217437
-2087082157
2145900967
-1538571642
1896382067
-1375917251
-457630540
1109379745
-1716103222
737257480
-987307389
963164003
1863682085
-893377293
-1246407052
-1824399098
272041942
1727143860
1360200965
-850365440
-462362647
1172763340
-1005263464
-578211465
1470102408
472436003
1791147128
70632180
1368404896
1516310224
-1959192291
-951118505
-635662141
2020941623
-340364113
959311626
1765920592
-1118695336
1115501768
787625337
2020422096
863937382
411866750
202675649
-1425863261
-1410301289
-1211185760
-6454105
-709952037
-1961180102
-1300585410
-407385653
-120987545
-1661400307
-800323986
-385611236
-130023053
-449062960
253584973
863372686
757340431
-1242570731
-2087037884
1977318410
1891761934
-1035764134
1685202828
1589112230
-1328662224
833261401
1256633075
-333469162
-1770141821
1255297181
-1626668577
-1745886367
287560453
1524372568
1757569427
-110577705
1319707278
1299111539
147864241
-871798975
-1559528980
-1700970777
592281343
1826498394
1112622927
-241304245
-1092571283
2121419646
1346388711
1613457837
107069014
663794593
1558963403
-1085905244
1969443334
623359618
-954542820
1415020709
-2018563204
-79365345
-338642326
-629561707
1348187504
-143592085
1731988053
1616861088
-218300522
1727593021
-1122123657
2096912968
-1462523356
-1993204084
1874534273
-1926541120
1493206418
-5351975
717742243
-936919429
1844177568
536904684
632911153
-1523952897
1467747997
-616335934
349847171
50236926
1906694117
1784870341
-461512676
-800714586
-174590294
-2107281603
1814433805
965685303
1501054455
619173126
1249479067
380214742
2074589426
-974864509
350553631
-67291231
453072993
1140520402
14180397
-732670206
567088238
1391908416
-1760541448
-1395904440
-446206290
1822773759
-310437899
-1397549197
-1389674401
154038294
1215163581
1732623950
406528241
-509572200
-107431113
2058993603
-1751371577
-466304744
1519858166
135597162
1894534206
-1922547877
-116012321
255265890
706341613
-1030918321
2105083406
1265732196
-400281810
2100504380
-1447104775
1281145877
105769437
1911512377
-1794027562
1165163418
-795437473
-201454368
851261242
1387660913
-134704410
821838917
1466610690
-1301752449
-1457776398
940739619
129624950
17195620
-1960658406
1163992920
-2045186646
-1102123498
-1138268916
1622386067
-1795691481
-37053267
-800377135
1554605387
-591939893
-340166021
384277589
-1260773134
-1542937875
-564773281
-335378394
760157034
-1137819452
-1278059174
-1700151172
-1624588361
-83983608
-993574046
-1952020104
886147062
280575193
1380042102
-347394128
-695189618
1379867104
-79027982
489699051
2128424100
-285379404
-249816028
-976277208
505621716
1599516542
-1469572066
-1270513179
416149789
-358288673
305087437
-630615651
-364280548
1567586064
-1252396982
-620677743
873895292
927513419
-1538709904
-1651486773
1278749100
776884073
1687733677
690154335
22463699
984159179
-1403939811
-1545185036
-1069538816
-386460802
-467175468
1620643714
-47579226
1433820314
-883854981
85022044
-560878010
1834646250
1548626973
-90770063
-1090955667
1311537361
868300355
-238254898
2036279777
1588562539
-1732102083
-2069300122
1499067415
-138230030
-776422462
566930197
1720303079
-1202023326
1869895867
-377961502
46299266
1681041760
-2099618981
-29815676
239199139
193186135
1971271538
-986484697
211886852
823566052
1007901955
1979021935
-616188141
1438603379
1743798803
834928316
639421669
1122233130
-460606013
952725424
-727246486
1265180677
-345714527
190032621
-2029341726
-1853829311
2120160826
-1355006685
-62676080
-493490690
-357196813
-1983749559
-421325652
2134463007
-285652712
1691239977
-2007471971
-440643468
-366312395
805914914
314479975
-1856726757
1513087396
-1028698839
-1311012767
1467414051
435201895
2126073616
-1935245268
1204605041
-1938605513
-381562870
-1668967968
2063769319
-808663075
-1962421394
-574501497
1072407490
1638974143
788362427
-793463346
1733925955
1430520509
-1743037988
740884217
-1009957231
1874894653
1266845100
-627848937
621732317
-1531652476
344608443
879413623
1728842951
2088277575
2112912978
-449898662
2034935295
-988120703
-365044812
-32796695
1461097263
1891520391
231843750
-1822358168
-1433759208
-244023207
-483734478
-2121683540
-1812826117
-1959599558
1580057767
-339704886
-1106803911
-1643326335
26378723
-38760175
1550689085
-1907248207
1788202707
-402960071
-421340519
-1156187449
247331131
-381377061
-1224728721
-2028165677
-298138958
457575716
578641426
1230744010
1332010480
1163005893
652247532
-1833986663
-1520337844
-288613843
1201252513
1929359485
1093840767
-1817692934
1259135860
-1168823919
298165165
642338988
539765481
-545444696
-2128874074
-598992741
1531603116
-1762201507
-356669080
-1170767574
2147138481
-412348057
2121630952
-68451011
895310491
-301805775
-365833455
-1741043992
-1402095519
-1581318743
1795150604
-325384344
-218378449
-484458408
-138913854
-2052085162
-734743159
-2123013454
-329753698
-647448551
-818093642
-1421090386
-882340713
865735580
-945766565
1610349209
1870861421
-1802643648
2022079333
-415378649
37167410
-1908667116
-1663686100
1572179659
-1552027125
2001286723
-902059051
-333224632
1173187639
1981896141
1832383223
-144306554
-1945076656
-911445382
1336775040
1259837353
-1693595695
1534379018
-475090982
209319263
-766938408
-1880752208
-535768503
-655759495
523697708
-1479510079
-441642858
1466171837
1952219520
30540456
427402225
1360063993
-2099722760
2113002781
991162131
109787995
-1160641299
14416790
2132829347
1877102336
1363889901
435912445
-1151864870
-1182578230
1698356997
-1753530206
-2056207511
157939573
-1432625599
137275762
814396057
596187884
1423596403
-321632151
-458917708
863677401
1788902195
2068241477
-752250205
-109192838
-1745345497
508085371
552767192
315745979
-651908220
1189154158
-69994643
-1629867136
-1664334380
536906718
1434466957
1013516097
-415154183
1704508318
1783313682
978579676
2134328433
481645961
-172473489
-447885403
-1372507941
2110050486
1264450768
2016401858
-659013703
-867482902
1722285183
1285305270
1547012726
-1963043762
-106865271
1165618490
911419307
-536855967
142134433
-462194861
-61183587
-1378161105
1327060035
1016981408
1549336842
-230944317
-2042542308
-1073701644
-1909520348
646265049
1077079208
1360664868
-867943971
1598785752
145806365
-1242029023
-1295853211
-1440947202
1655828871
-2058974136
-1793389072
193991644
911730996
2014910456
-864438596
-1777817851
-176935599
443186277
1393163090
1659794946
-1030827564
-1718391381
-813097973
-6028408
-131319139
-1197859802
1730692821
-863622164
-1438840873
527151872
691041335
1106434006
-462035804
-2129220598
-593981294
1694213684
604183545
-1086976817
335443368
1984217458
-1545201723
-617946906
611809378
283071463
-1215746472
1640138120
1739951821
938626962
1895326210
280861281
-833990043
-537166587
-436996357
-661345366
1939956374
782108064
1794900866
2098522487
-1495274625
1234365698
1271029319
-163545011
-1167108872
497233341
-949842163
629368567
869621206
14314824
714450315
1661384089
1994139501
-1566803143
-1257104749
284809733
1446049110
3608499
-676978826
-1739965107
-1463245455
1613528348
949813157
-1732825448
-87743443
-250918637
-1578731365
1723410233
176644358
225566881
-2105463814
965786621
592283471
1159519150
1628934132
1279446980
-1233813711
-976125003
-2100231700
579656530
1064827635
769495483
89055068
-1472897434
1966118010
22396
-941111047
-624308724
-1052000493
488687591
749827092
-1927506897
-1527017104
-965274931
134983234
-571804558
346074096
-1576548396
-77236417
-1992562113
1797570339
649704625
270488847
-75082721
-1516734835
1143927446
805062245
1069416524
1753140136
1344067304
868546376
-1689489788
1850475823
1986378548
-1260971020
368270111
2050942617
-2047684509
-980085250
-991664285
-1742810141
-646221523
-1119336518
-1992658153
684846482
-599087157
-1874150944
-273253547
426404088
-823469328
-747440275
-76868956
1182443701
-1314204167
-1006156858
740214341
-596387456
-898719646
439062307
-455146291
-406120665
-76425092
1292881194
750934515
-388145708
-389511844
1817874906
1685197739
1347079057
-976841706
329652394
335586419
1023800845
289764395
-240903695
387143403
-1512286048
-1153267905
920588936
-1363466581
-2130108788
1321752591
911597997
-104738224
1035193733
599772321
-291970774
-219317544
-2125425550
476432316
-757212235
-636591057
502284917
-1930105446
1660061082
768584457
1793731112
416972763
894131095
-2105736206
-550865622
986219709
1910967302
1249695651
403942361
-211374710
765251137
1633636502
1904899424
-1870221231
233720897
-10998309
1471075315
1809320152
1943798408
-503156948
1765171545
-547203888
-1698350527
2108304959
-24162390
-288571574
2102067620
290077019
1579954778
1777086314
1874839199
1949319982
-1110125707
-1367789991
-1675397198
1880341468
-1680303829
-144066432
1900433178
-761747621
767770511
393899506
-1817531343
116983037
-721622373
87414313
-2057265388
-1054565298
952816759
679455476
-2137257338
-397393121
-793371654
2140495536
-2123333613
-1393889054
380794736
-2100014667
875313784
1317024568
230084510
-290886893
293460545
510973896
1410729730
18155646
-433665868
1845747538
688288094
795441542
62285037
1303318019
-156582025
1083800074
1894276938
-474501878
1842832154
600793070
1426253576
191451499
-1426346145
-782438389
540511790
1632222226
1413888305
1084165735
1439958953
-1512167638
210779149
-1351631451
2050892728
-622357329
-585890039
-2106318401
1082699402
-486739391
-2052147689
1077639665
1344607524
42149435
-1465009270
520046072
-1525681016
141580804
-131269159
1294207612
-770377965
1313412516
1611828643
983394505
531145766
781910170
1560360947
1548713413
1486685704
555899884
-2039777084
95599646
-354399733
-922449538
-863727161
1470019010
331529964
-312789849
308660579
-395081580
-13380225
1676734465
-308668932
-1457462692
-700708981
1388928128
1050851703
-821768194
-1661744910
337391045
-1641312002
-745813010
-1047140587
1259052980
-657580800
991870947
1330510454
-86757053
-1011972741
344124874
-1370894690
1874638997
-147972483
2073752573
-1314986944
-1913969594
-1767690009
-843620172
-922521187
1202945544
1690176372
1301842107
-2106817238
138150510
1749000185
1227527525
77147761
1370120711
1143353581
908066240
-642985676
-2068086865
-709307604
-333586679
-1367800105
870858784
1646446583
376498274
-1439059457
-883999025
-1730415809
326684097
-1450432395
298089461
1881928226
-664570325
278173520
-1008379925
-1444309579
-1548723934
-1848441517
-1994362950
-395262460
-1819820196
1398511507
-645517582
853872982
-847717707
1362885725
1127230138
-1401459787
921495909
-468574122
1415223848
-389422420
-1479747467
2088145378
1428979667
-2014033582
-1766188690
555693769
-689940315
-1151786873
118660948
616904728
-423074827
-1582678147
-1207748910
337856581
-1211705132
1886453882
1751821750
-1441814635
-1249665882
-1939474981
1485012382
-368604478
-416395532
-1407161509
-546247181
2125973463
355778177
442906517
-81272553
1818815839
1799560090
451453383
