-878762008
-1526171147
1006327998
780089601
1146174060
2066956361
-1844331004
340489538
170300686
1034097281
-1789355619
1751964098
122497172
-728562556
-356325977
659752988
1506951146
1325781101
-1625481509
2066148519
-242502824
-285123661
-885830434
1357365824
-1887134985
-1373967735
299809750
-982643124
-1436666784
1661511047
-935511233
-1428956932
-1259540569
1964201354
2048718334
1492231635
-1134241913
1116568023
700790709
-124522395
2028456158
-1440539514
66433881
-385535648
-1585762981
-970454755
-59039998
1858383824
1922182517
54544763
-1370408702
-1191009634
-407597666
-1692857097
154634808
1845388889
-1399215432
-827957816
2132769189
1290521400
1938966984
1404848294
187663679
1255194463
1435709160
2116049585
729854981
-1625499295
2128457602
379230610
-1418160813
13666054
-2124237894
1364941279
1744003447
1713497165
-1227891924
1249744835
1570180995
-1159102797
-1627539241
566474206
-1109298076
-2046719819
-948872616
-1473853846
907067187
1868972436
-1525510566
1622065822
1428612811
546215255
-1252286900
-863218602
960355483
1784690966
-10588331
-288156173
-1721001796
-661469324
-1572454780
549284992
1842500421
-2054577811
-172200884
-1840160747
74088158
-1008429231
-66450641
-1362094464
869882003
-125592049
-1657330248
1993331745
-1618992918
951719094
-1593577555
1165666068
-31632842
556949049
1655133829
1365909653
1730605
449500018
939631895
507166880
-1858728776
1606504809
-441897324
2021128152
-1679573494
-1928140843
-719178569
338420649
1488404980
642345954
703757626
2104240304
1388542582
-179768524
139741835
1542426457
943288216
-1471448277
475245503
-1655814455
-166878598
240730216
-1654892601
-1756827137
2067201450
712018576
133007328
-1433345227
1702622901
1601695823
-1467185840
290335115
737654016
-817735777
-546972082
-381266713
-1815457320
-845400502
-157780415
-363785194
654607814
-506603859
757392685
-1258942153
1712346919
628532414
-1724982678
-52318120
-1243767300
190957391
350582422
-1382771615
-365793025
1815382419
356700364
1334578736
1491914742
-1780786975
270670613
-1755325947
-771481782
2107792056
-1422976482
-114045152
-1376892710
-667754750
-165092309
262301096
2046137868
-25218404
1276975947
2016360143
222926629
792368662
1876956877
-1231103182
57060314
-233612105
324644850
-1635529851
-1911226073
1891727299
780510691
1965434735
871962718
1381757439
-2055090971
1608943282
-1648546942
-1685315724
468942026
312096910
-595852587
-497187469
1789981354
6395239
1032523695
-1563050279
1110612435
1717520037
-2092244848
309321876
-736399363
1556195547
1166164600
-1739906459
1466366145
234728490
-281435274
915722215
-1061260212
1210898151
-1051620737
598853071
-1302442673
-1216983429
-110610303
2133589876
-535825863
1149569675
-1722825034
732756114
-347370072
-1114925480
-1114155459
479586122
618156572
762840167
1052714213
-816639380
-1820766995
167835748
-640115892
-1231566855
899675263
-933303486
-3102680
1417983970
1039984051
-267186777
-273416988
-393038058
1264223392
-1924174713
-48103570
2067279547
-1967885182
-139838450
35423567
-1008747590
-1170597134
1744858307
2008001531
-1171602815
68788823
1611263722
-1664195990
1910700803
869543836
-1587263447
1400207334
1168783619
1739800354
1996382061
-353352666
-274205550
-855483144
-1659198706
943144092
1701336790
1613737033
-1077220048
68291339
-2061971700
-181865963
-1743009172
-1356072613
-1970637873
-814606556
1264256688
-1075657040
170046618
-674409162
541041763
-108709448
-882434166
-2044951681
-1854430772
1379402820
1146699624
346437201
-1904070476
554486810
-425470489
-1386174949
-1862056887
-901747448
-1477773783
1435472273
1747425604
-246233028
-1281047673
924946220
-75588530
1358673107
-1896294255
218923477
757191327
489022895
-226452909
1605379292
-1235769112
-1403922291
-1969030182
-1824464082
-1000747917
-783277483
-1041598986
-1414763065
180712071
493071540
-916703424
-359873179
1757295120
1523693799
-1648111522
-740971651
1932678015
703511514
-1370038139
-1338790286
-1271285009
1410623345
-1387755969
-1076673276
326553737
1105098020
-1642293138
549039366
670239528
30475729
1409739664
138445140
-1889074881
2070194893
-1264375997
-1562363134
1534600186
631335995
1830154251
2005209560
561285283
-785162079
-1854903981
-9637890
-826842041
-1854363209
1413174193
-1471910669
-1989730920
1739713154
-1499509906
1193542595
887626005
880511650
-453776572
795736185
-1452432537
1598511847
2144851817
1805689041
-255549938
787705641
-477104948
-1221065678
1846137404
-1558953640
1183600798
-1158347046
1689783809
-1202359855
-657097709
261067866
-342331481
-189417229
1628266601
-1053000379
-1411284129
1201135090
1155190569
2143747108
1920472860
787203818
1783059116
-1903618644
1259268286
2068837943
839582432
-1802680270
-1190096269
1513949443
-398826933
47660638
1796299098
-1269691617
-1652127920
1014528287
557630056
-1208896490
394270129
-1930353442
940380559
852353407
-565064619
1152159221
-1931929828
1493164691
-630215862
-1133778846
329707360
-887002882
822343180
778657463
729323666
801321721
1521718791
573086805
1647411955
-186924392
-773349030
-443988263
696418099
-862341536
878840285
1040390869
-583291117
195729180
-1681934235
389717954
792353867
515911408
300587078
-1550276811
-2145199699
388742574
-173910248
-948040879
745853577
-1543004568
2020269246
324034684
1435151443
1407005253
-157565021
1261669973
66772611
1799234712
607926599
1016805
-1495505732
77945902
168517369
-71271660
1205710640
778382823
-1110662427
-582779043
1362081090
-911367033
200073553
-795333691
1581059692
-1827737138
-552305117
-1674849271
1295988066
-695640891
-931178842
-1976464106
339892599
1350386010
1513851789
-225589059
-901094848
-421333713
117204791
1093892262
-615380618
-1805933138
1916724276
1614539909
-1777914080
-1104575648
-883845113
-69083252
-1430926351
-2144416129
1051330093
1813735712
-301652498
1408800969
1192075102
1662371022
-968807597
47403158
-1011551982
1016145280
1092884407
-1942722260
99862854
-817231893
2024982382
-1566198702
1616466559
-2105493429
-637510354
2132033826
1055353871
-1383661742
651435508
103666723
338739862
-1454953891
-445208792
-493532010
-702452533
-1422466328
-23469313
711428880
-953282436
1633388868
-895394016
470789448
-1981688878
791479943
-339285622
1057141554
763600601
-427865662
1408341940
-572006068
-149982912
1701438585
1775475701
305427511
440979548
-710378929
-1153069787
-90801784
-1619553934
-1973028863
1092355205
-822877728
330335285
34588053
1159640539
1132470329
-543178355
837642194
999712225
-1849955709
-1008557414
2081178866
-1185324321
-547885202
-832855049
-53051242
1670669206
19699081
1909111106
-408476935
-1308102560
-2130307188
1419302108
-1877147800
1834007188
-1457155599
91072493
1410403825
1800635951
1296881096
1746067114
-1490277286
-2108978768
1345590475
999840986
6519380
2038720578
178633392
937508501
-899562256
-1011406304
-529659970
-1795579570
-581454510
-1936468172
1813069987
1175550228
-1978419549
2138544130
-971733116
1022948884
652068684
854163651
-455953836
-574669214
497199456
1098279637
-677924248
-1663270920
599598681
1596358737
2018664779
291282686
-312255994
-1588765187
-204093746
-1877998517
-190236476
1327492965
1721773156
1897680939
-580336404
-360093373
-2068868692
916387170
1601415051
1416300071
1800427085
-173014927
645472344
-2079823533
-45339383
859016983
-1371111198
-383988761
-2119390196
801946650
699901704
1228101693
1017515653
-1171455162
235940526
1839159190
-965477512
-1457036874
-221433171
-568912395
1983604177
933148241
1384850699
-423714741
480369083
-2015680873
194618988
1704837331
-470037710
2051705757
-1450468153
357490111
-1342653994
-244569258
-608687781
-412443116
231554562
1105740307
-1837314588
1259239633
1296585501
1591222348
224407818
555389527
-465407185
-951328608
1647851034
1923451908
-844474441
258406938
1483561975
1961568800
1163686843
1430074037
-1230989486
-622529540
2133818143
204322337
-1550312424
638202456
-1015968966
1360155847
-2136290772
2007429125
-1967732570
-1166725365
-1557581482
420470987
-1349286313
576671952
-1229037446
1962103436
-739685906
-814284480
-72223732
-580547416
2047820111
1095551692
1419253699
726221219
-1248592528
-1809678478
1989373836
-627378427
1960806004
1399307581
152574913
-1104115839
1239031031
-874793198
90066074
451683161
-450020181
-1493416536
-710534941
-260803840
-1560693725
1030128856
676695023
1383710720
439805422
-1924300522
-300605748
61491230
1989969640
-781207234
-878833481
1895177915
-247894580
205289620
1529959122
-890945412
1122977804
1986415878
-706413805
1103674669
-952875036
540024243
1029796480
1924799458
-503767124
2107024816
1921438360
1558863199
1520623213
1330665224
268838420
-487309127
-722632265
-239474171
-1736343345
-251941316
-2004528975
-1620697939
-108977407
144600207
1316115569
2070636175
1857756083
-1118272490
559055246
401777855
118365806
-918489961
672425714
-1003093474
-177766346
-383147745
1269659124
-632315938
785878966
-629696986
2086942629
-315899324
-879313732
1119292913
200803177
-2115336784
368132839
994105143
-1804268854
-1707515942
-13218915
-662896121
-1860383096
-286461603
-484263101
-1767311640
884494580
1202187129
-1794171480
-876258239
-668296835
-706474476
-626301503
1773301243
443506059
461275650
-578128741
-1295537308
295363211
1866011525
443194252
1620967254
-1473417910
683020567
-1169715796
-560871784
-195177850
1770836582
-1860864893
32790659
1428421826
644950943
-1345577981
1597699560
-737838247
-767012625
912550328
1743995441
1882418902
-240521658
-36072643
-1356617018
-525703550
-755875
-1654470671
2067816625
754582333
-871894022
3228139
-2075932540
1885565841
-1440035726
894038570
-603749255
-1101325052
785406575
-925811695
1690926299
-1821702483
1127301619
-258837487
1758104229
2000214281
891410076
1005852071
1116383336
2102101774
1469255977
-1792744311
483970417
-2024147839
351197500
-178426597
-1895114966
2125278596
810067809
-1412130776
-775674688
-273284238
-630734002
-440580658
-266876666
1688150767
876651116
-527555656
1249998488
-1230899398
-1647891818
-432786798
-79787453
326495940
-1906582241
-1478250823
-800925788
966194438
-1213059558
2000834610
614145038
479802767
1831766996
702617054
-1815528527
-1215464356
211737253
2141917162
1539615991
-539310229
-904369944
-984490612
-133450191
-735650414
1676844871
655872491
-1478991501
-2110718324
92664123
-102566818
-447329605
-518061996
-473247278
-679260199
1910811736
-1527878219
-831737677
717899171
1178750345
817920546
916538207
129488716
322385763
1372643010
-1152082247
1994267614
-634760200
-1856703281
-1807817529
-1335208878
-1420862539
25272608
-1283421510
-700034235
-1694780149
1456203011
-475104469
884747243
930556498
-77518768
-955803481
-919511996
243767785
85037242
1881236589
372106892
1682244769
-1900545432
1559350645
641142263
-38429093
-1026529853
922250164
55356061
-1752709905
-827920751
-1364612194
39012531
909771087
966172738
-1453150740
-1348172037
1063220972
-1955546230
1616175007
1067608189
766600535
1838825775
-666595772
1791069559
-1987796949
1022809635
-1511654280
189368209
-1757142741
1687508181
1700313774
-1689666220
1140856998
1938005955
-856078289
1983156445
1060315171
678725971
1086144610
444186061
-824872135
758899939
869177421
1603543683
-906997059
-808315618
777957467
-342988659
-1268648413
533834641
-1376633249
457523291
1185197853
-1149833859
1257460696
-236641227
-1267588216
-1621995026
392627318
-1718823314
-549076600
626806028
1282961629
400363225
-867184143
1277820080
1600338344
1490094972
1386007784
1927776826
107191983
-809305981
206230729
464934305
-1544368499
356148087
1323400011
2035957195
-839243172
-145609297
-646040350
-1610442210
269517250
-43601402
902438500
145799510
-1216312527
-309063219
-1865156369
-1400440424
235412585
781704451
1295220745
-1637298745
1228138305
438864323
1586068999
-1761262569
137608871
1577611005
-507362637
384491999
759146469
1010906728
-2085199831
1557981362
1650867237
-531629641
1797247489
-1852876625
-1608442313
-1764131062
832041650
-428850152
-1902868336
-1291761497
1404363573
-2139469791
-718588011
1995795433
-1734129432
2071281418
529544218
-940809352
-1610381899
180846447
1327252004
-1611575110
-945828237
1011563742
-2065369098
-1800511352
1409467275
2093014442
922206539
-517191900
2102161374
498096638
-1423224097
-730265749
522047974
2132342836
261509684
2006415686
491868955
1970272871
341980562
2101101414
-1984376425
862196038
-1063411634
-453755857
-1887428612
-1612404693
471973711
614163956
-1721950315
558456427
-674076211
-1781859739
-291186501
-1486405137
62458460
1951938885
-1561381511
354852611
200709161
107277919
-1838595469
537229677
310970498
-652352838
-862971389
-1373633855
-2136649573
374517003
772595108
-1692818957
-1892782194
1238734186
-1827905133
1591107630
115298467
-515276727
1945333427
798871267
-1773357615
-521202527
-2131050832
289258276
-1707537788
-1017015955
-330557849
-1789640143
-603185503
71763547
669786757
1934498643
-1495462458
637461441
1934817901
975121128
899471062
60102093
1448045919
797487807
953444276
1374625536
569343446
-1977502811
1615929677
1753998813
1995091760
-108309441
289871836
-897177123
967903636
1552179482
-601844887
-1357589595
17561615
1680620032
-1029270382
-1530686342
191653120
402047117
-676961907
-1085175564
-489441098
-338158591
1626627948
-456469775
-1241801129
-1421318570
468499363
1313693388
-650464509
2100074133
127314375
725108687
149062456
-407683996
-1634256488
1032359909
-1145734537
84467940
1919748417
-484630892
-858150617
598810809
-516007971
751254313
-610827078
1150210921
739720253
-1330907596
847382030
1316410346
-1928461336
-1261554122
-1181234667
953040501
1604320866
400579481
767760567
-982632544
-906413903
754429919
2115565046
-485191509
805170460
833295390
311796051
1313463577
-1458263243
1892262571
-753457296
605736322
-1810072550
-848480235
-566433290
-1853103193
-1712683273
-705161387
-119717448
-1450454074
442431950
-1949557437
909156120
1385834288
1255750266
1719482186
820235433
-1566772200
-1563450384
1462243679
1278818325
1807335084
-2066787384
2108763950
-461675199
229824361
325897211
490726550
-2055147602
1166789291
-1963561746
445374807
1059372578
-162744957
1178995631
-724876278
-124040057
451253196
1193224317
-1803917232
1320693778
-407905408
-178550387
-1458183090
-1799013977
-618792633
335560203
-479041192
499047035
772637265
879840606
-1662682132
182431482
-433442972
1184536240
1462580961
-1499507733
1025307960
491300013
355765727
1592191442
790875650
-1336641142
1823785745
-260052331
-1201403826
-1359898808
-2087975911
1592276322
-1961742575
865978425
1823236676
553678031
648535806
-2061079613
-687498754
448283458
319888664
758074211
-1610654328
-802311790
1329595016
-119325708
1916868327
-571730962
-1976643152
-466153679
870274335
1984968957
-1656371073
1873516920
601249953
467038023
-1466219514
1812189136
1497133825
1568210131
-1445328565
456147501
101592555
864808208
117622621
1644262898
-954110633
451762424
1006315176
793175222
971768059
-265319054
640547210
-1156013238
-1969399551
919909367
-1582996955
-1603930885
684872186
805953912
-1203699338
1673744147
-98218991
1388949375
1127711654
-787050330
1464598915
724353940
-499901024
-832015734
-1248341938
-768546591
-1219112989
823030694
-624661720
1755684888
-1520467304
-1412381329
-682875470
-1049146988
1791315687
-1260127056
859328493
-1887416898
36997509
-238646647
-573090580
2073683890
620323473
965624249
-1591111477
-417565151
-1367462240
70413343
1634800095
1469675128
1330490646
1529033853
257931566
-2003333567
1791156151
1296525439
1528983073
2042316490
-366590083
42325756
1329551736
-112369917
463575723
-779104646
-1624745091
-1095116884
-2005907423
-235503625
-1245564548
615587247
-851158030
1424837094
791936626
-1723402550
2134677811
-457756809
509225731
1912673392
-1337860842
1977483291
879939761
-1535020815
-1267785930
1781920583
-129424309
9886424
-259480781
-1130840969
-997682270
-1606397293
482094977
-2123408523
1245153922
-338289063
2973053
-70112038
266670816
-2041202616
107894465
494599893
-2028747697
-704906547
-1858694216
-1992479190
991934136
1781215047
-1011978380
678694782
-1501270966
-548347154
46113982
-1005049647
-264051025
-564550159
608700526
1311768394
846683007
-1652614946
1997346045
408517946
-1473168391
-1373705145
1948523352
-730516390
-493386768
-1659914591
560737526
760021079
-946961406
-757939089
1626608428
178507152
-306996464
1968195231
-1678252097
917800990
-304704791
-1346534605
1053237947
1728214804
1885312072
2099440675
1050489218
1874692103
1082910208
-923647871
-1601967321
1008815824
660269941
-1116005410
-2114423300
-1621246576
262673998
1544460268
511734377
218421492
1132838760
-729226140
1910931199
636021945
-340255987
2080504105
1924295116
-351599502
1282325605
450152109
350397168
2079435913
693001260
-1824618349
-953039760
-188989565
-574368091
-2117198186
1988903753
986137479
-659254067
2046136232
822582728
16423968
-1959799596
1368267614
-1259496680
-1088252863
1812432328
-1606320758
-696029156
-1103035255
1567533715
567363625
157146495
919869896
-1591314393
643790719
764451592
300187586
715301623
678012032
1192797234
1921315890
-937390168
526023026
331758075
1334412817
-2093720824
1034636495
-1293636100
618464535
705293630
-1530263953
1059801785
-180394622
197626947
-980045082
1751379258
1352670229
660775312
-729388757
-1410784294
-185354653
-468801767
45835897
-1159272866
-2020330675
-1602654343
1265927289
946223944
942661576
696728942
908750240
551378541
1145224163
1567907462
852177878
-1769784123
-145576952
-1133953766
1440165208
1111382402
417790593
1994988923
2138323934
368341091
-1313346242
743635563
290185727
-1283364535
-1508150316
858731727
-1788163372
-1863225078
276836809
427559585
1386129372
-1073525884
1276668174
1742080299
456755487
-239783179
-1041594164
1719201393
1743786901
1743771786
1368745059
837332462
1811560903
1552439861
1735546542
1306102915
-2014029130
1594573251
-878717556
-1024882772
-1065817348
122675501
86194588
-835945484
1917389873
1794416685
-369574329
330284714
-631458161
752488212
-53150206
-432988459
-2103879463
-121908518
1808494292
-1987018396
-1233644937
1466154614
-2076073194
-901608279
-1412240411
585411952
-389066119
-42068216
-1918717618
1930425267
-1322815667
-1824174869
1995264884
-1439598937
1260833792
537313784
901706450
-1236548737
-1427565340
-425598586
1325791491
-1798392113
1317872180
-396529076
-959650716
1935182176
1297999448
-1105845925
450013688
1085953607
430275688
-1747564466
1110233484
1400270387
-1933305106
-983080257
1638707227
-1216345081
243068655
-561977604
-596417421
1365851816
923214636
-1153468934
11958807
-89842665
-1080977499
-657811831
1953584743
106009025
1120669022
-507613239
-1025649666
-782408171
-1896822172
-246270244
-1269780389
-2129379497
-1191839214
-762625060
79474626
1499710388
-583119472
760742415
1407818596
-305518955
1771348124
-110284967
-342196803
1041217335
-692672884
225648369
-172965571
-940424069
158262163
-1883770025
-1659890390
33712634
-595691965
-143195259
568409284
794827356
161183058
840228708
1393568937
956627690
1087432096
296920961
-171697541
1025533024
1993968760
292727808
508977855
-386786041
-1931533803
-1829534000
926378247
-489807869
1922803816
1327899935
-1484859821
-1983576599
-814552552
-839486448
-1630086731
-200154476
1677092298
1267049643
1162366771
1177005112
-2086262366
-1439679723
1432875248
2001043383
-756718840
-1920377600
1287845517
790255155
2000791214
-820505756
-747911476
1064697828
-57133870
1899656047
-1771200650
244217898
-1198211648
-2107776327
-1946658945
524150501
-1816565094
-100996421
-779903129
1712251652
-69718437
481709953
238773218
-1187919268
-874405095
-51356258
1694316218
-271629638
409859978
69641057
-1823940108
265893947
-1012354872
1461422405
1275365681
-1447236390
915424344
1308261805
1075248471
2087578953
-1660498328
166111184
-1847515536
191561477
104949848
-2050140687
-1110857775
-1596236892
402121595
-399205676
-811851138
-1997288079
-527504355
-1705914772
749713869
1052279098
1335023816
-180689448
1407106632
-299261593
75082179
-1681860976
-527195433
-1707733426
1309080795
-1246725925
1808637982
1857079238
957675877
-887448188
-951997916
893049850
-2010023806
2065386188
-1713202124
-2133004418
-22090332
1956861090
-731529464
1009300135
-172174511
541508625
1711738147
-1167337450
554934311
860209657
1344461181
-217882474
1727825951
-986908415
-663700379
-277393368
-314733035
-2050645301
1879435939
-822861734
-302601849
-673401750
-1627170084
-986151969
-2063268708
300670480
875978042
-1386000548
-1404201368
522605067
1396214091
-1015637121
-878666386
-1927903502
486942249
-954043306
469483110
-1961268965
1422946523
-1329944098
772328255
81178447
-280795909
-1822386727
-183273882
1184712385
869067672
-1365054749
445675080
763759163
1743623261
-882712377
653581590
-458344295
-1300677390
485446158
1397008583
1878941307
1915767458
624664281
-139735198
-1962301643
-25142723
-1021220624
1726303101
-1428371190
751143487
687439130
1080552704
-1420623718
-564935887
566853038
-2071399890
-17117288
-836656561
-1190583703
-364860186
855339711
912583274
366682498
-1908557787
-1979235578
1091215119
-2084366852
1119322574
427193873
2012425705
698545978
-952554323
-1519848981
628968035
-1721764392
2074742457
-612030478
1097883537
137875895
-1167503463
450177810
-1140736944
-825426599
-1364825239
-1046317771
-1229070933
-1988025744
-25649731
-1018949638
600931200
1796922289
131299557
-958786396
-574342302
-1238583316
1284975986
808236884
1047604673
-629089695
1356809721
-1802219141
-1708689080
-198325173
-140846314
1379082121
2107627654
-953265215
-257588301
1327539690
-1189491248
1168073662
826836362
-1951272654
-625102492
90470782
-1736439321
-569825898
-594608687
623115019
-1277666638
1086984606
957120150
898788118
1148414892
-226969576
-78494455
337413642
1443312632
-1042152113
2120976250
-596796322
-408314915
1295917948
-1715417448
1615904298
-934870326
1623138941
-1066330862
-163542019
451715482
-1388976444
-718619263
-1916691
971001112
-1683844207
-33324412
-1209415186
1729322180
1579476067
-635648724
-1549271449
-317277737
-1928058453
-2892389
1162169858
1368545924
-1756504893
1679053287
1229027267
-777867904
977600286
610015043
-1577443749
631421380
-1202997057
1935688032
-1483911746
353498769
-315364882
239256592
115754483
-1867440204
-101014487
2083531564
-917790934
954305035
-2097299879
1715891384
329456403
-1928938425
1484388421
-267110076
185644909
-1503506446
2047041867
605187732
148624860
-1042391373
1385231948
695177347
2061405439
-390397999
-1764775192
463432740
1433433793
1951898101
-1711255061
1855932713
1224708079
-1382478541
703011078
-553562744
1168047371
1626995019
-141915199
-120064165
-1828927393
1835181099
1542148528
1589956871
-1867715244
1505379511
1958550500
-1459895392
1388922115
603698637
1757181348
356428684
-691329012
1353962883
1422158941
1525355365
-1518544473
-747629390
1568817878
-210880220
-567406600
-1945634120
-2066439257
-1777221253
-298308186
-1575706248
-1060698389
-1202340479
-2087452499
462777765
-202293452
-1338841452
-1827923341
1173456704
-2029100609
-706071430
-541846247
1299830366
-1323467288
1437938121
855530004
394758190
-644753441
-1996705143
407846395
-896573382
-968910180
-789458665
1032160673
-1774036499
-2146618096
1405048139
-1327650714
945315413
-2059348324
1481107933
-988388406
1630147112
834977478
-1664629756
-200117182
-1173684212
1681151018
553034079
1067222863
-1499094254
-1389414738
-827244520
1018149579
1856968067
-1802583815
-218122938
-1460126331
-698325025
955100452
-155171437
2036655376
377480226
951636146
-2137742306
618384600
-257638071
469443517
-1960199262
1152471669
1577323284
2055636850
-774871593
-828243133
649970188
-1371668545
-1277184744
1325748018
-376604729
-866298806
-1413499835
-554167079
-1607341207
-572175196
721797354
-1499768111
538143342
1309866942
-134618208
-1334523328
552139175
1765527195
-1938896205
-1648116045
-526873982
-1513139641
-666088699
1970732849
-57753458
-1747262201
-1245279439
-1382255476
-1047590083
-1669675311
1077558514
-1562021638
1002772458
-244892418
-1421309754
-1200661277
904716317
1954790717
-1538027570
749329660
402053134
1262572491
1327933432
2083571091
-136183449
1090828512
-1918650785
-1308528852
-86120882
-1982609044
469847025
-623361971
1700970658
2056607490
-1514444719
-1594064746
-15838845
-1654029548
-49084673
-611464940
251145496
-1370482335
504814262
700949973
-2028437877
-1783259734
1358027541
-320521025
-1786214312
1792475307
736266369
-1818751587
-518757177
578236489
503843401
-39706758
403294902
2120283911
-1352627446
643116850
346544796
2061688510
-2111408300
1992143685
-565168182
807013005
74482317
1700382958
-371592718
1891384333
1892849173
-22454668
-1570045203
1583380425
1744572074
-924438849
-280664904
1732836589
-432935922
856121901
-700382273
1386775612
1414125286
2099112102
-964947618
25688647
-826990363
861135085
-2023785820
-1424938789
-1267129559
-290807495
1169000281
-1638530118
98868964
-331860733
254600514
-252474226
-710409153
375284769
232956834
610959898
-118439046
-1870489836
-1846418684
1391939250
-1970926505
-2039534435
224410936
861268461
-1410883656
-1845750635
1802119578
-2139774568
206935943
891667454
100852121
-1981022739
447891669
-1181297068
198150519
-751487740
-1029856187
-501616599
-1750752947
1438900616
825997483
-1280395536
1955660370
-876023634
1091451887
-1135218152
2128997467
716700515
-530366921
-2108282532
2015881125
1679523524
2035903301
-1594141607
-1328120110
-1802524717
664567324
-857116832
482153777
-487479706
1426246378
-482145907
-1133290174
-1875068062
1163854625
-245227496
93336440
-1435666903
-1452828698
267573994
1659429184
-1118382768
-1563992401
287637107
-1823273918
-220447083
-1098818522
-2019416390
-1476405786
-1010925040
2030819668
272900021
2146103065
-2108072793
1864705787
476573402
-1270832048
1016212934
-1582910654
-1552981515
373958092
957338704
1069634967
416036668
-1029730272
1759438544
2086139088
369963680
-883722000
-1188775181
-1495536749
924234853
-71040006
599191610
1482739448
1731568884
-386284454
-2003537429
684948332
424987119
-1858277879
-929553336
1486523352
-1182148474
822975398
-896749309
-693854463
-1011820280
-1556861832
978069232
1548422961
-685658179
-647299405
353198332
901120023
1945427698
2071136762
-777230243
282650347
-1207314860
125378085
-153467382
-1796411179
-229481599
1892272707
-1091307667
-222237809
-1895032868
-47304734
2030533207
1502385224
550090656
1445742221
1401496628
-1368428341
-574880201
2114540438
1185593471
-593389856
533365708
-1323984364
-1117195657
64947698
1979838494
-1900771537
746288659
133986033
-672684393
319086234
-123839438
169789049
480126877
-1774146719
1366019606
-238284
431514407
-635111196
510616595
1914845819
-1252091758
338532386
-528204925
-844331709
-834609228
1299281210
-987105284
847038262
2130751281
-1833942737
-611572796
720778784
-478415859
-2132118549
-692411515
-672485492
-369521022
954788486
1967731004
1223248558
-1176483820
-1364613689
527897207
-1865833341
43947745
1694199018
-1587577409
-1503835593
-654654915
-1175824221
-641309870
-337451578
1013464190
37456483
2132577557
-747826972
-1703393773
1633063897
-1500427832
757658145
-1454821925
-471903557
-474540165
1284442184
1278788276
1043023045
-1247542976
223004680
1297336913
1223268353
-1882348511
1850470358
54890832
235240265
1550585684
-1287735791
1277683851
-767659254
-1959922772
-522832538
-87743571
-311773622
-54798765
-1188643979
585297160
-1609312277
-1188087114
-1056711244
-481951066
425607216
-394397760
405829779
-24366947
3160704
-148296631
980221153
-134538073
-2037015702
-494762288
-380457106
-2076723471
313082601
-36580248
1018216176
147022899
488505064
-137360656
51008554
223950080
253006343
-846445945
1948450890
-384385441
-1350245729
-1339928002
-1636225646
1879140249
1616680451
-1527643122
-1268484549
-583909036
-724198391
-8317941
1485309333
-402671136
-1582600504
1612803801
-1851299982
-1340226864
-1526855006
-166173857
367946181
-1692255284
-1558322556
-1499808838
-73206651
375699109
-143895444
-423825035
-1958609961
-2146572118
19948075
2092298486
1266085995
-493068999
737653356
-1614405574
1819234853
610876824
-2045239820
-1527014204
1543653632
1511080453
-1234809558
1562895570
-1858181073
-330096629
-2139477542
-1125490734
-227672188
-1456076266
-1658705611
1307998740
-1362845931
-362802102
1999811100
670255039
-219238116
279810703
-605084771
-490872055
-1612296673
1553449968
639516605
-1430849118
-1677807792
-452305115
598998647
-1655227024
-1723210954
808244334
2081885445
265137282
1217570955
-459450207
-1062699683
-970595267
257856360
-1427567226
1721264638
1319367643
134930591
-1209148574
-2005233173
1038508566
-2024236185
2122829777
-1816514313
1949719071
-1327302338
-1430972968
-1841522621
-1636224043
105189387
393796410
-143242491
-55194829
-245216638
-864635126
573481866
5462793
1402420939
-305830527
-848673667
1683934958
1204734822
-1324290799
-1548428695
92192884
-825123256
-65961798
75952508
1963824029
-1176204726
-86133861
-1005788275
1045718670
707546819
1173606859
2120229471
1029228674
-1718373005
-1321242007
-1064017370
-1755681792
-161797470
-2078435599
1343121483
-1388492720
-1555614840
666037201
-1011711380
1123016235
-1915394321
-1576206789
1054140838
-1952148559
1211485206
-490702020
-1145661930
2091932575
-1740586024
-1237070834
117261979
-682615872
92266509
2036769705
1866318049
-1749449052
283266352
-2093198945
-1751413349
-1393337201
1058779714
-354947543
-1292782321
71059380
1966516973
1553380220
1378631639
2072430499
869416939
1101404257
-1934458907
1543757822
-2095840856
-2127003644
-1992399417
-1491239309
1171171622
-1498115317
-1065523669
282905573
-1208524000
-1739024918
-308563034
-1178084116
25307506
931942517
-1146957648
184907135
-1788883273
78731958
1436597747
-380840976
48144435
216720128
320686276
1628616471
-2007449101
777208131
1320631793
130290642
388606258
-542708830
-769948484
1441934764
882268415
-1194221502
891577895
-329578789
-1075165925
-1555834779
-1508932494
-185312400
-842727641
-658253642
580732642
13540297
-1984753154
1053749990
-1915437629
-150431159
468627295
-1596666761
-531414354
-412884917
2144015311
1172291286
297752847
395632211
-1038629699
735749295
761959137
476670854
1677135078
886417533
849771963
-1567405989
1618303739
-21960609
386718736
227252371
937780864
1017971506
775663282
-790656922
903823094
-640752933
-745942376
1619366142
335456572
470112228
-280938784
2061373480
-161517775
2010405450
-1908936938
167323464
1033667998
-600636524
-2140035658
-991488626
-1493095341
1669764647
-704171281
1685553511
-320246641
-1971968552
556424105
-1407228619
1900124580
620213699
-319292215
-1358654655
954906587
783343450
-1423235405
-978778896
-1966871148
-2100144448
182971664
966748468
779575985
1379328087
-788730159
357934661
-2144652747
2047052695
-1033446798
228147857
756896295
1653622561
1557230211
-1673205519
1815844284
-616750573
444978787
247823388
1127689652
491376285
-1174706
588803424
-425374972
856308180
-1663942246
1774996110
1756678068
-80982842
1928573501
-827869387
-1071973878
-1099945266
-1964052334
-1557510893
643306984
1114997032
-1617585060
1096671176
-208289678
-1286227001
-1417846774
-1046036531
1835579891
15479653
1284605756
1722488995
-1897348607
288008412
-1572275834
-565512625
572529118
-1343643212
1291492723
-1993081339
-1224324832
-2088142340
-1813616693
-618396126
558893204
-1380827299
-2077648104
-5719713
1452832608
-1647466133
-382141593
559528259
1476787815
146260798
669252171
-1888619559
2010088944
-606594495
1670389542
241442979
-634592887
1386120777
-1970524245
-1618896690
-997747159
1635507945
1448008862
661257894
-1016111468
1377841668
1600976606
2034591819
707269123
1733119906
-951095131
1091699109
333238531
1948630791
-613306611
538532244
685677725
-1597148927
1802825685
-1991192980
-1475167306
-843922558
1289602917
-1141912160
-401108295
-1389647251
-249758961
-939664708
-487796366
1501303220
-992658537
776311192
-1000989891
-786969438
-832338956
976820170
-1661104801
-582769035
902307928
740798812
-1395800141
-849450961
-714432146
602631358
1951488904
-1940658259
-99401758
590420477
1365230793
-1555467272
622359589
-1846804171
-1522642593
229913306
241682033
1118440516
-740451630
2097103796
-1459807477
-829139008
725775926
99662734
1808531143
1026776874
1773370948
-1118187920
1062385617
-1177733021
120757190
-1517307409
-716759383
-1163423138
492580920
1878017290
-934706321
-1931580650
775669420
109963574
495592288
-48516926
-1455395090
-280168266
-703466848
-1853144504
-747034905
1417434672
1629994553
-282459410
937686598
-1668705923
1901521507
-79301289
1948295260
-736526912
-231911163
-1393520212
-1350430649
-255093575
1780089980
1619249944
1283973970
-528499877
-1171326310
-1670547334
293320091
106642331
-115088400
1232868438
-1568402186
-582809718
-1474776240
1428359179
1614364177
-196175451
175806861
-388237749
-1612314664
-300415380
1465284996
-366102330
1885446427
-50130128
1703942239
1513686312
1310000237
-35756495
2116390424
-1523192506
76105293
-1663097880
203078204
-1320374637
-1576394357
1076399520
-652164879
-471366440
-1799723548
-65637046
-1798712262
-1136495580
1848519919
-509961582
978963832
-1797702144
762902845
594167085
-79144141
-1700596249
2111579066
213561460
445761306
-1005721356
-467387559
-1725948874
1530894408
832949469
344603376
-1039362359
-1956473400
-1032230369
2027403616
-1196895134
1347153243
368326010
-1998882824
1133684646
-1318354312
-1221358432
-533859558
749858688
1091938707
-1171879384
-1172580065
-49410507
-36514910
-733829944
-1719235721
1889222068
-1342181924
-1870230077
-1394012651
-476555982
917404099
-64486752
-390985463
596300790
-937451164
1440777756
-1307983763
1081099633
-31077411
1620587616
1143285381
1150898833
-1049856480
-361945482
414542882
-1139534762
-262253579
-2046224135
-1961512122
617642916
1667104069
-182564340
-1815164915
1208148571
-1601852524
587186829
-517798966
-118089308
-513356849
215514761
668122736
918522254
-1249220537
-2058868495
1600909875
2052928984
-1996509443
1248026254
-1384254098
1794030608
659953695
-2105496526
624193222
-214458660
1026879698
-182797265
-1284839536
128610967
630869554
2091083533
-1266900881
1747042079
-2014860138
1940560758
-819295167
1969531628
-2122137832
-1367912075
-248801988
1306706789
490025812
-916456225
1016696915
-537692562
-1948357266
-955043056
-1951431970
1603998021
162955354
-1344768037
7609977
-1952425842
965862999
-690199109
439719723
-1227158101
1753857467
-870668979
-1586874422
-2141915823
140807670
-1280612350
-1512351586
1012675416
1784142032
-1788782065
-248079291
322899921
-1904542731
1157644201
-75786539
-447317667
-1429723470
1126412654
1299858247
-930752324
-686790655
-1670337498
-1577522414
-156497500
1309939906
2133059498
912155670
-538276653
-1354684853
1505372451
-232273733
-1268431001
615317794
-1483799432
390008410
-1603378323
-839371768
-1658732287
1857691099
2033657271
522577722
611800448
-1545579874
542625009
1381094386
-1240748208
617513886
789433846
-1328321485
-1288455970
988805844
-667877025
1812282054
-822815912
-1878720807
-2032822691
1540603775
-1855080539
1423299278
-929440056
564612036
322433684
926634111
452741239
-2056215729
552104023
605323462
1543968721
282617138
776522546
-112011731
-580601948
-569540325
-196456082
851242455
1992864309
-1263584039
-1890650476
-878576993
-825841769
471043614
879993815
-155828607
1492243776
921881734
-1890935855
2113091128
45417176
-2054291496
-181672590
215767849
251390036
284511882
1932325428
-231497857
1623482691
-932687734
1596978067
154601622
792658280
-920499653
1183749052
405998492
1753996936
-310340675
-1930754684
-1865707403
-1952865404
-359550863
-1225941093
-401096993
2071609513
-956310852
-1771800831
-1077216809
1340198214
-332265462
1788718264
-2006471366
-726045058
380283157
-1876139334
-1256271442
-1090955424
492546662
-908882899
-959886654
1687828020
-853837541
810618068
2056684371
1637851927
-706801685
-747185207
215870514
977429450
790188135
1671896424
1731674371
56268998
400567426
1654876302
81246055
60237715
1652319315
1559145219
-2022671267
1259402841
-1978606568
1023697204
866984933
1889389750
-531444098
-1902176987
-1925779739
372239826
823942942
1567840421
-385086640
-187908175
-1908977333
-1889292606
1212691077
-25816120
-1755977974
830806143
124668404
1980163282
-854840223
546519236
-1390876153
-1682072093
570176212
-336706667
1358032702
-163889475
-1618214612
1831611526
-13665892
610267489
732183418
-1595291538
399965761
702735593
660784986
522180186
-907194536
135037332
463270012
-1660214332
1808055859
987187746
465621344
402014213
-251085901
36503138
442369120
1244033799
523803373
-1405431032
-2003181325
1897196350
1211718153
-365899068
861129007
20469464
1254135149
1903017103
436358031
-416129998
-807859941
962196295
-1399186186
1534567822
1172522071
-817278338
1935421172
-71273469
-361008243
-689636210
494429767
-268767820
1742169200
-1944357392
-1773750877
-430466236
-1648482202
1017553357
1420861621
-291780471
1147992354
1209824213
696347493
-412304257
919815058
1870162768
1878227291
-1274938242
-2083914500
-1789318286
-2076859963
-1394864465
2038998627
-1743862542
-1643414698
1174433724
-438525393
-1957985059
-1101536111
1074966470
-691159028
1108499623
-443462586
-1565660516
2091197201
530265986
-1424785828
1692471080
100263461
1754714354
-231016239
-270292436
-1430707554
-2101288799
-1905128193
1732257838
-1034601174
-2142720145
1528320288
-468991311
-39674638
478505421
-1817106924
361991333
1554395388
-1595096245
206460257
879317535
-1912838192
-1986543762
-2047341702
204619596
1187347806
-922045498
2133045827
1883538083
695091998
682809152
291467220
-2042601895
-1116027271
-136514888
862997885
1940151578
753564007
1527645906
-562214135
-1625055755
992199000
-2099250422
1841422919
-2021626985
-1613819816
-1726895608
786874053
1327272635
1810361453
-1650794696
-1782075938
1486105569
-758347453
-511043174
1029311223
1959709757
-226830326
-2089080874
-1328075771
691950066
2142515615
-690818669
-2004708783
-322846849
1789853417
350093832
1553720191
102095481
697303941
313829330
1535700684
254050682
-1118097755
27311624
1581531798
1344204121
1185289781
-689016180
1541477921
-346140261
122978366
-858612317
1388153751
-1563848664
-1874223473
1168539336
-1610052016
1077277761
192864409
241300156
1288753492
-148625231
-1365540965
-1170573599
-685329891
2124012866
1714825470
1490980296
909312928
-387199118
1486646017
-1339401976
1438713230
475212390
2123483032
313228369
-1730540586
761557535
-349007471
-484991552
1878366831
455962091
-2142963719
1664751476
237566291
-1625111011
1812259773
-132993440
1710064846
-262321920
2132642707
237527650
-238731784
-1120793848
-414326246
229682069
1266245503
-416295350
1130578496
-1218660126
505871017
524262701
436731363
94602205
-1073094504
-1320360863
614052538
-1804022322
1765170128
733370384
1679133046
936270348
7765494
370540628
-966343900
20838801
1334314458
1341376744
273037524
-2079310901
-666623561
-1712566239
-2120240769
-977479504
-1123380807
369176862
442249765
1698637844
1012788926
-2056831682
-1044468682
510278206
708254048
-1233495854
-1116557774
-1123195464
-445508301
-339349741
-1522337133
-1082958235
1427559498
814494038
1063790826
-1915541031
342144768
790992253
-1111640761
501974244
-1246772236
-2060105808
-1607589411
-1133080976
-947200939
138838861
-494072090
1118620556
1839886431
1848772380
237006020
1105975496
195000356
1189746887
-1484247960
1275485378
-616385393
-868299896
1120276983
-385347583
-1079739227
1460895268
790465962
-1936593407
668310286
328844311
899530485
-761273458
388104148
380972560
-1113192981
-422932907
580799081
820946335
-455620896
2133647799
1651863534
-1365946324
-1444002737
-1640053536
2020868530
-1139397333
1310700286
175308312
690149368
-260906099
87616607
1484259160
-509926148
-783060359
332882745
-1696569312
1851405368
867547451
-1690616185
1894862983
788224483
-1795618180
-1251623264
-1012813421
203609786
-919388493
-1193914217
347569866
944550913
950008283
-1283787804
-1113307895
1843321804
-439216026
2123290179
-745774445
-1928466054
1415214961
1936476636
-385799060
-1759990142
1393986616
1644525987
1973916904
1918224241
-1987281205
923369473
-41277570
1338809651
1273084929
-403586124
-294752799
668024464
-1336659283
143507186
-1368190383
-2086633991
-1427263473
-1906207532
901600045
-1501487227
1135349645
210639090
1246862285
1572561717
-137350750
1430203722
-1432594802
201879423
1538321942
1174903397
233655341
1865375754
-292653713
1365231036
1668883544
-1382155083
1219876263
2062477911
1973017474
975658205
-720660962
1016903606
2034254326
1576205023
-854614318
-1847362827
-703211474
-800392229
1356586700
62469674
-336618395
-912216133
113403357
1944603153
-349725333
-821392013
2001134986
-384395797
947676855
-303091831
1434111300
927216034
-680355390
-389737256
-2138933796
-243718608
421939346
-1777915504
-327348171
451659842
1178527124
1442471040
-563066054
-161507048
848420015
2061550743
1265886482
-1542008402
-47371883
-33875289
1986567058
-407962592
-1589346469
444697452
-1941360653
31670090
823186763
-490134067
1692103108
2092253358
1952148729
-1688508063
1332905249
-1255685990
1584047507
1612298548
13817893
-758885238
597176445
417248970
324762524
1557652426
993884957
430688611
-861940995
1038600799
-132357646
-2037295744
-287846506
1906034215
-1791524629
157575333
-1606669559
-562621889
812561654
-281223839
-104377098
-1384295260
-1805016362
-102548597
-1591015431
1686520348
1638094649
906352845
710261207
-691200938
-402172919
-561971866
-1964877069
-931697072
952213250
-1484910293
276830470
-1482642696
-672619132
-437644082
1644632334
-1506897386
1220610473
-1727796382
-1530241913
-1785954456
315141274
-658032610
-335133224
1453983758
45582878
218158176
1380872208
1333496360
1450850675
1378230773
735366609
-637431107
1326655329
-757547625
2140095372
-507101730
-1131618933
-1550559818
-1277153042
571340043
2147019528
-509826693
481926553
-1830080556
-1961082319
-1021447159
-730202858
1413159619
2116231100
-1127069691
691846666
-1249163143
-423375095
1973591896
-1924654936
658952470
584638395
-1964858573
-1243295641
-561282082
-1477402485
70414419
-1350312716
-1746006248
-1428622504
620878725
-1545523608
679363129
-485765503
795146860
-837680963
-842346942
257032055
-794692478
1147171454
1874208869
1748435597
-1076076452
1874678462
803500782
-616430574
-2101169871
128735818
-1130065823
-1667932511
124156060
1998472225
1454687454
-992531786
-2052030304
-1645250268
1684376013
-1805995132
-496107027
-621198583
-1079806026
-341056250
436501089
1192147605
-1046779280
1109067604
1303242705
-1726094070
-465943683
502815543
871852808
-1841253155
-906236236
-451646465
1884854031
1158734251
-1651274464
-267179373
-967184210
2035075950
791734824
-1653791288
254108210
-1291133717
-1966760209
-1025805322
616802161
-1768152722
737052669
849355208
-1191840245
118882745
-2025033442
249969236
-422877710
814111801
-1738466422
-1517175701
-1576673749
-548115333
481559110
1804144945
1582991829
-142330402
1666482377
486987759
248912234
1740203400
1090863073
-769909977
594367556
-1607344227
397872343
410534632
1682357859
-457217106
-1581809967
-1894950812
1876055661
-179620753
-1470493065
-1703121217
1854975989
-1444606291
824738777
731858217
96136703
-1727284354
1444011664
692155950
890331587
2147129785
-1428349918
1550633036
607048113
1889303208
647463083
416379845
-1122325323
915049980
1225541048
-1442025033
-1665880644
-1619420928
214815606
-1877268375
1916318581
2061954321
-197728245
443353318
1975636059
200921421
-1790160573
519631312
-2036345101
379933579
-875684753
-1698337939
-1513953710
-1587432310
-1538170743
-2001727226
-2102084894
1720968044
86640284
1261550448
1523566437
-416498588
-1803668382
-1683865366
1725979192
846266030
-1001177810
374857258
-212053284
276180415
-805421812
-1943298895
924986290
217043390
-1067400666
816663142
1148738565
1504430898
-805558168
1306973795
-2079173042
181644795
996969319
876095241
175154866
1710512006
1216770686
-741229223
-1991903794
-282315716
341875514
-1897547386
1759703991
1358161978
692422135
-183757627
-985174212
-503558329
2132715722
-489675672
798432621
1423443970
94727330
-248858070
-2087398048
1708523099
1036277929
-921864756
833569842
936749380
1767182319
878255072
-1386848948
-2009796697
202245450
551683556
1560349415
797108377
-1740830345
146997138
1505682129
933358288
1276778372
-1234164363
1739187056
-1950965934
995099506
1476434111
55082247
1105791855
-368120043
-1791026087
-634361032
1171768817
-2049529537
2088693564
-79748407
-1142109295
-630891747
-869042177
-188426326
-2067355989
1897474016
1746834864
-1320460490
2078268981
-1931894113
-1043158554
1852994233
1086971885
-964149637
310554646
-1460726222
-571483695
742726915
2028729893
1431578457
1982412500
-758653222
919226943
-2094638877
1118483150
-1981654377
1325445606
1730027011
-1067435597
-969056788
-441582003
1453214260
-1784084985
549313801
-821702170
294545717
-887967087
-100453310
1446767417
-1389096107
-1303956658
-1269473298
744016119
-359218704
-1054021208
-1973137774
-1398015153
-508696520
-1418246168
-1415073473
-620644737
-665758664
-975587352
-96408008
604404397
1155537942
-755648245
1882659287
-2086869769
1360173976
-1908905615
-587261520
613875143
1706051049
-613749145
-960473610
1116051564
338317211
1711042589
-689398499
1449498598
329807087
-1740399462
1302863297
-1155781376
2082824276
1147201011
-1642554682
-1406115420
940340525
-1387663430
190922175
155288938
329450199
437903285
140159891
-1197518991
1839408106
-146176560
1028472669
73517426
1712246205
741183315
-1667395692
1554798610
1403376687
-1773651625
1708761452
-1733790602
500295077
585053814
-1864667526
58321692
-192429234
1226685377
-287596386
876065769
1640839597
1863706870
-1751537636
756135805
1032297816
963903474
-1821601780
1736250830
204394493
-873914524
1650603252
-20594188
1883050405
1853519043
717799859
-520255679
-990633412
-314762879
1222153888
-315765868
-1416333488
-606728320
1542651634
-567106834
1118538265
-543616827
374102113
1492846661
636125625
1771578987
941527309
72568728
-196690493
950090457
-1712644193
622601539
1983513857
1631984439
-1205741139
1428270740
521165937
-86074339
938757219
-504651875
1452133009
1664865677
-1619821730
-1659348405
202803932
-88167901
1687169499
643984055
-1641515629
1727204746
1433670160
1234236604
949788608
-1510687182
-1557352743
361293512
-837519497
1341744703
-603554921
247334391
-1654267809
1235703748
1602342485
-610261155
1863193712
1352620080
683192363
647113379
149638397
1460875016
-1214294041
599624148
-1409714187
-1431704618
-872469783
988713592
953056613
-1316087967
413558861
601005026
139909440
1569801245
4514383
1051905734
-686060190
-1005342236
1645242859
-497331698
-832131118
-116000538
-254684988
-1836584723
-1070851769
-138022946
497395014
-970158541
-722470931
439828870
1187646734
-746522397
-29537688
671835468
1015374216
1444738562
-1998944487
265547590
-792235303
-1695902799
-1207241825
-600478878
-1277061888
1266817406
-1156616033
-1015007263
1741675319
1206135286
-402539064
1641550597
1179657631
-1078204034
-1890485743
1247432712
178906395
-1533264286
299525189
1581115216
-1059866245
1246264878
218079168
1894241761
-2033037859
-632677316
1420820858
279019539
-184674481
1511665038
1056155972
742787972
-325854791
-1338059299
669215570
1243014223
-1009903879
-232132111
-2081501703
439804285
2047069263
-2086169805
-916611144
323927227
-1624563205
914366592
-1387894404
550818125
-1629163227
-1092931521
-469548769
329078338
35668988
-466784331
-842874831
-839415831
968045600
-666031209
1030431483
267351171
-2110207164
-470921760
652334016
1301504057
878299663
176153829
1244259910
1133966416
1184921923
-1535998042
1995458452
-1382175334
894822688
126888806
1615111676
-400998865
-471252214
-830259588
111826267
-1388325283
810029417
-466346901
-543378529
-60192548
-711417392
847327024
961991049
-2073870778
1060496736
1464291803
275145651
1060694981
283013998
-2081077151
244203476
-404750067
1409192547
876503215
-1476597181
1531330957
1981246180
-1792175870
-115345479
232291552
-3946190
-1206147211
-593148070
2010634889
956109010
1243635419
-1429776138
-1660179233
-1001830800
-641766193
-1324203125
-1161232570
-1314565121
1729092872
-123531250
1093161887
562883365
1336757745
-1464107926
-858438911
1790159318
-1264065928
-929011000
359331240
-669424322
1721826597
1717141777
470525485
-1419919644
-1332733841
206355632
907060215
-1495963636
361517130
-837222756
1804830961
774223708
648835332
700371861
-1872193923
558986433
-187130031
626457773
992832935
795606931
-1668944476
-678790135
2022610589
433468150
-536513857
1375218153
-1273394337
-2126861180
1838527885
1559238117
-1558693454
-2135598808
301892143
-877840264
340668506
-605262772
-731087788
1538930882
-532747385
-2002836170
2109932237
162941577
69727375
898696879
-504350624
-981768064
1565575389
1442735333
-29866533
938962636
-570573783
-2077135470
-1859507860
1646123459
1081231849
2107444828
-1186879696
-965726986
-1304262138
-246063746
-1151389943
1509377649
704298194
487811240
-1149776973
-160947648
-1105255878
795643428
-1385402599
-1982672331
-2047504329
1707328569
1662595045
-522015255
497908874
1409118932
-2069738411
61013759
-1617793624
157598563
-1441921451
-1842631249
-1103100174
1404799748
1184345289
47034754
395191336
358363871
-1072077271
-1097905574
-128010209
-1621297
-592474029
-951827019
-1243716942
1886155335
-1349400165
1150211122
-1000082954
781804403
-1186269401
1054454611
-1909833039
1551264925
-130360198
690270083
803419147
-1982065710
-236906419
545833563
366584454
340926660
622500517
-85372640
-1790730709
1538484466
108521505
563892112
432361477
-603997690
1667481236
-1859433763
439894739
-1887992195
1681321683
954966265
2027029240
-1615644532
164593615
-330536940
