1376214600
301536881
1691272041
1736005127
-325304042
-1471504957
20252471
-52457203
1385821642
-276770938
1552126197
1896543792
-2081574280
-643497305
-597828721
1787490999
-807823992
115426567
1770384533
844592066
-1383526488
-1731022758
1549750610
-1117347882
-751994621
1538369873
-1728292579
505816216
724714930
127692027
1729372398
-1961550632
1813745011
171085928
-518699980
1342690001
-1046947176
-898214257
879904484
-126950738
-8293311
-1999437711
-914223915
-829456048
-1861314611
427129725
-1004539318
1983048526
-1023715955
-1575546314
-52667952
1026506813
494470330
70255379
2118632266
-1987293648
1851949737
-1685970523
-135282614
673911170
-2079870660
-985012737
1246124449
-1073812270
-1064441701
812027473
-249447879
827579726
-461811676
414201558
1594569505
-1903349964
801002143
1102908400
1601301737
-931367274
855220662
633666192
-230237649
1143525469
23100579
1583710939
1036828537
-958746737
2128752170
-1258450678
-1262459835
1740683988
269415882
-1854701423
1152008543
952532533
971493423
381005187
-1150533519
-763497177
-1174547734
912799796
-650944288
-578211640
847187811
1463344927
236869077
-1761501593
-851824371
-310635766
1583837593
1764667978
-1014936868
440707431
-1779338715
1320549034
-899184652
744083709
-369360135
1619713794
844936098
-1098568505
-1900148692
-1232826488
-2115711857
1374501148
468780740
2078599419
1415124786
936271631
-264618425
-1669115745
-494705786
-1775805928
-49068143
-654652283
1522235901
1695798259
2090683624
7003152
-868621389
-1462084920
1441214285
-380709709
349340134
-2057235061
1138765076
-253245697
-595810138
1427036837
-457843273
-168742948
238399688
-715879213
1945474790
538507798
1965438240
141877838
917933793
1178047515
-1363054866
1289681452
1066618890
1640832514
-1306958440
-1328389115
-1383181899
1930752975
-384178791
-347505191
2120665666
1179719669
-1660456263
-74363855
1738542702
889405979
331262334
-37474173
1791955429
-857631197
-1308376094
-1513152038
1457970459
112281447
1073296709
1392462774
-1971975077
-1190024123
-1295019612
898643760
-816534497
1256621533
-1053805557
1552999010
1617102498
1857585177
-637052856
653814277
988755635
1078930925
-1637245983
-718722726
6329292
1480066527
-1164174777
1386968142
1864715107
-232643895
1459984458
-1596502056
-53494913
-1020343075
2067952335
347524261
1410753165
-2133651734
-1157872447
1122035703
1900181619
-806954019
-1463715771
-2052647222
734430437
-1841133431
-1775749327
1928191800
494372600
-2011980374
-1924436290
-374660066
-864517644
1964918311
-1788355973
294323966
-1651408019
1907416471
-699774332
1407616038
-1901562220
-2023529723
463444212
-96129774
-844932918
-82521097
1430913687
1582671118
-2074041482
-1137396819
-1276717340
-136395745
1340866327
-309902682
-739593431
-1058700253
-857566308
-1317590425
1835646215
1835146295
-27555341
-1410358914
1174704161
-2069828008
2094961375
-1578742843
-1261841648
487729996
-918845682
1668045539
543664025
-1978314558
-1598851990
-1533889768
772237858
-730077768
638889134
2078611512
1038185568
475076892
1399892285
385656567
-1455564971
-1423300938
-1154754514
-2031477144
-2022555527
1411229252
-1030445397
-1019429441
-1950581193
-272750362
1697668219
-1552762274
-2015602790
559335612
1002544348
1340903950
-297358520
-714174771
234201238
-850608756
771164590
-360590550
249724236
-876509368
1082408572
1915681618
206704148
-682685848
1148157268
-721012008
611995978
-1291084270
2028807613
-1543357885
-293777503
-543084309
-1864281507
-223754188
-1525161862
-1584768806
-1212569753
37288142
-1584930952
-441836784
527504465
-1020111023
-198727853
-11947956
-895386422
362745352
-507124243
-914896549
-78480149
-1286657947
-1919017566
1534662622
779336876
-1327934615
-1052284957
1689395023
2011465369
-2077507511
187976965
-730951099
47289796
1752567118
-625490602
-1653948425
961367805
-783394564
-1288652943
-532163074
-476718784
-663624842
2017363923
1264319070
1589627246
1017373216
2012646829
98271686
-1028434624
-1691129466
-1891925765
-2006399465
-1948958344
584814972
1020605909
-1712561886
-1399586984
-1807796347
-218613500
-1922052170
296004952
477365112
-1982717481
1624293593
-666702062
1999016544
-1985434313
-1933339308
595710081
-98833500
-1788414471
150983540
-2081740694
1098032231
-1605017997
333026063
-695325159
1565021489
-1334968495
-818469435
-445303216
-1265744434
-1282887767
1577222023
-1501181060
-2011008138
-1380517300
1093280605
-431123158
-1158654675
601461854
-1438803869
1567736504
-2110848404
-738318040
-1201388
2023615823
168337409
1454214956
377028298
-2027248368
961623859
1178581625
-1752059003
327359885
1085365033
-1261699008
-1160698902
215264634
-653574005
-1818132568
-40173681
1258952099
942091113
-778255394
-1079949963
801096481
740185948
1298985839
206496469
-2013429560
1003077098
-953409319
-243860961
-564835357
2129420078
382963806
1560483391
-1697759198
1646719160
2085488411
-432353759
1224593107
591206065
-1619560615
937663607
1142994256
1343392579
461020707
522186681
-1339529544
1749604407
1592944152
-337594771
-725033759
1154254559
2050892674
-1288901720
-1612839795
-1809126859
-1261109850
-977868844
-1237370661
1819797316
-1839851171
-160466510
814383615
773676998
1171806435
155388834
64523061
476324622
1993721070
1110268194
1877312498
-1289713368
205255426
-996902764
1548378204
-890561475
1626078467
2057583939
-937087748
-1594887108
-1769349621
275723687
-1169790542
1256564919
-1994110850
791333352
384081896
-1654194934
1564166490
1446002336
1916184586
284732098
-2093134637
969187301
677925429
1656155707
-319334370
2135283845
1784964654
255637898
-1141994355
-1820624493
1999253141
51425693
-530167845
-2035419614
1108607833
33708449
-1992854071
-1425057968
1658292078
144969891
1238558441
-1054036858
1667206590
-558578311
-149831496
-338707459
-1926571684
-250182430
974412530
1428993923
-354800385
1948075500
463543842
1253046654
-1370792531
-2049730410
-2022033544
-948171215
-414819146
831068853
1194997214
-1612149443
-40080157
-1663510757
-726342580
911640427
-1293355281
2022961909
-707070629
1270320296
1059500342
-539013772
485774360
-663712176
256052908
-744950354
-1058132453
621945263
-1593497328
1376033479
-1212740905
-1712068925
993827424
-385066421
1366590514
-111601849
-679478897
1851101406
-603753385
1033929196
1930030709
171938071
2079108299
-194873879
1371476230
-472095577
671451838
1015243446
676726726
-900596799
-2137719645
543830035
-197224068
638873270
-1756705534
-1158311345
-931420635
542127582
1675642508
-843325754
-2123416789
1122335678
-1625914000
1305814186
366425814
902032743
-1271395860
438799878
-1137955070
-1316442852
-578265050
-148222720
-260337902
691424055
-614076101
9673054
1525752100
402188620
-443592296
-1247116726
-372017530
-1167660146
-348217207
1362991193
368698215
1456528497
920833295
1053537225
637141457
205088401
1852298229
-1283695862
1974857686
-2051503919
1585204005
-10908289
-590103287
1721460935
1196674615
1511323269
-1975928016
-322672809
-1857347510
1254018227
1144170039
686119837
281810711
1668604259
1603786598
1902647312
-803429566
-1250646927
-879822890
-344482333
-995784205
-144498622
-699668959
1608426158
-923622491
-213241336
1495188312
630606925
-1502104515
335184451
-2111743175
-198555896
927084638
913703306
-1487512671
-1966761484
-1854831621
-1543574134
1430261567
-2012357224
2043981357
-123493809
-115634294
-1188513582
-777697722
-387990590
675848692
-710817797
1917140517
1265585010
439727199
-1062907319
-1570376245
2063148694
-1549095728
1348890997
-2024508370
1241616466
147095649
-2134012003
1150277965
585548857
-1449212548
821452650
-796107388
163390739
-1278757562
-640503179
1624666656
-1762061345
594432088
1908003302
116315958
1949348635
-234775884
855784798
326220464
-1205855678
-843018
-1522666474
-743951192
-927023723
868108489
-410014648
-1882934024
1105006110
1148778140
1091673293
2063611409
548247025
2034877078
-1062421241
-1009301236
17634485
1282058951
-1303798016
-1358737666
881942626
-954277729
-1036892205
-994217073
-1918955957
-1217046621
1393470026
-1969341235
-834525090
-1474753699
895199176
373670973
864449195
285946003
584498025
1394994483
-959445726
1295173052
190231399
294202467
796736928
-277858641
-181658433
-1551518537
740773420
-2120546403
1739212051
-952754846
-1536758915
599440193
-1524369710
294507828
777445311
-114595755
1622496149
-1146030288
-1234795114
-1754156473
-1108971316
857494619
-1062572190
1988696364
-892822887
-1000093994
150585028
-1615670027
-219520773
639246894
1862987873
-444944417
815584047
517428467
1974149094
-519400400
-1262056110
1669762951
-1000929205
-851656417
-232293301
-1821408201
825050202
1516755731
700087271
-1291119473
-1029336206
1843350288
-519031996
384106473
-1125046648
-791305874
-749677709
-1982765241
1520712046
1928720331
-1740071847
-422167966
-209093545
-1595650494
884820949
-57286142
-2088496742
1696923612
982047527
-1895187568
913122230
-303240634
-539480433
-1305462295
-1859758186
-346729276
968006452
-1640251532
1139449621
1117266533
1759078215
-250837642
-1434767421
2073623416
1197254760
311501988
-2074172951
-111994306
-483056568
-145845511
-834372662
1393209056
-1794566257
-1358320951
-1375752917
781979299
-1271134465
1251577622
-1464942826
1798447705
415760088
2089517346
1993391066
-1840199654
-1168055170
-1850344635
-1737354411
-1430840268
-1589068199
-1302190848
-1400045708
677961055
38147580
-678431663
-1502794502
-1100128203
580638856
592089160
1923001473
-322583072
-2064361134
-867710758
-554930242
-553424364
-886613309
359053300
-1770858743
1493351487
-1260568193
-1236344877
1880036123
1188952063
512742857
481450642
-490971368
-26316588
-242534618
1254813444
754734800
1122657558
-1969756609
684924611
444067137
-1046967255
1411451147
-1850113655
-1713715360
-1737370642
-1472705235
2019426749
-859635944
-937623172
-1458893670
1334693457
1891340946
1899440399
-1586325378
-1930684982
-2099772489
-728288960
-712782240
725802656
-1544819726
510252406
44063619
-1936158521
-507410374
-1612260452
1506693775
-316930931
1046380879
-902336236
-1807681679
-1228789082
966161475
-1171201302
457696638
-1081237115
656342843
-1626987188
-1199049762
-1289106452
-1538173322
-1589256647
598965287
1359494342
-1191074418
44164985
774760264
-1949791180
1184153854
89684940
-1923046232
312469989
1409346532
1122403174
138801038
318177450
2096018951
-1473399911
1712326339
-1798701240
-1980025318
2024830420
555334261
1354750608
-1066589119
-567227957
-323521443
816520365
1287821525
1964938999
1280187940
1400362428
-711625884
2081759553
814189058
-1045462623
-1884246533
1148097785
315769256
1760884504
1762730150
-420487668
-1043013792
812102666
590379319
821968502
-782543503
1459559201
-1784583354
267606005
-674838585
-186419554
753949817
943430911
-1469129773
-1563175831
-282324731
1614175477
133014192
-2080043159
-2085741452
-1836195945
-885161594
1490524694
-1762452824
-63880262
1864547379
-796467637
1640953119
1182864697
1624278567
248399456
-1924548489
1373294120
-179061361
-1515371656
1446362677
-1094797489
1498133685
204793110
-312987967
-1752245290
672902566
-1495345674
386473908
27067452
1329982484
-1651060198
-4140458
-1121391475
38502782
748481058
-564406686
2018453972
-881182835
-1728567328
423105803
1409053389
-658228031
211183659
1156122691
721436639
122910540
45055475
174170682
496301640
-1891327427
-1748045162
592881956
-161279335
-1726703391
-1823934607
2122615615
1147668069
705459301
-1089184584
-558895340
-2038383307
1251958720
-1739808374
115901436
-1125974850
-881375793
1530687807
-1458972955
-774892459
-1172587071
1258430980
-1192349866
-260141150
787536309
199559338
-1417430864
1725948052
1241627552
1099675066
892631989
-1614662508
-1125837708
-55545908
-1021973426
505276668
1414001022
267550488
-1503850616
-614378806
1703771151
641211981
1977646559
-1467691632
-1967616162
-2013387615
-968768065
266093999
-1967241044
1294974249
183235143
54178244
-324078167
1207025514
1085094479
1649356641
1662321942
393379119
982391724
258651903
-1061167701
1904744860
-622303566
140024627
1797963578
200588675
-1041957382
1826834208
-1894903277
1942568181
-1615901084
-666767316
-1414805334
936641052
1075430239
1027813110
793622391
-879537848
-279004313
164868999
-713619683
2147433031
677232847
-1530951481
-1682430770
2146487032
-1133704512
58694449
1999033580
1546737442
1070828160
-1261668662
1618103284
-392828543
1820330231
449474639
-643468905
-717737438
316020847
-332223059
757576233
-31488528
-827203941
1646248373
1672413758
633455501
156236506
-1621373169
1155266706
216871269
1473711292
-109484433
-1100799447
1244244225
1175756484
1793037319
1177875639
615555992
1574402415
-628830148
1464337217
553712619
1231921781
1234945947
213866755
135035218
1533840462
-1003475442
1180769940
2068477969
1666071031
115413322
972025160
-1327742225
1574329077
-1127653749
289109205
-1599802871
1574871962
-1937862781
1256412984
-1224744221
-1638275706
-1659325809
1041325785
1490951615
1834069104
-71941589
-31558931
147078194
-241540314
975273896
745008667
-2119719693
1580614866
-1755036388
852573025
1833119989
656383614
242385561
851959097
-1805087304
800531673
1155717792
1499349751
978645212
-1415880133
-1221586473
-1821110156
1164243191
-1015381786
-797620742
53001200
-2131978329
-1061161586
876748815
1950328372
-1833565974
286510618
826504669
501944567
-1275454548
1706666156
-1638920546
-1478125694
785145761
1463391966
-1070563597
-317190762
1999342677
-1684180657
-260812777
-1048319859
796312960
422666077
-1273633193
-502753602
-735600482
157194035
-1764631871
-1659082458
1336342463
1394842117
1026407451
167244611
-1910794853
589131930
-1368036586
1111295299
-546369815
877243402
1219855811
-418339746
-1397334800
-522113335
1177327174
-936270465
-1292825251
-634912285
1293154504
806080041
-1595204777
-1055999352
2067573938
-1386111080
-29702704
-62508085
2114684183
539308070
-1760233698
1261346982
2321521
-440748304
289935817
873937473
1875095439
-1218073159
-1554631002
-2016145805
1993049038
-1102336755
1420122148
-1862028664
2125675655
-1987680599
1984736997
-357114299
182379463
-1771019750
-1133747312
1959277352
1236609605
2146328483
829784549
-61688845
-467606896
1496417635
613779729
1218031723
718437256
1099741879
-1009111741
-1466095267
1543122446
-1816537635
-1361633666
2009198817
-494218754
-913211431
-253695824
2024082146
1554026077
193179
1200439556
1084625372
-1733961521
340194657
-1000713100
623682535
-209422261
1562098522
-328995935
1500060661
-321421551
-1349678964
-1071220762
-527361193
-336695334
2024423670
750607786
429696901
281084497
1790723576
-2129981451
1854988318
972438210
1602962931
-1592864443
-693006035
-870790896
1474814508
-241881694
-1597823571
423486188
-978235659
-1012039184
1696251471
-620556989
-825077234
1663050883
382890105
102402296
-677035192
-1429863688
1012134290
1306875603
671413099
240896322
835465852
588580536
-766861991
-1602755069
-1874940062
1899939355
1960265074
-1913913316
35092403
804020659
-272028870
2068820359
-830000531
1263480429
-1889259207
-553936029
-1746623842
-226226781
1925078818
-426170544
1392734247
-325648243
2075124279
1423739389
-2044184381
-714604809
-619171861
2135153406
-767677113
-1485175500
964701896
-1240508958
-1737310422
-1966043822
-1707374189
-950790012
-308272568
-1030822002
-727084883
1783362209
-1271421214
-1236261366
-296202821
1998199467
-1595330583
1617268669
-1210929783
979753948
-1638577797
-90911062
-418585557
-1599499891
-1125407827
651054420
66088805
-1541045305
-437258869
1273460592
-138716340
1867217178
1874562140
-1494494756
-184767188
762384813
-2047734999
324214223
-432924500
165953430
-289137024
-1499858094
715744048
1935569003
-423417739
-2120368401
1451891070
1149778969
-1284167447
854814375
34765731
-351752973
-905419250
1820138024
-1352875241
1522038029
1601870122
-754974145
196093727
1799529675
1384096666
867255179
-1816968334
-519981388
1236275225
1221982323
252429599
-1618934645
-901258174
1995376217
-1169063507
2046294432
-381516205
246942223
-67543933
1972737635
36223795
-658237559
2084478602
-1614276295
-793640779
620380372
-1621646320
1897259154
615172126
-1512105914
246220015
14277179
-1364896540
-726162953
-275211538
-1870195728
-1609350216
-77240209
-22803866
-2093203147
-691929658
-1029527392
1268035880
430525029
1519688763
-230635242
789389214
-2737910
687472647
209358956
342523951
863769967
-1136254493
1754189569
1275498728
731220340
-905847147
854552556
-1586687144
-1378460511
984925042
1033643308
1620956858
-233431684
65052452
1090462500
-1419591591
-1213494242
-98641235
940941125
-28084688
-1166304765
-775168340
-116062708
-225013808
-1906830558
-928184099
1499012143
805990790
-1401469891
247592422
-814317806
293483964
1636774521
809116495
336607360
1145391263
280246321
-90952238
549869975
603363842
-1060889850
-1686360108
-1216425726
1423083905
1428418362
-850197453
1655238765
693694697
-400008130
-1818201790
1680823605
1414197463
317003401
1565425681
64170079
-840277090
748266154
-341015567
166128076
1409489518
-1329678944
1880921654
1343109802
-1771550543
-1759984023
1194756670
1108040492
-1487748680
-496393000
727162290
-201699460
1051913366
2040801707
-901355253
1424285680
-2091675060
1377981404
1040634968
-1415976836
2061036070
1754228535
-395176899
1533389671
-1132885917
926736428
-941427906
1039145793
805638939
-1934470938
965143357
979456020
1302782301
2041936795
-1209478335
658217945
-1458509673
-1274462683
-229497480
660468270
1721605178
1207378642
1475092862
983078724
1086170014
-543118729
542789343
-2107028962
-638547422
-1319984181
-14933030
320036343
2044054935
1323705329
261870696
328955651
-455741730
-320867242
1907133820
1668669018
-2085001009
834177469
1369088139
640786737
1971171676
1908660375
1209295693
324661066
-1206474507
1003592343
-1252341819
-1905627987
1187847214
-351020666
-728436609
-1622513000
-1261356129
1298322259
538068248
1653488563
1654795787
1590856557
1643825923
1627199367
1398415556
1174379861
-1633302903
315441457
-570394035
-1799478162
1389029393
1005544786
-453373119
-533803753
943884705
-1763876023
-322332302
-420781317
-1672626012
-1443891804
-909082284
624783527
44517357
-1685983789
-1125963364
728155228
1428850171
1247737630
-1366747868
-1574113754
-1192348802
-177793832
-487825647
1398147885
-1820039654
-433106988
2064239926
131494474
-1645608086
570115864
-2065357637
-1319889444
-1563697081
1374853072
1117496569
1235070684
-1016590263
1244680325
-647443288
-1778318033
-1380570739
-1233525874
1414516028
-1622349509
-404127560
240012486
73289867
385921725
1426891068
-1881842050
-526158670
133454040
-56261158
1564633525
-733994439
1642166128
1346786663
566015366
-2019286923
216454584
233220050
-1122797087
1700629550
-240827895
555587428
933908861
-1995008896
-1926375691
-1206574518
-1251584243
985113094
1525087644
395550800
-969711183
1046629428
1259258173
-1946136337
-2143546193
-295976700
668354575
1611941257
1785116258
-62684460
-830765743
-986108942
-1068236174
895328398
1787000992
-1716798158
-751015099
2022034441
-259486072
2106578056
-1076134220
-1781337426
1094055516
2122347186
-664772095
1447640158
222429513
419836267
-1521116919
-680356717
-2050564439
2097343285
1625394357
-1986780732
1786399124
-37119144
535069878
-373731570
1178205117
-1132086743
1133512816
-650949616
-613680774
-872048241
1197398838
-1263130858
1913588516
-332429885
-99350600
-466950792
172554145
832679510
-807752007
199245380
1560630334
1735990136
1460112644
-1237722342
437321153
641479542
999845024
-996654249
1431015102
-1347840892
1855780162
624022902
-2075564247
-738965828
1769443331
-1002999118
-1873405652
-167605658
-2003021230
-416956178
795889466
-1311455622
-1184947157
-1278335271
517308260
1989040994
1103205768
-1884232115
-1136328725
1559387651
54794008
-369886984
1837584661
-1346208002
-104494546
1759023933
-247484348
-1920032206
-927507461
88830300
366692419
392686213
1251713024
1783255759
-53308701
500317668
1545985469
-1533327369
1722204102
-914651769
-1934719570
1744352760
5125242
2012229241
875839863
-1549847328
442530249
-772231593
1529189213
-279401458
-159176114
-373026729
1155561720
1173508305
631158347
515886732
-1568864986
817982287
-1837428550
1279097703
55780675
-1011546713
1708235169
-620036224
50005398
-1062147750
602069418
623538070
-1400190707
-1110405402
1031004914
-232603948
936085549
-218700877
-402625759
-365768363
-2109027517
972687923
-668208454
-1153125654
-1026755617
268990532
1867353523
1410790938
-185054846
-388556840
-426303160
1559134058
1415028118
-1426174505
-384685301
-1048362787
474921629
-1561982141
515466559
1241426365
1166676653
-318813027
932699238
-2129998180
1947623707
990620550
-1286911463
1465748885
48509814
-1055267158
-1462712041
2048602839
-1924756041
-1539111
1096824479
1293967715
1950031286
1775104118
277599489
352011284
1195225566
-2024291308
1763640178
-2108142880
1179641636
801704285
-896524512
1915156572
804864564
-1447448266
1669783942
117408645
2039687149
-2020109280
-600190976
-107327044
-579376881
-454318623
1819971745
464948498
-1059105485
1112293218
108148804
182278854
1840023803
-1190157606
-980687391
994276875
171174793
459284012
438124321
518206221
-575238348
-209358962
1799463475
-972739018
45836665
1011699818
1247158496
-49402964
-1808263633
1186417288
1406245084
1942809374
-2035934722
480656236
-1995080353
-1125452864
1308973073
-6542852
864626164
214932627
-1264341238
2074825318
874165905
779408617
-1752370890
605129792
1348334822
-1902022360
-872043519
245460720
2033360633
-353042483
547779244
-949036979
-480176398
-831690060
332701756
-445990522
-499812301
-1060181866
-2085567307
-319533502
-468817492
-572849455
-933088888
1965302280
1784037740
1691071343
-1943381687
-503871519
-558740102
-195829920
1948382884
-1362532292
1469928933
1404481802
-1540542831
-1813018351
-1537233895
1654363907
668148166
-2044611513
-727164045
-1755518179
-747069075
146956378
942690072
585860514
-1119552745
-747192520
-267812606
-1304313632
-1510797329
-906602644
1523156571
-335236889
-1354749134
-1999074434
937430286
1301975952
1657621470
-978799720
2053054105
1240054978
408868265
-907039380
-1585169368
1701020400
951180596
-496236971
-1699829793
590540773
433947520
-1818221636
-832540809
-1767949885
1722422433
1164971453
-38990836
1043220552
1118756272
1191100425
139569972
-468465069
-190648827
345318669
-220170925
-851599450
-1906559067
-1722081453
-2127993555
-1105814803
1102824185
1347241256
950043836
-970661889
981264833
559952511
2049614659
1513710179
-1983328953
996971797
-944318302
-868595691
13532119
-141732139
-107189780
1877619848
-2035058322
-1454667139
-1223040202
-1045774353
993501104
-1500905856
-1647609167
1062772408
2107803935
1960614446
582750459
-1471922856
373291914
-166336239
-300588367
1613878349
1528038850
1435990170
-1515634872
1450719328
1036436627
-241701891
1138153756
906357547
-61668622
1096542808
82608841
-1450692646
1593977202
-376616166
106393018
275261493
1743991037
-1934744414
502808062
1242447325
1913752767
358326566
2114750306
-316908587
-2109980827
82755030
143296443
-866927548
-55799930
-381200320
-187846013
-1964814728
-1112600735
1383083510
-1589124698
-232261330
1723395017
714125933
835993502
-71811824
1661908572
176938791
1602633405
405339006
147922683
1241080340
-1583337015
764503440
1335316597
-65483211
1845647821
1689278299
-737811323
-1825262973
-1558414034
-252337293
1934402302
1793440526
2071550972
584454833
1365540932
1308901480
-2070112886
-587654090
-326463746
555280707
-1654598849
-801400401
1057741065
67322456
-1265808210
275971034
1497453487
2006413450
-331941660
-930036920
1071276824
-1134403253
-1963785982
947798371
-645422848
-1193927362
908412938
637855154
-369173846
622207262
-636544003
1956092763
1248623123
-1951014691
1106207780
1645607657
-668053
1329191184
633790638
-1461038001
1932715968
1716376201
-1586999429
2121258285
-960628228
-626443195
-89814474
-1885450415
979467025
1657061256
-1576535
30237567
994930802
722629190
1586739787
1647907957
2068815812
849103813
779808286
-519174616
1620154069
-2029863041
-1096927305
1147399508
-1071989044
1460642380
-322516322
-2131692749
-24908126
-810566208
241564887
-1314319989
-148033327
929543633
-1831049792
1495837422
-232935350
-696310595
118724125
268034877
918618283
677843242
1299365233
1706589293
-1657522767
865018510
-1796747121
823147405
-1006076438
-97568816
-1824258705
2144213511
478688431
-423541713
-1950107579
-50542811
-555311279
742495843
-679014961
-343327273
-1450063470
-83235327
-1404967186
-1200328013
1180775767
2038301475
1119811960
-463249860
-187477606
-637115321
-600104372
1504634726
87485605
138464887
1750811814
-1238797735
1421677948
-65313878
919620275
652744565
-649912166
755131242
-2065556633
-54933866
1550566368
664684982
1095997838
1775688344
1939439050
1478129705
-845217759
-117972707
-859063325
2143997275
598421467
1537907341
-494701446
2039008902
-1072709110
-2052557218
-638900330
981944172
1007088810
-1922953324
-1312195802
-538606472
747226031
455568779
1837426301
-231109853
-956054623
-124973836
-1326309124
1507521689
-321810066
2099901725
1728989200
791563931
-1634342021
-1798611596
-631181217
734733991
-727791621
570337101
-657353155
-229301419
1129643140
-962940958
-1988157084
1031983107
1866877663
519945883
-388010012
-1051525452
2097342239
1011192720
156769368
-1105468363
-1962620172
1780177483
1273033562
-231910783
-530027968
-704281390
-2007774152
1584510310
1738775786
-1932668189
1192540391
-1156598425
1910559219
111806849
-1460092617
751346916
-1687035962
2025463471
-973038264
-655484040
1831798227
-1302930053
987767612
244016033
1724642142
181945917
1470258221
1980079782
-193599597
-248828128
574977121
-817904971
1001078494
-301864735
-701957444
1467864907
158204281
1139010519
400302965
-1105914920
-1275574459
-98774734
327221772
1068287138
-1120762658
-1194648441
-1244336517
-575792663
244913641
-514614901
608012715
-524335797
-197158737
931549726
977081641
-1140291223
-1871319313
-116498293
-911732199
-1312284725
1971058671
-1433001458
-2111743126
581179648
-739354668
815631766
184627019
1987549961
1013440563
93893323
69131228
-246734345
645426663
-741825199
1161560872
1342023379
801853476
933320782
-62150061
-1608593219
-1855681332
-1951191511
-675379185
-1143434153
1870501377
-248037227
-1902033324
399041891
268387578
751412429
468757328
-74293590
1696607770
-976408544
1616043419
-923466721
-1031036354
1151893680
-2069612626
-22117564
-1528368810
-1731965322
196697749
779326925
-1563442634
120539272
-1717596189
239757954
1959236526
1984692894
-574661913
799553641
1546500823
775010002
47528220
674390051
-2119535953
-256843866
2130098661
723894166
1854066920
-1686573493
-32361095
762125260
-478759940
-622026464
-2050868453
-879114982
-1337524603
285654648
1764568719
-964699772
303281098
-1047971936
1916586184
728353120
-1717122660
533526559
33583077
636289592
-692468893
-752294593
1070111326
899933172
2140236403
-2125803060
-1665617542
-1615895496
-1775487069
38103579
-1955584252
-1524300789
183845408
1824676941
-666717635
1655962552
-1984510082
167264469
1233315860
2098643192
-979066609
486016822
1205969556
2140425040
-1643627912
-1478628591
672656285
1478933176
-1952653951
-1481755298
540565206
-837598083
-1203476693
-848933383
123746018
1981385319
212449799
2085544288
894400977
824098846
317161925
-1021043013
1676867800
26952393
1335827467
1534415388
2120357700
794265335
1028962951
955080454
712871084
-1569750846
1436750407
1565122355
1669043814
-731780559
170536007
98494865
797002811
308480990
-1857934517
-1461598834
-802157474
1434512344
1639193327
-342552939
1896428185
362874570
-498590725
-753595433
1710853832
37615452
2132378108
137052238
1535200907
-380784680
748074511
2004645630
805588534
-1608570351
-1742998785
-1026240643
-2045115124
-175591040
1836396178
-2104914251
-378306387
1856908207
1350878239
-417286167
-1100930100
1379467993
1745990756
-806702603
1047075876
-1219389742
-1550217578
1396341977
-973421652
2017744932
-1624287560
883768183
1868194057
-88411781
523369776
364516763
-660341949
1259610946
1463434134
-925911492
1702573243
-2081737331
1699277519
399829505
-337026724
-2138430407
-918804902
1211507206
-1773515760
1729096017
-366817047
2030165727
-1657053322
1338411443
-2073342413
-1355659300
193471953
-1195718670
-832338424
-1855819122
-297118653
962699646
961381541
-888004982
-2078091974
406190594
-2052240311
679668076
1121224233
-1376052979
-827741176
1399209758
-371155845
2113330675
-1281151010
-834434470
-1907366460
1379978741
-1379828218
1156737389
1188255545
-1653514081
1248376204
1811737404
1125752930
-1580257679
-1467112927
-1552279412
-52513523
265151937
2130237742
338775421
1612022405
-1131599393
-1175055318
2077960023
1088111620
-347881350
-1729209296
-815986040
-320394651
1013297473
625007307
-64453395
-1038071011
1629109197
-57187308
-1531441072
1345260139
192989117
657526271
-1145636559
-159484722
2056401698
258894064
1710910921
779434935
1432232733
-2138034796
-649201333
-1175107200
322583239
-1068338194
-713691284
-341040996
-680305584
-1625569360
1777241125
-793937394
-1116776342
-1910985268
-1776890953
2088032030
137342951
252800841
-824033553
1627519562
1410091936
-531546790
-182624341
-275809413
-980988263
752026283
-301717092
-1432229000
-1702271390
1733916158
94567244
-81708385
2120760767
-1017298442
-210369693
387274449
1930360203
34952755
-1237598683
-457558866
347785176
1636480414
942884670
1060026370
-532924069
1491752453
-2126019647
1313156990
131038471
-1252203287
624191598
-1473030230
1050996215
-153778793
415490099
-850716390
-782449776
700832885
1863587573
-893094433
-532192282
716635037
-156160881
-1254860224
-1049757602
1487668399
-764898278
1825785002
2055022741
1680643042
190620527
678557924
266739584
-1608365988
-1924983063
1999221382
-1524089132
278265284
-618558097
1471711915
1282942120
1326353172
780615856
911344869
2025303
907811507
1030978992
-776538255
-801723477
1790472130
-133389948
1709654699
1914173751
735423669
-1757176231
-386724925
1444770051
66744102
-54768454
2090364593
1520028270
-681356059
-619508463
-2135565466
1781938768
1880047187
1478262126
1852346947
2125310046
-912465425
-784054393
87159758
-247769390
2117436721
1492929279
-2114611293
-296099765
1831464598
729655274
-296919384
-1529237519
-257694468
1026649489
-456133500
522475484
991940655
-1372655246
-273058736
49572278
344411843
681185929
1647125647
-31476322
-1828793053
1267461333
-465404325
-661908657
1376102890
1440006421
-25234463
-901441151
1688785777
1670255826
-1786697201
1126918031
-226571608
459296418
1102682507
505177433
1412106025
2093961898
-1135097114
-1107583637
679852170
1142285156
-1454202351
-1376447138
1618297074
-1303393631
-102404849
-1847441282
-1706277650
1714360017
306358764
-432953172
1599628421
-1032275838
332969965
-901068410
1283125641
1481239590
-359405560
-1016620604
-765053137
602823704
1917624470
-1568846108
-793827614
-1608689951
-1589147578
-195696887
-1316192685
-989661770
-1197937579
967140640
135903956
-1160827067
446420475
-1812714684
-914002458
584897200
1438679848
1038751587
-1611151600
1797172953
-436390289
-1877195231
897017585
899770848
342331970
691642364
-1428172904
-841691927
-1842613408
529568944
1281230355
1194821666
91979402
-1666537252
1595750725
-785599740
-1017064068
-2141144603
337019389
712150232
-1678334181
1637162009
261361731
-802799236
-1636135190
-1779501289
-316057101
1891153510
1936324546
-1715174289
-370729328
2129961961
-1283590718
-468183931
-1280617391
745963191
104221571
-1301938758
-505785728
167441830
-789377392
-750790196
47172868
-2031024202
-1952473323
-1080838787
1999336764
1158215250
283698901
524555890
-1576643571
-263612458
1361318753
10484574
-1336200898
214552145
-5619834
-778552737
1673370626
-121362805
633389063
1870782887
-1172281130
-2003377335
-210958453
755727967
-416958323
-224200497
-653371944
1745186247
411032744
-819938139
-1954109887
2147196065
-1081365269
1411992990
1667207517
-1516152625
1002578476
-1935673323
-722528775
-403302085
2099792493
1905728122
122387791
286547958
-1732122067
-1384100340
-1055076745
-1341515101
-193175814
-1892689945
-1605532387
422323478
424449867
-1128815039
1937997683
424464951
-359386228
2073976304
1566922601
-1671979220
-695262087
-1724171217
1765776155
189953206
-36939090
-616050528
1507891339
-1159259429
-1798743169
1648677780
-1514622833
1620951749
1005702917
224369802
-508009204
1142672106
1690393465
-27656970
-565930396
1095246188
1473733060
466518850
-1305697236
-764876607
615608150
1833396761
370500898
1147421334
-642090698
2000599010
847719006
361260272
1470772313
696406666
989610438
-555917932
-149872840
1491012486
1949346759
994387881
-274526052
966912024
449509441
-53151845
-140812357
-2085672496
-998146366
-501423807
867367304
920836949
2019452406
-2134819775
785512263
-949557915
-1107808674
-2095355213
-517240225
2045177881
513520704
-909253116
-1710468749
390763629
297786590
-896420324
59796146
-752705025
-1897241878
1363261123
620222318
1065254167
-1246726600
-376811712
-995818261
-1330980633
1341465269
-454393789
1866108537
1135301139
-1103973737
-2078446588
-1559589691
1465167218
-256147499
47299755
-1352989077
973455126
-290330406
-2096722702
321410510
-514245239
-1958847372
1622914824
-129525716
101385561
-159010542
-1189237320
-1957135892
149917911
-246334674
-1204599862
-1206455238
-1367037925
1669158663
-6945367
1637011413
1636732234
-1252370028
-2044458683
-1076100825
715467034
-1904796492
639916090
-1374670443
-2033648746
-267674967
-1958389711
-2052650472
1783616798
699223239
-697379450
-1684008180
-202007630
-77708952
-2133355477
-1693565624
232628335
-1549591262
1416137419
732588142
-1407891112
1515944764
-1552536526
-2083030397
-1175383207
1155227997
-679845141
2031606977
-1784074103
-1401177467
1811948330
832401835
875251375
-909963967
312194796
-224765854
1919619591
-626597606
215558236
1787433271
2111041606
1031374670
1673293432
-636496000
-1491494950
-1558234430
268779508
1249920175
-238649483
90229558
220377182
-1812361056
-1681212980
1222723514
-1058997374
-548469967
53889435
1621056608
-845274353
-146707689
1500918253
1916950322
-495435142
-1714967057
-1692678503
436078694
649248034
-624441965
766116111
836235728
-1849840972
-288244049
979164500
-842303081
-1575148080
-1821143917
-1986329782
-873327573
421814508
215336521
-150847435
-256927370
1918018936
-222387990
100897914
171063633
-379674301
-82199763
587979176
-1214725319
-606165476
-1694986688
1904362684
-704039615
-515719236
-773285926
-340375392
472696394
-272645149
733581713
325754101
1646649202
-1927757632
-73447064
-2008847087
2087172298
1093037461
-566235220
-650513589
1646169419
198345115
-1745293825
-1617427339
-1085105655
1798772002
-1498309708
-115191895
-1361093464
-688885508
741630814
1681937992
2080097551
1840377883
-730059357
-1336057792
1034374748
-1072375943
-1007868587
-2035421044
1528509207
564283447
2035099842
674856448
2124296361
361213961
-2017362869
-2050984890
-821260786
1232559056
-1822649805
957530403
256727497
86839432
-1742734407
367751679
1225331480
170446436
352573287
-1230363229
746926697
61874742
-1412018004
1334531651
1170949388
-314005228
1759184040
764198847
1987678249
870623800
-1959043001
356214309
-419008781
-433788120
-19510383
2105344122
1763631133
-2002705898
34518591
-1421947974
1381758604
911911560
-1004676720
-1995437540
1645355343
-1584177093
1265058653
-917589351
-1179091253
2021442628
614071915
1190204591
748007226
835833977
1280011264
-2007010206
-1002251690
-1984946930
1517134520
-579018109
-747840432
355155074
718038680
1848562996
172412423
-2057342533
1557728867
363283626
-408920970
393684080
-255923668
-2136125388
2042995565
-2006403130
-1254162644
1583132540
-2106228861
-681007299
-227857195
-1147898867
-996766902
2070285773
-565833946
-841883883
136461252
480639820
-1563545023
2059161451
1816186902
-1242285038
-1773114566
175344594
403179643
1864791774
1481009713
1812065663
-1694902149
-417807109
-1144792670
-915919144
645892187
-1139201890
1170579194
1674633854
-1133446697
1361675666
-556003218
-1663707507
-209779698
1523974166
-1780337656
-6166494
-1269622083
299361797
-1308533758
543034141
1889907887
-761559497
643937367
1509984807
-1548737164
-515794393
-421685866
780255990
-1334452656
1478174165
-602492680
870965967
1772898934
1831399918
-743872075
-1377867956
667400822
404096041
-399773806
-543791265
1864831730
934722035
1902898878
-1317214058
-507563368
176974157
-1590236962
-385825632
-666746037
-1419269131
-517567642
462414607
1171155619
943831235
-1012164822
-256128162
-369980008
-402165930
-1423495884
-1368009930
-1232135303
311884271
109810903
1844014316
1292112930
-1495586404
1492832004
2077121102
-1619214995
-1140985704
-227898660
342149023
-616776728
1985847025
-541438075
-303459617
2128184008
-444152469
-769528000
1819362127
-830058722
2016338596
-1918134341
1006400819
407380552
877280888
1708004259
-1048527399
2102030249
-1105619034
-747564675
-171095078
1139044764
-139294797
-1175551050
-303904865
1248483749
1565507854
1312910840
2009741350
-1125855255
1474595700
633582526
-1318129658
310146527
1363223189
-303973334
-2068068688
-368156600
164354808
-45875435
830218743
725204060
1370304795
-295973016
-159018031
-645524411
76228317
-197003607
-122220450
-45816112
-774728928
-1565854248
1940324394
-1865906591
-1437382742
-1986134148
1302966958
1538618152
2027827532
-1160184072
1533932828
1624417426
1424152133
312295714
-16395940
1078785
-2047093017
-985296363
-1492272815
633678526
1009800315
666887238
-721116576
-57066194
-1129684383
672257237
1376507185
948759875
1006691707
1169203493
-1351780937
-1977368011
-1472887348
-1259707986
-122353810
1616507762
325949019
1848090129
-132812317
1372777683
1064769373
1185517164
-1081325191
1089430031
1469658770
1977261551
2045403241
913089908
876737006
-1920204113
1122362378
-1709820461
2031665276
1976860345
-589657518
-1406289989
-2078775937
1274125930
1109431196
733793770
-372223526
-2016540674
-13917014
-515406592
839923633
-890982298
-164709138
965559926
-1488538545
-1906177699
621989125
1416726221
1812345929
987856060
-2023640701
2013569802
733050340
1261881613
2141165045
-96951967
-1081913933
177738591
-492239837
-1537947345
238784900
1853276760
-598989931
-1124710867
1828015485
-90016112
1119350104
664488674
1766369153
-1674398692
1724143617
-157718951
1511855319
-630648472
499302386
-315162348
1941358093
-1652097207
1186336731
2125149504
-1630245606
1739554385
-859411069
54949417
-1738489406
345920869
-1950585144
171555567
697133118
-1081893491
764156644
-1281810310
-1117577701
334214923
1236810737
-426625366
-2094182046
747174830
-1260731218
-2103612205
1524991480
-365575577
2576003
-1963634328
1277504839
-472217572
-494341182
-384460555
2003489822
1313690044
1733102127
414130258
-1494627627
1862048659
-849313342
-1398972907
-1645630539
-695637538
-2042762326
-1539508408
1714250646
379145890
-1996067435
1917479771
1747951816
1365407928
-2061490898
225119068
2138885174
-1627316180
2086191079
-2047758236
1179709640
633791432
120802040
1066657108
-182307575
212462571
1525972902
-673482815
-1037645046
1526916766
-126808120
-294935508
611285637
-198823704
1490400902
-504344202
-1675744956
1230356833
-1562832540
1191251858
668075459
240035844
1531151742
2091437436
-992397292
1032730441
-1883654891
-1747027351
-967688958
1721248371
1585072457
-1421212097
1701138297
-1958191834
831001640
-1502317242
1012958245
2127554620
63295206
238615328
-569935016
-1566132264
-1827080082
1127764214
68275504
817360570
1073584153
-110183692
-505310216
-1079989548
1363994812
-1323273994
-1523730226
-348258530
1855270888
609705603
-1678645626
-1304414554
-192854676
-1603768839
2142258894
642168042
-1582133474
-2019175670
405761426
275318633
1465414874
-809039770
1973491361
-1924727689
-469987125
1155953849
29661584
-620571823
682303465
-494933288
1398945758
1847974256
1158903489
1658485046
631941465
1101072673
-1095467396
-1661256548
-673674561
1864400213
-169509351
-1058657767
254251687
-1191063883
1640739836
-2066938826
1208987809
1806347769
1850835885
-484708498
-2114946404
167661434
-314819624
-732538404
-1942254456
-1652196347
-1849050981
531507766
-1947025860
1472617201
621766145
-848664071
-298232936
-460961421
216557256
1171381989
1728416494
1568756528
1742267242
-1180612692
-1275974243
348659731
-1305950886
224145381
1762002687
1286499168
1943560846
1380093766
-96377468
-1337894903
1882578237
2107942930
-819983842
-958515648
-821937175
-588130096
1732258272
1442287181
-1736344160
24532285
1195730401
1721730208
29437566
92732035
-2061968026
2118904617
-1860878219
219787945
-1189757377
750359527
1015229520
1622940493
-658245775
-786843457
-1194352908
314663825
-172428779
-267547506
811808489
-1902406317
307262591
2141276545
964630040
14925216
-1536289887
-1615245149
-612217898
651667561
110745265
-1854329161
-1081255136
-1387584649
-137301750
-1068131769
-907976408
-193594212
2089662031
16760572
-1825791984
1592209194
1981295830
241789488
-741445132
-1988561751
979558978
-653857599
1530456110
531147971
1691215473
-1720924632
-1288267052
-563031933
694423705
1119120585
-432051067
-1628281666
918876845
-67844212
-512801179
-2061590575
-651157756
-1747964757
-1302458267
879277708
-1320377284
-1897727539
256403911
-258800531
630317916
452663636
-1863522847
36307728
1541743672
-1766717197
830066976
2020787430
1146194969
-326617726
-1356610993
1287251749
871783068
1933164565
-1950516199
139144959
178360538
804388938
-2127699252
-567720427
-1941215543
-880519198
1562970719
-551531986
-871812383
455486354
-1990352714
-1320868829
1985259522
-2003888869
-795330525
1587468829
-823226988
-702438760
-1183697360
819351811
292705776
856700694
-1673893221
-1399049939
-182307074
-1500061591
941724321
238805597
-1563842274
-241420739
1268075647
-724708626
-519147445
-526870933
-1453834443
300580429
1717998461
-171683187
-2020705652
736290472
-1838422449
2055381716
-1277078694
1335522790
-1599338270
-1610059240
-800178172
-261522986
798884352
-275032272
1667791173
-684806230
-1789601916
62279555
84763436
-1993764186
1931004152
1378291423
839385707
1386111507
-1350102914
-1123026808
-970980915
1272975994
-26063372
182982036
-120255480
7052814
1421606995
1028889717
902790581
1786996841
-1493061289
-918233641
-1021594725
561031547
-1837189276
-914445652
-589989581
-2139352130
-1439845976
-1802598524
-2076353688
1074669998
356721276
1776697633
2139743133
1014691448
-1714631665
-1004423606
-60621068
-1375461903
-1663585467
-234951969
-2129259059
-824739895
-1153897252
-514082771
-1401579635
897559040
1899206864
418229891
171900576
396326552
-2047299583
463338501
-1777430336
1093120139
816023570
1421634751
-1986502794
180554751
-383766125
64608253
-1471001375
-1372439113
-1365830559
-884240679
1261639861
1678122445
13332044
-1168203756
652654982
315408798
-2138007557
895157545
-703035834
-1885224700
-279694324
-1763439457
209187852
-2107565366
1157213311
21271966
1982131222
-1614844836
-1608146348
-1744113467
1719467537
-1065258818
-1512164495
1547795002
-653069673
1110964927
1414478537
-1798422270
-332496392
1652874861
-1747980613
173363089
-305515716
-314540597
-80117321
1067346340
-1629378712
-1759580991
1534372135
507007823
1162007808
-454107053
-2078396789
-2011105967
372832205
712760597
1451290342
-1277496657
210778336
1321228510
-2027557800
-842103937
920474326
-458505285
-283027956
-916674300
1474606684
1133227047
-548558253
-1561784581
1991308021
-1889111432
856971025
865087028
-559912966
-1282850917
276134999
-1803254685
2108588514
-948817149
972469585
1952904503
2025654211
-77923362
-1623520414
-1986287444
-421118695
1027035529
-528189555
-354551139
-1507271739
1010696006
-763259370
-798273636
558574167
793409324
-1328517016
1833296645
685945487
-456122274
-1328971463
-561126832
-196977632
-1191717761
-1984669973
-536843865
1122561976
1527988325
1840871477
496055736
-131709380
102308876
-570724606
-1005773109
2035132504
1670933964
-428139111
-620711658
1731207734
-1665119026
839500285
167736912
-704524404
-1258498372
1036864406
-1742879613
125395932
-1266594633
-721295600
-1355274714
-2111212809
572689294
586015874
-2101301398
-1828241982
40129323
-1330947117
-864299820
990578492
-389082800
-792906919
-702834933
-284019265
2009801603
1906011330
-968812557
-1813265275
-40254393
1555881015
1062857977
-1208235667
835917708
929213886
1078969008
795546367
-1588327833
2144099551
659957149
597959341
1040054789
1925251722
1334543438
456066907
659903965
-1664803529
-270549327
1170465
-399789787
-1776142514
637785762
1089728335
-1756039290
1800933322
-934570555
-1600268879
-47269614
-1025169128
514014357
1884352019
-1061437067
1473176132
-1169649987
-535488249
-863670678
-1406173609
-1625829210
-591157019
1754757489
1519566330
-181237168
-92090862
-1157486402
2119167838
-1076944027
198509445
1989811060
-996501409
727559307
-443269241
-412343022
-1208934681
186608121
392752313
1758391341
1076040592
169079629
-87494821
-1184677793
-2002845043
-302515045
-661964086
-521184385
257027786
1916738761
987806538
839942674
1986059088
-1514986215
122394630
-780028160
1688667886
486071814
775557460
2104325770
-1033257451
-1880933036
-1669693636
-1406423941
-1956845821
-998545054
1779577914
-1842587235
1126280228
-1036706366
-900118461
-169698194
2015029428
-1087617781
249139205
-1517612781
805911464
-1178477587
-1316010893
-790381427
1151001806
935031173
672013952
-677710038
-1439051725
-1033250575
-1879708887
1604192829
186938308
-762257369
-1303520327
-1010338543
-1568382153
1880301570
-2029119928
1593314586
-1862287829
-1644021347
814959236
-1868206739
477158541
618992868
1076907699
-107255439
826400062
-1609894809
634259704
-1319799082
-1281361166
685470321
-1530255148
-1590672698
-2087400613
830520153
2085188847
-905779621
-1219375995
1212848407
-1724206824
-1380815280
1289544835
-1677843431
-527212406
273263098
638760779
1211051351
689956977
-1639287432
1641936606
486389157
1507120812
260895529
1372656043
-1067252153
-601403181
441739358
1178723125
-2048966966
-170987654
-259477168
-86160653
353463313
-88897097
1014923348
2091044214
768703661
854439137
1118297164
1050059729
1510254194
1642658970
1160352352
-1367679692
-807792314
-282913008
-857108754
-859408678
-475604164
653498751
-1938468418
219909669
1014352352
108785913
459207034
1961627910
718290132
-1315462295
1872912988
-1894870878
2072720795
2023824597
1435235369
1123752498
1908181172
643796194
11811677
-142460374
413764586
-524904291
1765071271
290360733
1237439978
-252124040
1920784791
-408713761
-657595626
1196079761
-1134390891
-1412283797
-1297960040
-7188166
