1693862575
-1190507751
-1613618665
1222289519
297761053
317157784
1004723076
2037932904
-38907254
270634849
1926160501
-1451605679
-1005369197
-1269500032
-1821348909
1879197938
131405103
1488701273
860943987
44697241
1277041959
258279955
1327440043
-1543374823
-2024208956
1093676594
631316775
-1345506027
141849033
-262688378
1365167356
370726782
-1183770205
547366723
1163627773
-1975326631
-1698909473
-1115023
-840313779
33346757
1678727899
-933323130
1160178742
110210876
1621653696
505145424
-1807275720
7913752
-383563089
699595032
-54010525
-20893607
-873819591
-1859134972
-1340236824
-2123645531
-1177152491
165254589
-154492435
-1147937137
-1913397492
-1080777136
-1439532895
1486469147
1630178871
-1738285735
-63101807
-1835876991
-1686046099
676145758
1982690873
-530647247
548081398
1582949240
305352668
2065511959
-1019038333
-725584841
-1032063849
-979847392
84872546
-1497393465
1510978739
1357839099
-232037907
-1936622770
-252867781
-397093340
1812108355
861897112
-1429569330
382598429
1193995322
-1434097418
2011424694
-585461506
796492947
-889382302
-2035235528
1884450864
-949762449
-1883606809
-852493267
-2099359883
238594050
-263150529
1180044497
-1241850070
-618487162
1488009661
1157004762
-772636464
1954452337
-613507219
-290307380
2063487176
-1155334935
-1511336583
-2143964277
-2138601379
2062965111
-1585657394
765847857
411991048
-1662355717
1919486
533107745
1502394862
-849474337
1356246887
1700699996
-696513363
-1136328305
-1639929451
1911764243
721708631
764089128
-1442592028
-2074740612
-1787889730
1462490991
435600234
-1174632216
18675697
1924548356
136394259
-1528520171
1931796487
1352746966
-317770740
-2111214144
-73326822
943319769
-39785884
346282623
-1117287786
1984647414
1764392433
574163916
1804668595
-366253245
612405616
1897346916
-1397923009
1406601844
951914991
1163035602
251054240
-2122649200
-1554389649
-61293498
-879357671
376365031
1593139140
-1010045526
826767948
209897026
-219242048
700530934
-1531634945
1103993692
440813200
-1771919677
786688290
338723729
-2112748699
-1480120290
1281137680
-541573163
60300630
29290655
1518989077
154277863
-267265660
-645044807
-1604712400
1642640325
1113738111
1516035922
-1949759719
667981922
-1207884313
-941828715
-1546190715
-1514980458
-1271959210
-365651961
-1379145305
-1402805419
1367756157
243392984
835729402
1743832099
1951277196
-1833181317
2114533693
-981331257
-32581417
810056056
1557424063
-17302210
1185948854
-1088751488
1252867804
1818869490
-1282751316
152065729
922571719
1605321771
121265098
464441980
-389106039
791548101
-669949355
-894200365
1767169864
1241603619
1694965414
1362266087
1254140876
61973603
-871249839
247044898
-166186689
-130088238
-547538551
-1289081648
387147315
1837448098
-1829711166
202394100
-1114969879
-734578982
811431064
1785261401
1628857808
-1675935603
1144435695
-314209561
-515087797
-2079295922
262712410
634158135
736980919
-1443293213
1370363072
-1728372120
-295630164
405581623
2105571901
-997732045
-1316312446
-791657579
420922693
-74524868
-899562218
1117916179
-1792774897
-1097386069
2132789965
967398731
-1437729488
103868667
-1132241192
1209175633
997052805
1228385553
1490571193
193638624
621685846
618845840
-1889004538
-924026666
-588510537
1450938219
2129579885
2118459106
-1817683151
-501713733
-1259527177
-1721922949
-721192286
-1739154479
1584354192
38809363
-1302783135
-873114481
-1989773882
-1652356980
97581733
-1598341901
-264714799
31484650
-1524955098
1952479732
1341803731
111188298
-1630280700
295905681
152005728
1520523283
941151976
-1838652890
1175391551
1567092330
245409896
-1860349184
-1512933774
1925008107
-383715408
-525247948
939331699
2090549141
-1575093667
-558160980
-819554112
-1222833915
-1564686932
1374168450
1433831833
-23816986
1645118931
-118026864
136821256
1678326695
-1009956946
-1720519609
-1604879839
-1485053585
1441347742
-1167169345
1542696843
-1265126835
-925925202
-740644336
886027838
87420340
1900157686
-1207393825
102762893
-124881627
-1372958652
1336308795
-703006361
-715779538
390445048
1919269033
1651306457
-1683576942
-316153041
346271869
-1624569130
-1063468599
1309218338
506334827
1212616250
-598132054
-948128816
-858512547
1931473420
-1563630490
1907376091
1612547206
921342211
-878743624
1870535343
528252598
-851821749
-454950566
1974295529
1524886255
-1086770808
844180154
2104127221
1678587961
-591442917
1727085037
-2003151367
1446297266
1754616483
604706019
207927025
-807424024
1830275014
373232604
1030690586
396376171
-430691024
1522962203
-872028012
-419322212
-152566821
-1823206440
857099842
-1089492277
-744944495
-242387846
1302706676
92865665
1527942318
991569925
-1851602744
-1711328999
1403755306
-1208767279
-692256308
1277816725
886487511
2102190716
-1700308248
-372331090
-451199258
591433505
201566203
403255852
1685934767
-1446607927
-126658493
180623480
1849787824
-713944031
-617863679
1929703791
1883587286
1165219181
1849007196
-1030152840
167092731
-846997316
593401733
-1762806824
-1652400464
-2030513059
155722523
-1095890108
1669527355
-1750863727
-1093313839
-1284917321
807417827
-766497919
-98160306
1933316485
-2127251862
1061128306
-1170390700
-1552115280
318439898
-370180554
-909177565
-1642016902
-1257731452
1477531877
-1195683809
619531067
1203799621
322601677
-1231599952
-1457704332
190469387
781969574
-1111879575
1896110371
-515167849
-1689326327
-1582657428
144811096
-140838269
330932003
-673157109
-883129848
-139919481
7547045
482355122
2105641504
795098871
-1037261058
1926509061
-1195402019
-113184881
-2085493812
-708588219
-785903014
-1669614989
274243727
1739190007
357158762
-121116304
225208735
-730509881
1026053031
244755847
2073044064
1042589097
776803530
469248428
518900915
-1136616896
809679677
-571384374
-1650453073
1931926403
1504646126
456953355
38330768
-1966051170
-1942369434
713301
1216529647
49761557
1102792217
-691930601
-1995765453
438146095
-921687553
672692292
-681254329
-398774639
1101229411
1637927839
1905118092
50107944
-1551237382
1828828985
1063665681
-1161298868
-1138205898
-2012192969
-101629439
1533816353
504079068
-1762140711
-1916770980
464444225
1260717780
-1042897737
1057575402
841360023
-1540383425
-1493553588
-868421525
639863181
66450382
-1234844744
-993544429
-1758150295
313389905
1658411713
-1205483212
-1356800268
-772347762
-195440614
-320020931
2005854300
1047447124
-1333001752
1394156514
-1209213605
361821391
1112051329
805932956
-1879269993
1457668636
1407597430
409686868
434000204
1267910687
-82491181
-1541707430
1103509543
687332244
839267493
-1929352293
470155893
2110609508
1010479803
-1152505325
569383036
-649142471
-1777869647
-221793152
1436382249
-1557211052
1220337194
749456215
-1308299029
628772765
315728220
608365563
-94554659
-489292293
1739931600
-1480233940
-810508758
-1653468186
-2046018710
-3974979
1880933292
-489187015
-1314208857
1268714377
246255574
-1886685620
1888979750
1430695079
-681707820
-391087550
-1272450711
-664268068
1590083824
-1835863394
1359906012
-48384175
44434999
-1768052708
-1891557099
986361989
368066652
-1293855554
-315871908
-1731794812
851842779
2119493412
888979310
1591476825
-1262991007
1216751392
2133042814
-2103008576
-797614998
-1764257911
-1093688708
804720672
-2121077716
1709273423
-1942140008
-1668850249
1172228531
-530992176
1637838345
1242338838
1707230796
-1622751639
-1035280887
760016
218386727
645371726
1694304292
674340718
1289571127
-1518099554
-1715158606
259759525
35239261
-567053135
-1500963422
-1955139382
-1506337596
-832364876
-1566422664
144249477
188279182
-1837788040
-1632323944
1817395909
-1918307409
797500550
1379865540
107109619
823263769
789099382
-1873814814
136989801
-1887397863
1631422336
-522225918
1374671909
1450751232
-1085490861
-2003286368
