-1291806226
-371674153
-60884935
473914188
-1656520735
582030277
-816351227
-1611961256
48661326
483880697
-1756722060
-1730305202
-1512485016
-42755335
-268898930
33638195
1300706018
-1492820489
1374968588
-1257102077
14454945
1323770745
-389947859
-439939339
-261740620
875878204
1576916170
-1869706238
1745380992
193661525
-364045912
1625848744
1560034623
867223194
-305668595
-2100317717
-979229781
192984127
-415233899
1750257564
1687373301
-544442941
-712102587
1756093149
-899412740
406806028
757953248
-1524999197
956986811
905176273
2015361401
968622589
-1408373758
29457719
597333577
433853653
1758305384
1308537534
-1215301438
1072838134
763720063
-87183266
-719287069
101529230
-611766199
1606915565
-1821004082
-2081487500
-2068813845
238895043
-1411120233
-253036181
1013262496
1305109663
-140899490
15203240
1299363312
425864652
-136494945
-1979951471
1305520160
2076880255
-14067513
-80663353
2088382700
1508824963
1789557259
425188454
1512601459
1170530327
-1715176843
1690030731
801259378
1208034582
-1310294977
-1910533354
1405243316
2007762264
285965156
-1826883408
1308183497
657672792
-1103257485
-706416369
1042740469
-1124726762
1719364773
-1427687048
556926571
1943279423
314250034
199679877
696590523
490245514
-491154465
209619496
2089449607
329832548
-1391957285
995872495
1621572733
1096310222
2024139211
-1097525367
-2018318720
-69548154
-1265005021
-465970296
1760947240
1796037732
-808523593
1258697319
-25263507
-806220793
603908753
774832591
458320030
-1094905680
-484398332
-1026798571
-1914179945
-671069331
215481089
-1178901753
1808509490
-1108492679
568940969
-1507130648
-80506883
-1906521630
-333439454
1268750776
1837982509
-1764487572
-359863635
1046363832
-317083437
-275506507
-1043350280
588324396
-1083192755
1002260121
125972400
-1906287262
-2111671554
-1452449577
1141621082
-1486439693
-720030399
190321396
-1871498141
1620668232
1520276122
1076305759
-1822598027
1043272031
2139783982
824040917
849014027
529105871
1608513652
1129159174
1252793671
-2031931895
-1346676947
-882984839
1824142594
398460384
1571888273
-1244871252
-1561045211
-307810998
-1404886326
1387385726
-1136779978
2041718887
1980905637
-551565103
-1477191627
-2100629565
-614137722
-1261664405
309430953
-230530345
-1832301923
-708834275
675737589
1224531669
-785097129
318893350
701768943
-116720219
995747606
892721880
548390322
-1201618646
-1992787933
451741308
2096141491
62762697
-1588208669
-1670605966
-545128686
150773546
-1844141496
2114418332
-1320414670
-1507178944
1211081354
-1020499971
40679051
-215107705
2030003223
590269084
1112097726
1186884236
1761125064
802926254
-1105411607
-115899470
-233676204
1264210419
421030972
2005951794
364201225
-655768993
-1804515124
-130102173
297605560
151226109
-2012288602
877068091
724620528
1199928080
-1153651929
-1228747243
1793354095
402851707
-788528245
1030778291
1400583125
595658338
-87312445
1541827975
209251739
1508121872
-143586934
-1977987538
-1233495230
1787152410
-1196608839
1205566524
680405455
-118434363
549634522
1354543934
2033823606
-151442780
947104764
-1962799876
-1505983596
2054728837
766126021
2026520830
-673111582
1698002830
-647256627
1359861841
-19395353
-686571102
-1986889175
1584880010
2038309806
-671608824
1031801669
-255610613
-1908007239
98870094
1707252214
-1299555964
-1744279499
-1759036053
-758712626
-180287300
-310656146
1176151587
-1218463566
-398007151
-1169393788
106009007
779143338
1644135485
91156831
-667497060
1487361784
331760090
145101023
-91695117
85167467
-1492738009
1208259928
-959101799
-1627745548
1397672076
-1196139203
159028472
1368175737
922576219
-473600742
-721590817
-1869297943
-562275240
-1485704761
99096486
1760761488
1963863419
-698109478
-1506126698
-1509460053
-1639187981
-61169059
2145393031
1330859071
-1127319698
2036044480
-1157749559
-1395289307
-1050913897
-1685511151
-916721849
-1640999831
-1701000224
-2093449367
-367946775
-238551339
401964417
1073119145
-1306375878
-1291679032
-416894529
2135507558
-1777184437
1389721163
598321777
1380275233
-401505322
-1456542107
1560851135
1825369019
-62794075
968341934
-1365182419
-205330137
-1422686156
-667895775
1807380439
-1914533023
-1608068971
-913830858
1860324350
1082659230
1329413267
737100080
2134427074
1841675204
96671514
-1157823821
-1305788623
2128862747
-698645290
-1300612711
-1340079745
-853410747
-1570752999
2082710021
1328094103
-847634581
-881863935
665202359
-735566638
1921440697
708085209
699256225
556066821
-457197301
1679706047
474177979
859126465
-733547800
660788103
-516946413
594838741
-1413561426
-581999905
-1813451225
-1183990761
810266383
353802675
-1125615754
-633153437
-1286832197
-150518830
-1718730668
1527317476
-307762082
264161489
-2098636802
377555858
639309773
1857321519
1483529197
-2100833286
317939835
-1985404998
-1296001426
1259525701
1599157041
1498965552
-1142656398
-800528014
867751166
1501565992
636934306
-1719149595
613505131
1227565362
1985694134
531341606
1988178419
-429044931
-385889785
1962153953
1939546033
1016931897
-1806372254
-801985484
1011177563
736272893
1266006558
968448554
-286247570
1859654249
1849249392
-2082941823
-2125411158
-850672177
1740278525
1632883635
942091457
1143051662
-528095312
503959859
1189032266
2016042240
-1957171251
159101687
-237624837
-1228834155
795055686
-1678693578
872321303
1633599295
-88540339
1580060786
-1237373659
-615682031
-539330774
2098278841
595622370
-1063305694
-2078867891
376269607
187212920
1299994807
505295526
-686555474
-2080119058
-882901600
917747252
-1680804583
1049308898
-1729942558
-39021860
-603419827
1180826486
-693281642
1555745659
-1523847214
587179656
-79862256
-46634434
-1904356207
-1777890011
-172298942
-2023448528
82303199
-703149250
807602530
-1113929196
-1691480135
-1106936164
-1591149109
372534900
735979089
369411345
1347300896
-935032583
-735318327
1826744815
-1321029449
594261757
1774539581
793409214
819077939
-1763042978
-1782319865
7609128
1001825650
688717717
1149434941
910598200
417734314
-882659322
1904466814
-1571464509
-1282658098
50848153
1475677166
332976422
388333109
-1409566072
-669383298
-995063759
5711229
745039994
268695408
-411030686
-1184393299
-2052741679
520029466
-25525163
535571609
916701248
923798249
1688204667
1821448586
-1965624161
723201960
1566403594
1276620317
-2091109374
-1022638590
466877748
1409350507
586982919
1037713989
48276122
-1944499862
976649327
-2083174296
343853571
-92602734
1673980911
-564193713
1234676808
266722755
1301962312
1436601932
-1241800814
-659440027
-1698352747
-1664522775
-1100883768
-1317920047
578328803
1116093668
-1021423550
1339183343
1661760006
2042601594
-251347518
2122830111
410002602
-1903968536
367714211
1622374236
-1075716440
279891758
2125168978
1005017758
-1058225766
25653525
-592513795
445275776
446944689
1064470899
-1072368501
1756902179
219731397
-481157459
1424432587
1984360273
-815060819
-363398786
880442863
1737074917
465345488
88411637
1671028795
368684905
689877756
-1482231612
427414520
409357567
-1721458315
-429073226
-166552145
702886277
1257455697
-1841820543
-1618245741
1572596724
-697723390
1985703102
-920238786
-1893919224
-1970158796
1051126324
-774873440
-1139141083
-810325799
1000530012
275502643
366254969
727571329
-751473631
-1757446541
-2096547747
1750185966
-1425824026
2048045709
-1078018304
1083616487
-1904407091
712992342
-1283701690
-79458740
1285527862
926990718
-1323176723
-1186200214
-1654175610
83081733
647948529
1040741008
-456907223
69362157
-2122235598
1046598626
-48363559
-2134254544
1308777299
634701164
907906847
-1508496140
-1828890652
-1742999942
1239821850
1695439100
1147842242
579039270
459617406
-107050910
432975293
-974378703
-938071841
638918787
-859914884
-1952521450
-1495469521
1963133241
-2021945187
-797131684
-1466264187
-474050225
1255973152
-1927584725
-1373008865
-137648591
531341317
-1557071070
-2034567766
375608035
-1202406606
983346535
-1453446464
-629163468
-1766138470
-409576961
1628468145
1785790514
357387676
-1319052450
340453253
1968363232
-1133621848
-226507455
-606030015
-2113822170
-602889432
1512745916
-1855952535
-1079417080
1600923548
1338328974
1867434438
855112218
-1945647097
1841630140
-440757911
1033838899
-933652855
1591869532
1075055343
1600822368
1998836301
-671484239
-2044446971
737757724
1707084196
-1075156360
-978111186
-1251484995
-1695040910
1981195393
-718932797
-1104230608
-2078534456
93647488
223834683
2052882152
1963246546
2002192420
1651639468
1299185939
934797555
1045355881
1557233554
94852366
1878750510
1456643626
1950297294
-1965517285
-265081657
1805090553
895804144
-1255963055
-1108139735
2143587122
-479937608
573889747
-2015699702
-333725619
978792153
-172768444
836370124
776538740
-615934719
-1106954630
53615910
843839061
1265850133
1897414257
-257961469
-2014696392
1593331137
145305985
-1622208598
-563738541
938677551
-1852213549
-1596120034
949347421
-1930798827
433880081
1072500423
2016274016
-897557259
1397871196
368643153
433547475
2069644448
-1158699389
-933856045
-1848750105
-1824464645
-903870352
1376749620
-1955733471
792528133
258389477
1820861642
312207912
-1055021288
-628335512
538600515
765091808
-1609936274
2061993596
-1842337080
-978016586
-1883722522
1663739921
1981723743
-1631634627
-215214840
279051836
1802144912
229997050
1271045190
2068002346
1163975755
-1221942917
429973892
1939607378
257765896
-872390226
-1281191974
2060217578
1558259759
2133232751
-1022524008
-762606949
1997901243
525122402
-2036209782
922699895
-2002586343
-995623166
696362108
-1792556502
1867107669
-1703154950
1762536704
1041278319
645949816
-952659021
-1853660306
1679621062
1105173035
-101953235
-536672213
-472294557
-7553633
-370320622
2050237998
1879815017
-1806014032
717525512
198067136
-1602803881
1397167176
-1130755514
1637899138
1061006786
-1164747263
-1393480854
-199237196
-1724881340
-1474305266
-159942264
-1316202061
-721757516
-2023967141
-171025530
-1384628285
723820439
588442353
771388070
-514831601
-1196947499
1995624351
2126010211
1535527917
-158081105
-564674346
849334145
429206117
1041851120
-379800364
-1745104545
409454835
952558178
-177543675
-288429937
-1358639220
1942146179
85868453
-304033880
352166622
971115896
-1024364375
-1590996134
-1723921444
1185937986
-992098081
-355872062
-624536711
858602287
456737876
233828606
-1549412686
-1083283054
-1528862475
-962507772
1945130706
1503286454
609737336
36523183
1976732145
-1236065777
1601685628
554656794
1654042557
-1483424590
-886465810
604326449
-1178194308
12994566
702054575
2033324420
-1134986159
-1738307141
-1162623885
-1807866786
-1775839043
-461472005
-321385492
-1294893290
1942264424
1185452256
699065638
1455864740
1797002529
-1865016283
127354420
508215926
-717857757
1187397663
-937434356
-788122492
1083991194
2040801517
1143373231
631956130
-2127016859
624314606
-1785359220
-300882412
-1656895204
-1304218253
-930344154
-692834713
-1166277805
-1474618699
1845553396
-1575184258
-1931779552
-760218871
-120673657
-20454678
-1309799718
-761909935
-1435131662
-1748102273
1990334755
-2081829195
1894050661
1928208931
-1752116439
799873939
1216452379
-885392151
39214632
-1946229837
2007814518
1802910045
-1693337806
432508351
-1451714457
-1213003999
-1260063694
359554545
-1907585773
-1880541256
-1286991570
-1961888754
556977331
-2034274399
479251915
-120965998
161412027
1833489575
-132227306
-2109664980
973057854
1607454071
1565522305
46326892
-175275888
-1781225869
-1771210966
782914746
-909142228
-1852756027
-1373004189
-1945701750
-595991336
-1764775755
-368980882
-445315635
-1294610426
-822834113
-525924216
1000357546
1863919741
1174409952
364299048
1500790125
1881489976
591756720
1537852808
2008622527
1935825550
-1511817547
-2042358428
-1375096553
1560914834
-1846914443
188272897
-604801936
-747449924
-992911668
677463920
-991343300
-65050680
-1884853504
-1491676909
129706392
529136862
-2004499182
-1087165344
-1782210624
1634453746
-1535121322
1513317092
977209540
1484702573
1288599877
-1271563637
1982796411
1224212492
-1903318382
1162442526
2096692408
1649440264
-1722523782
-300781556
-147851845
1370527095
795516768
-1891844500
-1863300630
280317682
-138727784
-1206220990
1701796545
1250652534
1728405634
-1240979968
1847562501
1506312847
546404059
-2008138928
132431423
2117498034
-1074060721
-1689295856
-408379032
-583409686
1254815825
2116803742
-261717280
1875943607
2060513839
1474663508
-222291035
-1734278862
1723812192
-927763114
-1868743744
-1989160843
379995424
970646666
561701890
1406536761
1927728446
-1101873689
1294321392
-747306817
-281356748
1893945587
501703931
175244020
-439354760
1437278598
-135514124
-370071345
-379464431
-718769965
1427939774
1507369982
1577513324
-630992216
1913229892
194814656
1883006063
-455585036
-1926686547
-982656236
1709793998
762965898
-1263643698
1277371411
919955614
-1929156060
-737446432
1960362394
513852967
-1665091927
669241202
-1446623701
1257809405
-1835300430
287249824
-361353452
314368081
1636027210
2100189061
77110993
123678596
2024141301
-2052696339
308074926
1177065980
578652659
995768399
-1143773008
1552622907
-1863160635
-1268990471
-191560011
-697096659
1771269360
-939687283
67681242
-1192443200
2095675904
2067457707
1197853468
598177978
-636845873
41461231
-550218175
-1842692666
-1002206201
-1512683746
416930808
-2027156273
405137636
1937759131
-34802625
849867920
1337676862
-502873569
-924979452
325385067
-1084132410
-1418239832
-1221052145
-140481414
-2045960305
-876869198
-1751471330
-1273863708
2025471952
-1456701276
-1295833263
-1653104527
-2116730137
-1205022323
502016200
1285888095
1052209057
162885647
-679401078
-1861083275
1461688248
63558043
538509992
520337497
556068508
1367471838
-1896633695
2119465758
-1480980362
-375482246
1294661128
-629542111
1722959209
-706286855
1939619428
2099349012
-711185126
1443507710
-1484057770
801912923
-1092125070
-1381074244
257645057
1332863638
-84543582
-1174829652
-2050785627
-1398166402
1394743911
-1770567814
1690147981
475980020
1874292879
-1626488513
1418248235
-302616745
-376695621
-336834571
-1669748864
-180703723
212042597
-1604828377
-2056477503
-307744124
-113313756
-1524651288
1453360951
990892530
-1941972178
1989579013
1608298086
1311711226
-2096823522
-879619715
-851268751
-1407058407
1647562488
-99088847
-1135733572
178589824
-1100325783
112277975
747335635
2051681323
568876626
1471632948
196695434
-532868559
789600135
-1512636022
1117074532
1279790174
360398291
965861198
1875334456
447561470
-2106275521
169043998
-277346799
1969406971
-162073709
1332137201
307367766
713876266
-1432392675
1883986319
-1940596950
-853023
-788397136
1976044100
1562040085
-1847528500
107435247
-478787376
-698398749
1622163200
-34132789
-1232665439
752363468
1079039312
205682505
-1912300989
-920125740
-908351265
-1046956920
-2147009001
-1661139596
1841132022
-657376766
-1195844030
967414138
513926168
-1785674734
-1134514200
-1814303443
1597284434
915938229
-2072126566
-237372236
2018408662
1446040724
-461636340
-922266185
1199233482
815359809
-737973749
-2101170874
136997725
-1901974591
-963480403
-1710112774
-1583005412
96532554
-382985015
23140441
-501208446
-419862451
2059134121
-1542498434
-109184811
1599344565
-241844994
1758585849
-444674513
1199513201
-344703981
-1032117517
313313754
14104624
482776133
1787338646
-1971935775
-1665170325
1799552434
-966671189
-992077341
-1004782936
-573995215
194382980
-735504598
1211313915
200180353
-218903781
-1335741957
-1737874736
-1455226940
-1942030725
140889135
831708648
-823849939
249663838
603903234
1743868833
-666327048
-1117414377
393163306
489183353
1371907994
-1541230670
703407659
989703124
1468396602
361211737
-815773719
1672370685
1295179615
-636814344
-1220681858
-1399276950
1903656425
-1923959260
269335629
1754369603
391724613
802101816
1713231959
-930217179
1372007900
-1978567999
897342669
866426402
1590927819
1071291675
-122364955
-1224518900
-686606631
-495764389
-666446864
1670990835
2111265957
-1634093457
530108332
773268715
-408297441
1483759492
-728975402
1188077586
416426297
-644319321
-1542510077
2117539280
-989585443
-1186144594
1095035056
1213474144
920906785
-1776704935
597080215
840984975
-922155592
855362227
-1559412924
118109636
-1512159573
-796456770
-9193754
-1480810689
-1889274551
1415916366
785484650
1568102053
1186199900
1214086709
3683525
-1152641605
-864571235
-1672448096
1642324625
1486792050
-763226520
913725376
1921174747
-1701789661
-88591693
1895145132
-1906295238
-1663871974
-1013119940
-2049934203
795716388
434825816
-1770694143
-663314470
1005939324
-7522924
1363890165
-382007730
409461614
1905921411
-681549072
1355002744
1718436991
764566105
-669495322
1384346122
192092127
496219278
-1235864997
-1280572620
-1265743615
218610917
-1679256042
-2113314742
973041517
-1230868311
-1791463404
706540195
-1154452780
725286457
-1942342977
-1613109820
434101348
-4268601
232747360
-808323138
1100966238
-298372516
-1774532911
297036756
-586108188
248821534
1148121974
-822672544
1168375575
1920384213
463300204
194715894
2051706721
1818622891
-1734892029
1769961929
785317902
-180077261
1482312554
-1429145267
-711226079
1102979756
-1198553688
-1674331362
970936421
1822198661
-591243309
-983089377
-2055156543
833052708
-406124933
-977847322
-1503831344
1973667042
-997169050
-88296617
104483505
1137965402
-1027535230
34155918
-1715089637
318728163
-18712809
-74433022
-363657805
1601022298
-398213061
-1186875674
-52580191
-861437660
-834368117
1921593042
-1130924704
763172210
-1204284137
915258530
-787893035
-1560221753
-1556641890
1884753310
-722186077
-535080522
-961132550
-89441829
-1664945731
-279803408
-1763858979
-1060439328
1459070012
1201632638
-1176694851
-479713141
-1753031567
-1142437558
381087756
411869237
-303154882
-751157277
132229548
803600916
784373665
1450305408
-979933278
-1655918367
-1613280367
-1766732731
1915139081
-542924870
1457099277
-545619259
826346056
-459867575
1034457201
858740423
694409351
-393207004
-604015350
1643717197
-1085561762
665191542
-1935897363
-1924067119
1042826959
1185402591
-1870306556
-1906453807
524579702
349848217
1099250793
-1896741490
1614937854
-170006821
-953776650
-1935486193
-1557161769
1505153921
1281165084
-816181652
-153883611
2102718700
18869747
2033668168
450190331
-1165635034
-1081079661
-523774050
1243926216
-785937078
423083937
148189889
830815505
1325807138
-742939092
780596381
-814680224
-163324143
2114695865
2140404290
-650586244
1170555955
633501084
-888929117
-1505177383
35357890
1061216393
-1614108006
21009489
1644531387
1388475242
1234233134
-28951788
-970317631
-898702734
1972553752
-1310446371
1112901184
-2116318863
-1010106237
1797436774
-1248562732
903889001
-335649772
-1449067234
1614256620
1108108642
1993707049
611866904
1499593642
-528339078
-380421788
-1007671739
-1552029683
1590402879
-119927958
-843602971
-166510766
-6447040
1205655783
-994148038
1446739606
-206360607
-478108203
-1441000833
-610892864
1815321967
1630004734
-1627365097
1080896413
347354996
-195903041
262769417
920464971
-1558775221
163078925
-267704916
-1262756389
-712174602
272207549
-2088986722
580102962
1948078382
-879948289
882810362
1643812143
1484507067
1267379243
687304905
582870546
1308709382
-436089664
801651384
-817765605
-781799445
341106088
345364491
758796913
1842372820
434317760
386535634
-2100626619
401967875
-522268776
-1569602983
-546470857
2046657582
-1866145674
1517267940
-169061384
2018824016
1351216033
667079323
-2020059088
980657085
1055750619
1249554627
-1562782047
-274902665
-2121581266
904045614
916106379
809572032
-144115477
1896959988
-1425366958
-434488592
2049730031
748676451
623159646
-927563128
169121576
769165363
-815377854
-957919098
-393829801
149570046
1436064031
-921499398
-1414164201
161757422
-1248071094
-1985902375
669638173
874585527
-2111876820
1494730512
-1737686336
1072104648
-1069261975
1612968668
1868683451
-1752228164
347155012
-1004756136
1494930482
810288150
296894018
1066069079
1225480690
1591511086
487950604
-1585419149
1417786877
-974895259
-1416515175
-386422683
-164923836
-1551735649
-149227892
-1769060457
1564356022
1687300594
-4631846
1808664055
809165689
-1299677030
-1719023441
1295150862
-1109216650
-1734577104
-1328613742
-664357296
-883466981
-1122487013
1418943174
-1944567627
-590685861
-1751953850
-1281234701
-9456760
449648889
-1951530477
482334214
-1777623938
1903661574
-1661926770
2086452821
-1485502711
-1666561112
989067494
1570540037
397906670
-309955812
1344311320
1693496239
-1756635115
1569635581
546240236
-1246964415
-199466081
731256517
-1395389147
73178914
827980349
-1171690348
-1251430413
-346055271
827771839
-1364621520
1507121580
-1062113169
552817643
-1609152947
-901740357
-519350062
546481296
-1126384883
-172514856
2146845051
-934791974
873326281
1519206777
1278387475
-1656565274
1752965649
-1541525369
-28444974
-1298299752
-812027919
150564949
2056483177
-386367316
718356854
292622797
-100634590
1271492875
-1665372816
-1341862933
2109912644
980661599
204890232
909837679
407455931
-2094111511
-1303983820
2022983118
-1403601416
-1882772847
1967342809
1586512233
537798678
-844214722
2009124849
-1753549568
-2048787139
-1263960217
-1390084259
1563133033
-371285429
793785578
1143162269
709218428
-1388282960
-1219643876
-1183659953
1563097169
786409625
-1835917024
-1630696971
-1428932179
-621163440
928842364
-871240709
2023154872
847546850
-1197387287
1181469943
411522804
1605998081
334227562
-1409628366
354169194
490177324
2062730143
633295718
1158823461
220245004
-24860070
-1913596983
195344612
-1068244959
-336198030
-1434793142
-1439371510
561034909
1654720471
-1568684775
-893949223
1712565135
568091878
-2036027283
-856941089
550792004
-500347905
919581825
-154517841
1112731626
464411219
-1053703970
2044710356
1564890485
1626254338
-1507697184
-2031094270
323651525
1042897252
516522354
370850703
1280847624
971437478
-2113180645
-7622879
-2086371747
1528816281
1474744894
-699099225
-1336096583
-1022390842
1203099037
938755980
-376700914
324397765
1170641694
-296152790
146178729
-1257914674
-1329051438
187797116
278584027
-1475112560
735467570
-1319784424
-1286843173
1703040833
783984811
1866286939
-691630358
-18339850
-2020266405
723025893
-1486395464
79075379
1739495709
-1317929913
-2035355898
-1353218362
1561882563
-242644485
-1199883124
921203664
-1675813983
34709652
66081052
1869329699
-895047598
-857137099
-577083898
1961368531
-1259652170
202244935
274419390
426041095
-904230343
1553790822
278515900
-1757880305
1505217371
293409179
724833699
-771646533
1795158635
227938768
-165373019
-788046614
-680251499
-396170880
-841267163
-1944484767
2090663199
-1902544467
-1505591139
692517341
-811975441
1052490775
327314881
1132730986
-1822873008
1844825002
-1693266716
831567861
-1601100811
-1074823113
734917531
-830079456
-1858825667
-1284533913
29223327
1402818645
940797368
286881003
1384561911
306083101
1564551657
409889784
1742697558
-1888181582
-2002253747
483226610
1757234113
-1144045358
1112545180
-139129241
99280756
-307465259
729834318
-767224770
-1241495290
1564001538
-2126178464
757991471
-1253256501
978353181
-800220073
1327406198
-896985735
-232489404
-4067452
-443064382
-146103283
-699546118
-52511862
1712833907
-176207377
1578616964
-1608780515
-854131451
1340276564
-1904518029
1184497676
-1737601850
1152794595
1791554946
-1144151936
587326415
-1640978534
1889159585
-1608303483
-489662671
-1920599565
714126161
1842753994
-127910291
168949570
-2014911182
-1916714076
839295786
-1868454816
1748091610
-692492968
1173895201
-1793660787
1142256359
324297881
-289240229
-452090478
-93258153
1209088079
-1779849314
1526181414
248779030
-152045671
-751183580
-124305774
1731702744
1373879573
-1272673906
336976791
1026291496
-2090272162
679110424
510638991
1060779969
3080150
943999756
2060066257
459015196
1315683492
-1667263621
1456288858
6095690
861731584
-1030101973
-897547352
1258724611
-1511351123
508789451
884137193
441570046
-493773881
1970193005
-1377479083
214752130
821547966
-1924779468
155379159
-433630916
1124390562
-1966439604
-1750826510
1471220819
6050464
-1702602214
1178332386
-20645703
1138412492
-431653196
-1350726143
-774210108
-1015173600
-422043501
-612106900
1837976316
-1976828988
699539847
867050982
-678126026
375724943
1218288618
769859836
-1952426271
489655245
581376024
1828008296
-1096586593
-436634302
632628510
659521466
1299746583
1052351087
1580484784
430996788
1833381129
-1212252397
-109217184
-882044682
-337907550
-2139118604
1330421261
-2099842214
763988753
984269534
1912582553
-1390224479
-2107934375
47511275
-1146183202
1137796046
1588454504
-421061371
179763937
-1670920494
1222307433
-305055575
307619656
745790696
1205797205
-1702305555
-1365363959
-441910718
-2099580208
-1575814717
-440449692
-1969646619
-663482062
295255423
-1234352622
-2039755056
478113251
-762291562
59367870
-1759158941
-1821968149
-805590616
-1959763532
-854765825
848052680
-1255686209
-1975579944
-1201097239
1020653954
-1811586855
1352857560
-205437069
1876054525
-1142778205
-313859419
-902604195
564819597
-1328025721
1039700254
1764943736
1069996495
-719574552
242211086
-1576177524
-88111946
-1076834388
-1224904872
-1553403525
1396642532
83789306
1933506160
-1805762651
2116102202
-257944252
-893845491
-1949336690
-645256270
1191669127
610203164
-712935234
-1438688405
-539481391
2013011703
-846643224
493063685
176643587
-206819114
806162254
-1204931282
1141415384
-75159419
-1855292061
-361269891
1229759525
-1115990185
-1345740367
1800234878
-239731870
1990450266
2101307389
1031001613
736919656
-1198981941
-1893764696
636554727
-1363100548
1887899596
507521367
1172279933
1801214859
257945940
-352719658
-1008350197
235750071
262025318
1087664441
-1372454167
600640274
-851415931
2137244996
-1125499871
343860392
1807259238
436770316
1944374081
-1728436798
-1613625369
-178415139
2054663537
-1197995415
80521024
-1856617122
1450836423
-2141231063
237668727
414265075
494154457
1716607510
1032898585
1805829218
162571667
-1039783660
-1930199514
-1564264776
698876235
-1862667182
-1269817268
-1835745171
-463379182
1155325462
1186505816
631613894
-1374675379
87212223
2007313385
899919738
-1161972605
1204465672
-2035734938
149729176
-1972871561
492227209
1610882609
209895591
-269798279
-51306621
1934992668
2013796110
1669772280
853716188
1245647899
-1798742858
-1875548068
-1731348120
775230011
-1742512403
-1318990574
-1481830551
-1972496685
-1090832755
1917828328
-886187175
2080004856
1506692701
316474010
-1442696474
-1310396875
559016886
-211689813
-1540978627
-788209029
-1058005655
-1129081223
1727303051
-1373584554
1894397152
-556244853
998395072
-59388831
-1949880958
1780302381
-1233881195
1507300092
-1271486884
2016653887
223818704
-1280043205
-1208528387
-1358555832
1828775878
-728535007
1541013664
1783588561
-491336927
-278296819
-2098681712
-319577104
1728266211
1485018740
827003080
-1797534942
1235892138
1648517072
687407577
1961985374
304621877
-781366057
-723246832
1308871782
334256678
1358557168
-717104681
-1843453345
-1320713975
719755234
1463810395
-1283903836
269747092
-1166153010
-369827729
1371067350
-676506320
658816095
1409707951
325129015
891304376
238195519
126947816
-558477000
-1596592001
-1813474868
-695564105
1255853903
-996635753
-1516128757
-9281681
811101966
-101779632
-623729444
987506752
890966641
2075358719
-702647185
746448788
-1673515657
-357592064
1151937014
808407484
-346727181
-936060931
-1238901093
-2098413877
-1779886429
727298927
-1181106252
-71632702
-1561475455
435582820
-1584112075
108480493
-2036273831
2113294723
1925251430
493969803
1823282331
-699624115
516944085
1013128372
844540786
824104357
-654186099
-2110516873
-185523948
649630353
112669319
-1657436606
-1898262437
-354058430
-1049164704
-2124066938
-1441558379
-660888495
-1210501044
820635
1282080663
1521410635
1390899786
-33999648
1535170840
-941909905
-1389741415
2011196454
-1885147333
-1190235211
585742953
627592526
2033817709
-626284014
124850134
556794928
-2043894159
217589242
-2069992175
1898301374
-1732756808
1760257574
2012837599
-321304216
-1865806859
98112919
-1775462841
-1048889662
-915083023
97361881
-2108345977
-1960791708
-1231960933
-630635124
1433010247
-1561599726
-1870530718
112817440
976613137
942212123
-159817273
71855071
-413579777
293708293
402271277
-828939472
2041185973
1365099626
-712581133
-524825063
1231533457
1470454300
1010562500
-654546171
189137441
1234315407
960722221
922955207
-694877483
-127602824
-1507165841
-1125825058
1795487733
-942234959
927575958
1701496058
1710148052
-280437153
250552777
-487347778
-1880508858
2068248918
67691492
2107658952
1258938702
-233088581
519402819
2002755053
-1481982692
1951592426
-1810371616
-366397496
744717621
-884802662
387660960
873389942
-856487693
-1572634817
-726584087
1312268954
1993613616
1435698607
-1739654793
-75213401
-2013156034
1778294280
-1724768656
835505245
813589273
481505743
1796648117
-510028141
1488076511
692820316
2092411002
-1271511753
283344255
662770294
498658584
724859795
-1606938959
-535167687
3306017
-281521967
252162597
-66256064
-1392357963
40551873
1455103
663555327
512493587
-310947112
164658305
2132060528
820057202
415617659
-1424070903
349031409
1773634321
384977789
-905538498
-350419860
-1286520691
899178470
880847750
-1545235016
-2067302799
-1096784906
1621475258
-1114763714
-313335533
-1164418711
540396317
-853326113
2019765917
209947387
-815499639
577891349
-1562068119
2100225070
-682713110
1976366424
-264945774
-675143351
-56798224
431599298
-1136836153
-282066012
-1443746048
52443381
-382901406
614053411
788814187
1261019964
129751481
1978461695
940872417
1961034736
-1179670350
-499330100
-1328414425
1078932252
-984845668
-86902602
-248465912
-1828254877
-1509232323
888003598
-984735608
-2044570335
-1187550169
889373957
1519312223
-400441391
1691402319
283702454
-823879003
171216302
-1986540321
-408521623
1927414473
-121973348
266885450
720307221
1596842695
-510689465
-1762539359
1423306022
-649724007
1706253708
7810597
1266924929
-308982034
-1985672424
1436784412
1901997764
1424525081
1850174798
-50815512
-500122158
478624332
-1645018770
1797954132
-104286578
-102305531
-1804838926
-232848591
1314895845
-934217785
-281255365
2004276513
1700525074
1865077773
-57837971
676860594
-1281511139
-1776511877
-478532202
2143728046
-670708317
-934317994
2146009109
-1995535952
1465470429
1555196470
132498489
1707415546
-1604176678
-36050438
1326609192
268643462
1986932239
-1947565573
-927016959
-1293691814
-2091922671
1296978819
1884425541
-162065120
957307296
-1426602368
1420749938
1160531445
314873319
-1309964172
1542771696
2116112768
-337462015
553060015
-873699535
402689351
-1848327233
907532224
1992142099
-2035690947
-312494680
-1100232664
-41996152
2022085278
1948090432
348683857
822347640
983804159
-826102131
-376116802
524870629
1924660384
1527109846
-2123501182
524194640
989894404
2608301
-490531338
531796059
693108419
-1886932688
1949235622
1996262063
-1573393506
-6378613
1360725387
1780615455
403810260
1534248896
125607039
-108033523
488288947
1799956906
728601069
966313484
-182421391
1364970046
-884418617
2078800070
529478460
-2032712428
470783933
-551660512
56969615
-2035713499
-244700245
-379190885
-322060858
-1124988970
-1311004334
-1277667843
758743796
-9313995
1576400202
-710862033
-1007105292
1701282945
197628215
-923659159
735224253
270112239
1973131578
1869095051
53111290
-1591090517
800564394
-910844210
1428688602
1155993628
-79004156
-310642277
2085682980
1836284780
-394664417
-294093894
1733117325
1945898311
1840043683
1539756975
-2005577139
664929762
-636291140
1363011936
-847623697
-93911746
474037513
101837307
-1622938264
-1684352083
1992744410
1865461270
1748791147
-918638955
-1692590949
-1686381033
1509149435
1590304115
-1568173686
609646805
-678858943
-738618590
1403120816
-1942904705
-773565281
-1441833123
498295565
-115420740
-1565602044
-1519143806
-1347470571
288090388
1015853442
489211288
1129131099
732928653
1599575837
1565802643
-1004829044
-1007468647
2140562660
-697325354
1108890526
2031165231
639785286
465917432
1853745480
-1431530441
960314525
301472458
-1153262156
1285273130
948012815
-307242855
-1852664974
586180601
1649315734
325419695
-1668951888
-1505169106
-1193273252
-1611835872
2059670952
607028561
1080151115
1980123586
518727256
-1161142900
-1153138204
2082601596
-2103215240
-392148847
-668706992
520656835
245010089
176673979
-1041499212
-701459358
-1453771286
705394803
1892858313
-170254471
-480263601
1860656341
-292022357
2105190855
1197004275
-975720814
54075376
923073323
-1127275218
1736481047
-829904901
-1721852825
-371091709
-902279186
-1613420654
-1373923033
137656540
-1021457820
-1403259474
883285569
437631352
-1536354964
-252510574
1669707838
1907711780
-1699979325
-1068546273
-1076546023
481471784
1717249108
-18886299
1396732998
-984503164
1988040413
1822013053
512824309
-1347154980
-536824111
1166772629
-1847369065
-1884583249
1619242112
-254060469
1753740705
1785422799
-1752869771
-63710145
-579027313
-1581159667
-1739711202
-1529171485
1653922603
-1411984845
-2132239694
686991508
-132733426
369346870
-1743030962
-670400530
-653538457
-230658644
-1265527455
-1152801189
1375167994
410041723
472789578
-393098003
1885497451
242254035
1245751103
1912956014
2045695677
2124373853
-400149904
30431156
900109332
-469986124
-333053333
-1039034568
-2109552446
803534867
406205890
932792809
880092288
1333611344
-1407274774
1293465406
151814395
2029913353
-430379418
1620983433
-1671255918
1521814044
593112355
-1207373933
-619100834
-1444607396
-303587034
667195492
-1945617294
502363264
-353727900
-623354783
950008163
-943639202
573855216
1230973084
1814457866
-1926121894
167849307
1411553639
-1688352120
-1340682472
-553019305
-695851734
-510643830
-153379208
215618717
-2072403850
2112613581
-979140925
-1271805936
-1509462183
-1060117020
688490785
362262818
-695994381
207644472
579886158
-815269514
-810997175
448293200
163256973
1586581191
37892441
-695472045
1457771228
844391943
733520237
1834237386
-311244440
1406536907
-1424640076
-1805198679
-312650941
880176357
1444904718
1088732559
520763731
-1612290478
1365437990
-847310516
1277482637
723395414
-1585884475
-52207708
-624466589
1172720357
300457573
-1132911534
167260282
1943500101
-1142724603
-1925772209
1979488928
701089520
371636027
402023763
2076193277
-2014784066
-2071925617
-2079358564
-1950530937
893271107
-361866491
-2106453011
297245627
835157877
-1242732805
-1055340583
-831423095
-1638782318
661995061
1122474560
378396815
2007188800
-1760068298
1257813530
-1923969654
-1289910283
-24750639
-1873553037
-2043693047
1349251737
-650245378
-196573514
337252451
-202593944
1084872177
711165485
-48267030
-1024312291
654936168
-1719895096
-898758048
867154764
1784578116
836801820
881292201
-1593425905
-1376010149
1097569198
1607712962
-323958300
381567628
867219314
443524337
-1430939947
414177042
778653070
1613980733
-170763815
-30923491
561440611
1489098785
-2012548230
94675102
-98337332
1144425340
1255706807
1305053538
-2094398296
151331274
-1309584341
59459426
716583573
1879801241
-1468076690
-1230981032
-2060287745
1710971445
354206394
-2125184363
1269278808
-1705554779
1398575313
198361361
-1495196504
-2020974629
-199580386
-311124796
2042515016
-1000292314
2128156186
-1452366029
-1253002519
-1734661654
1340841457
1964870221
2095241947
1136529299
1874066276
637002103
1862604428
-2116506937
-389481231
1902137316
-8359858
1561291994
-1545561552
38938666
-1529282980
-1216839034
-1158168705
-1787266798
789893406
-1768923429
-4673567
619221935
-317914709
-1284013708
-1244978909
1589010097
367174800
948562923
1053259328
-299234566
92906703
-1460405618
1295563782
465829233
1240976170
1760531538
-1397797896
-1649081834
-760842848
680519175
1889548662
507386967
570016568
-290382643
2028727579
-1865643871
-2146945028
-1056648250
1671991910
1323025209
2087329096
-259315444
-831308901
-1678727093
-1452793276
575909349
-262873109
1771962691
1247084718
-228547019
913741778
1655968603
-1722406436
-314946765
1806875584
-1665006732
2057027585
-345569953
-1278818053
438903593
-1672978514
601412019
281292995
577731361
-1756529252
-1901115880
1922856374
-1820318043
512318632
598796571
1200044917
-1302506382
1656741918
-959065888
-557372280
-978255665
-875053511
745061718
-2009277826
1441184992
106551018
-186441300
1887763544
1313478460
801682136
-1174679293
-1387155673
1045068222
-247304536
-1180220828
-2038129420
-1967222632
1715443325
1682153459
-1333121569
-1173451091
1499837890
-266726043
835987338
-53615842
1133289254
-1996353106
39083703
1271018533
1837215976
109735935
-289513681
-1512131806
-66807468
-1059603473
-463393307
832052723
-1423089780
329647351
-472348325
-429457016
-1155287925
47183140
1927760965
1653805493
2014040167
-610001145
1724044907
935045706
-896704554
1701623535
1378983891
591318368
295519730
2031954778
878533150
-941542667
-512018880
-1621339993
1213940786
-651215429
593521390
-2074536944
7574553
-1741166292
-177407141
-985470504
1700469544
-1312815903
-684353827
1662937792
-1088386973
1092440356
1831577533
1161942207
-1111429856
97407171
3547782
-498310415
1349347305
-438508505
-411990657
-869879602
650516902
560398756
343002229
1506385055
82626811
898244369
-557228867
-1821614802
-728508433
1000546459
105131384
1653718717
-933990451
-1902255914
1417064472
-1837647048
903939918
-131291628
-1305199325
-1779703379
-1655200009
2087786746
1417218359
817512699
-364277824
-1054502833
-2104498611
-468465207
2084841462
-823212521
-1795402431
1638161338
989942369
-1519695392
506833809
-807407138
-1809607767
2115454043
-1412935324
-2037276053
264546805
745562157
1950243790
1143891372
1684241108
1680796679
1417742162
236509240
-198673568
-1104770573
980997799
-954045337
591787680
-1699610639
181033407
-1956004094
1672205870
-760021566
15327492
-2038627527
1805439257
-278402045
-878665500
-341657127
1026368780
451352700
1354893711
395978686
982597039
2016400313
695752447
-2109194363
-257626547
934761434
-377774792
-857935226
-595975754
-983535449
-17378095
-515367679
-1270340506
1680510183
319990706
831816086
-2046628634
-1814740751
-195682786
-734885894
-797702543
-1434740093
680074227
-1801211161
-47906341
688063954
-1144668624
1637024084
-603615058
-630770719
-232206152
-1988776218
-474632554
-1263693291
1633334357
1754466213
-1795261186
2078287625
590732543
-301382926
-343231238
756607135
1264611421
1280350648
-610675865
1722015575
1392691339
1411189730
2054644560
466594531
-1877156067
563251468
942803603
2087271418
362341475
-1564053380
178535619
-1168582804
374965998
-20669357
1050327120
1084470902
1818668883
1694329855
-503107099
-1888036777
-1908165586
1634042355
332386833
-1374365406
-1549383063
-2132334438
-1847432920
1992942038
-1334463043
391156360
1427930475
-1213856341
-714211975
48851442
232757094
-1645240146
1497049474
-1114807456
-1575260007
1464109967
-1214461030
1053869984
264104026
-1954924359
107108580
-1316017923
355656441
-356905309
236263335
-929843279
-337610971
-1252486299
-164846254
1158539671
141430157
-474268274
385308863
-1384355548
-261400886
-2054554060
-1506802501
535003032
-1630127237
2108086347
-1966154042
-440177040
-414373199
-315156166
-1187279338
-23696354
-1397921139
1085212331
1457694434
769996795
1504923432
-813034078
1536234972
1736210812
-1020494926
-1754857775
203177982
1446796964
-1045786147
-1629469655
352705161
-2086720071
1453781883
-1594950732
423018314
-1632977350
-319915419
-2144406623
-1730395873
63704335
808864415
-1221033056
1260897465
-480550910
1915298489
699768688
-1956077150
-579163027
-1639002505
-702742859
-1158377599
921122101
1076207540
2069327374
1708336028
-1234005002
568332674
759209319
1147478687
90612095
-55117418
-2143944821
-1735873893
156955008
-1478300701
-1409577220
-582518448
54121858
525710468
577211398
-852700497
1755192086
-1183380514
1136887825
-1456157799
-107873967
1907747077
1524781623
-1323369235
-934616713
1861359199
-221275882
1913316033
-100325643
-422056826
284644838
31747054
1658696340
1552045938
1710249165
1099660754
-1581828885
-2024437289
771124849
-1391890352
-1608807403
558301900
634799823
886294043
-605990748
-2014459475
-1563056821
-1253333708
1617477077
-1140849599
-784287225
1184748464
46295300
2106673950
1056302199
924794046
843414626
1253531723
-623980748
-1182907928
1430415588
141634599
1079964945
1457609881
1121600382
1694901386
-1637031060
-7351330
1993490833
1037206057
1997327813
457804400
1304299681
-757667778
1738032788
2034182386
374523210
-1901567384
-1373097642
921446518
1801469300
-70787889
787694056
690520389
-401845819
-415860085
-817586919
-1948253729
1623237207
227438150
1793289850
-2026270144
-704558422
1245591839
-587364489
-992417947
-27334436
-2114030639
1278499754
-242652403
-1457167337
947422740
1938615918
-1219929148
797713993
1603727427
620266931
-711431908
1967373594
-883029186
-147507695
1650282557
-1769466341
1236689553
-2061329378
-1863697248
-1063400902
-2004874027
-107456764
1189081367
-183227266
936945238
-846129075
875298064
-1215492113
-1728851467
-1470735104
-2074181095
744913109
1971348560
-1752816654
-933737050
-1145983707
1049795871
1217213781
-1608889582
1386633272
1588466401
1405472660
1904972259
1165473214
386938039
-602682013
446403666
928839665
654739086
-237725423
-814075383
1576885517
-81134716
243958048
16233262
-1283217410
-603254140
890257943
1203433376
-291245989
242260274
1905973653
1998333567
1293548947
-1123731186
-1700989271
2052540914
-1026186907
-496094509
-520053919
-793722077
158188949
-175641568
1482736544
-44830066
1607082204
1714107226
-1607064268
778236027
-998324449
-1045930545
176643367
-1608298040
-984348444
-1185700833
1692278357
-1112804116
120083969
89153751
440939839
-466347208
-1040115819
-528542370
172258589
-1453043106
553301308
1783388436
-974593479
202240567
-1005110915
-966977865
462466426
-2118765888
1039026567
720813065
-147466946
514727525
-130522083
-339198033
-1149010067
1648419970
1264229325
-912055972
-1024761654
-2129244122
364331111
-1493055442
-1311128180
1702848281
-1025823827
388686679
-2134307027
1413444895
1877386567
-661147392
-1884374143
79955838
-586411527
356339561
-381073143
-1713201986
-1024597481
-1967686572
-310932344
-598012753
1095267127
1934976675
-1959310377
1053420720
-1175725784
99579456
-1099812363
-341412819
47497763
-1619579332
949842018
-1919179415
1534257728
-2069852870
-1767792212
-784023939
-1625370069
-1508470770
-1077558967
961623711
1621601559
-727532896
-1984869209
-1282094169
-1140999695
1724500758
1648812417
583820239
-91456551
-455214286
-94769804
2116601786
-1743026739
-173444105
22495954
960264375
-1337733721
1926879122
1260496564
-587585722
2062727753
1535116664
-471815083
1497730522
-799842027
-897221429
-493784674
-428821536
-183916893
1227555073
1343099132
-618930944
1714566829
-793090873
1580850297
-1248941918
1817544526
-1127243998
-280119798
-1811601997
-995402901
1597738712
555817253
1305730728
1139767409
163909645
419539351
1811030466
2095022912
1328760880
-1552655469
44698003
-377145242
777407511
-1386706675
1277299137
149910416
1836156008
177637448
1147929610
909097532
-457345989
520656814
402794888
-2003223117
-101923331
-1712966945
626666549
-610695114
1727709847
-1478023925
-1782872912
-1387116169
1111987918
2111106180
554553408
161412682
1869155052
1771455374
-1474262247
1520971676
1566347424
1277813369
-1321358626
332539043
-1708012766
1757597425
-1254041
-1896717225
202569114
1435094164
48590787
-1584606688
-301806654
-424885563
1988698496
-543247920
1241372873
-1919013953
-1356699607
-562430254
-56143750
-1712070419
-1731926257
866288292
646436509
1618335864
-1286135988
885087874
-1100556131
-1394431968
-2076664827
1843068003
363683178
1157161294
73932526
1430166312
88829856
884054634
507613458
1751509523
92767720
1032436074
19119060
-1251055755
665947550
175952811
-674623952
-113412437
740916148
-1053968637
-1205407162
905666890
1271105493
-1947865066
-1521518823
-1214204007
-1349356083
-1193877015
1842434707
1477755967
-1883074265
-828620108
-1898414132
-518846659
-4833513
1437143547
253361547
1123609629
624904858
1061510111
1070428428
201076587
-119648549
-2041291343
1180152067
-564287644
1470358488
2038423495
1256488160
1295213549
-1427803835
-1159800685
-1219632043
1906334150
1622264752
1677372656
1788093205
352259327
-267386907
2004328895
-2146372387
-1964511574
-539692909
1088049842
-490887753
1330864593
-729634257
-265469337
2090033789
1822596010
-1016164072
1877399480
1283558812
1113182985
765054459
-2002690991
-219276262
-485919979
1970904184
356241538
-2123350311
1032537406
-1499242491
-1676433323
1052105756
781436526
657105682
-1267415581
260611402
1793530750
-155360146
1667122403
-907045646
-1551607573
695031529
361753475
-1682521841
-82767415
-371525831
666719354
578153868
-1174773257
1516346401
1979786845
-591086839
1952442259
1697768655
846982194
1122094559
-1926209616
-767940219
498033474
1693411681
606526022
-1785539972
316690995
910687077
869448041
605993220
-321503915
1150376962
-1866207298
74315503
-453931972
375244186
-292015575
-1175205841
1560671374
-1399469798
1379733707
1720083134
1022377501
64406144
-444191957
204073149
-1128549321
463835549
-428477518
-1785341728
1016911933
554539804
260748892
-1191796472
575416690
1296061890
-313993556
1281570609
547690004
-951457802
-346654495
-929506162
-1340446288
372480388
-1207170458
-351441167
1171442866
657792413
-476029554
-1098191760
1230317883
-1776158430
1062096000
-1081275067
1054214455
1162905889
-1807935633
1908676598
-1011596883
-1442026081
1624502798
212751285
348421976
-880911209
-1464568765
141278472
-135231369
1477419330
-1088495078
1342562476
900220897
2028981145
-1203863812
-576716617
-806357669
13063191
-1156882401
362932220
-440930515
302659523
1448243776
-1976430670
-1763698445
2131349613
-951343472
-25560233
1091687344
-1844089545
-1976468757
-1015419183
1555620648
49114967
-993242801
2095014615
-48966546
147123994
51858059
1168366478
870431163
1632251179
776706102
812647798
565202817
-34712555
-1443202590
-1994834809
1827856063
-987148795
-1733469806
-1186078313
-465211242
1845408468
-1526285464
-1796791810
-1177737444
752161349
1960178850
1352471931
-1493971088
1912675978
2084232647
-633055655
1317142798
-528844019
253096989
1921677261
-529834396
1850225516
-774594979
-1483145566
-1413100891
479141572
2138081449
1818017815
1503504604
856470321
208948157
1806289671
-1142523837
2121076117
-1656302747
-1353564342
-1075289643
-762105447
1679964206
-1278691493
1350601505
1574356465
271712352
1598892090
59982432
279630051
-23069654
-1976738924
-596879415
576010505
1192636703
-1299159008
1538996260
932646484
716146913
-1680421813
2057149597
-811475115
1975007003
1578045206
302310362
-826892617
1429867188
1469647679
-269522865
2022628623
-1201660352
2014333086
1773168592
662264536
109091770
171444178
1528189031
69154488
609388400
-248912868
250119783
-176735224
281069118
-709742710
-1288505407
-1262414445
-617950466
30633303
2087129237
783968412
485939006
1142722193
180282636
769399845
778050356
-1324100356
-1362582428
1099845742
-307756818
548569142
-909268660
1210436283
2139029197
-418666213
1311357809
1164302682
48123187
872083306
-1210296744
-512887836
-790480005
1415437736
803670382
749378498
-977248215
2049255236
-1163311780
-120241933
-369878942
-709286661
-1281676640
629616395
91163294
1828664190
-1529991847
-727726466
-1992122213
-519841711
129213025
1207862814
1511173268
86495477
1276545440
-1558861598
1576054194
-135499703
-751359585
1742887912
-163420221
677244460
1691111515
69456060
1766703657
299928935
462900571
1635430362
-1976622572
1427094474
1282734340
766422897
-123816973
1840025748
2124897580
2146456169
524048423
2106281239
62444268
-389475417
-1637800199
1095091100
34777530
-1395883633
1039187918
796051587
342797238
2051083722
1905514393
1283527086
-890498237
-266365624
1130936976
1448486944
101041625
-1523260280
1624093985
1773686752
154200088
1763752983
-2034984921
580160035
1338515233
1520572757
-1775383463
-710928983
1146688289
1331218302
-775116542
-538504857
1840187182
1428192488
-1066532362
231744869
-11625899
-1129707383
-1123737404
-784902679
-641464845
-734309444
-1801282264
-742365995
1533439299
-121160636
-1356085053
2040751437
826806840
-417690992
57713165
406611356
-80444531
-1091860416
-1615232374
349262679
-1172629479
980286184
1808071739
1368358339
-413840537
2128971538
1002543703
1660181107
-769798266
701284233
-1940489926
82538549
-1601804260
-356031276
-1182209635
1462078511
-1886919999
-386230016
343708423
432776516
-609697655
986581923
2045692291
-1460530757
-26450718
-171613668
2082802323
-464063710
-1652171359
1901158431
-1844325020
-1002374032
-186214314
-1486056336
972182082
-1308494231
-1921869593
-1865445906
2061139278
351446598
1823016284
-1664820014
-2050176915
166984340
1596529399
644179001
1867868291
903586396
-1377247097
-24526881
-1787772448
-1057983869
628369917
-1018838484
1980213242
486358388
1558167871
126832244
-1480367012
1992753403
948291644
136059
-1398359842
-115503500
-1470257089
147188278
1123569942
294392100
471016072
1823857880
819877646
388044518
1831163416
725752332
-1059971274
1360789257
2056244940
1634162814
-334618724
-808979592
520941997
-2034602337
-1551391142
-1549086693
-601728378
-97574231
-1691810994
816880765
-1373831499
-1087539487
890771728
-94209105
959195462
-1426524645
-1491039968
-842910101
1797760061
1084343427
-1575489697
2068956027
-377576654
-1091602279
-981081920
-362778021
613565219
1546780797
406888767
-1808950243
-1164463227
-941287572
-464861935
-200606068
1363893404
-36237430
1884107036
531047828
679450380
2051797985
-1765003607
441091809
623298735
1856128681
-1846704553
89666501
-836633945
-1299259447
361813586
-1441970850
-686146377
-1688621155
265983941
-91724041
591161806
1759341050
-446330996
-1261100370
924066276
-1549247122
1901422126
-800271273
-2026107639
683473612
1707164426
1985570464
-295257157
173330662
1033553615
163855989
1772402807
972095644
-644140751
-578946907
1795268242
-1154519787
622198233
1265753541
433801800
143404108
-115579748
-1748881324
-2097973739
1068170190
-1822676753
-1829193440
1768773955
-2109948479
-1109955430
8992231
1391336388
-414105048
-1942324820
213487168
-718261439
254140516
-428886098
1608381115
-1211695758
1569039613
-178175973
-887797177
1523657648
-2066212958
-1579497970
-158035500
137221063
575135086
1433781565
-1722412487
2041657873
-231031956
-307942362
1877708886
1628678335
-1612137123
-1600850553
-1568613507
522578041
1803060408
1977967890
1930321421
-327406038
602080241
-510600351
-1433299872
1736020500
222374398
818312487
958107110
129197098
-716553706
1853024680
652467345
776270238
1190267835
-2100011926
1049663092
320966583
-545140998
-569567700
-1731572314
1643905000
460845297
1953782039
1631396460
53969182
1814940817
597935155
731272086
-272096679
1895551909
1681062428
-31461079
2133666430
-1282393069
217743092
-1114467010
-435574422
-1213416096
-1395523173
-321960151
2005698122
1589912185
-565345251
699526364
488283945
674804655
-381675668
-2008093043
-1547514422
-1282884349
-285073842
-571150185
1328342455
-1698253661
-605795432
1333118877
1127350169
-2054240844
-115880036
-2000155915
157132234
2139341650
-2115540769
155511106
-746801624
-1250310188
1151618063
-304340126
1230507308
-770374572
-2040195277
-1009626741
721833530
436700269
-136035292
-1053043024
-333357766
-108991930
481218107
1990796841
-1948164762
202335951
-1683292341
-1113636974
1273514341
1717662282
1141544913
-1950251790
-794396519
1917585677
1396360809
155209503
-1947097676
1769042053
-1701338492
343008353
-907195759
371247230
1573920344
1655813461
452748609
751234208
809673751
-100924396
1080162915
1053649468
929682019
2105170324
-440997705
-229863864
1039404032
194473293
-726605323
214028200
362270411
1819763487
-1944085285
-1169417809
1080165866
1713079154
599954564
-754730268
-1940206780
-163130977
-1377113856
1025244168
-1188017101
1403724942
721564960
-1193761961
-564214408
909944223
189296017
-1287526386
-1001928081
1812191693
-441967317
1109760557
-619033725
-89876207
-928935285
1067221630
-1030746141
1884461059
-2126327074
-113819947
882677365
-414029881
-1658100225
-278520168
-1770745334
397414438
1425559492
1491321729
-434866989
-2117949445
358992533
740461218
1373617940
-1012494384
-63334595
1111032233
-1688599273
-229756217
1541535236
734653541
-1063919518
-563908162
-1830642435
-1121411448
151339051
1949441198
736771995
1673702830
-317076213
1987452499
369130378
2145664926
-874818574
611204626
-1427816772
1132230862
-1719309221
-2042717162
1505229505
-1126445268
-1248014912
498879419
-426886821
-2084682469
-1459615665
929935407
-637114799
59756731
1686017244
-1776189610
-1621302653
670659437
-1581486055
1563987694
-380193730
-1800813163
-1579698939
14471155
-675911471
-416023902
-1029117278
1377967173
1696922464
1712103754
1271789802
229882503
1505875191
307995674
-1556416253
1618721865
640301537
936332845
2097894577
-1126196632
117028922
907302971
-150935285
-553667660
-691377213
-2024586795
1019617393
-1524788780
1305815797
-1504478482
-639420483
891754598
-1212223144
-504815203
1084629687
-140311958
-1826481388
-631613408
-46152754
220025312
540493256
347436835
827353861
-1007118930
-1242895718
-1990590
692637739
326314439
870974862
-70814516
1906572366
2080232842
369188379
1955067082
-917383567
-957125529
1590707451
1049872959
-1611577476
-1097378616
-1366762686
-455768912
-1527502477
87759149
-1551550798
474319078
-407472661
-37132391
-417728691
-1469662990
2067097528
855057196
-1367072214
-2036918160
-1045789717
-1421775855
-1218882164
-1827671792
-266748421
417972633
-306271696
774191954
-283038911
881828520
-1709451803
-619950192
541850025
-786870193
-1589288094
-814865599
1427217830
1049859770
-1770908845
-460745093
969239398
1774895180
-151209292
65967545
-632680633
1037899528
1446326882
-1155329058
-1415603832
908695602
-929551377
386867321
-1818619581
-1073496523
-621871179
-1038246326
-629554534
515867847
-2141861843
-489464315
1476246577
2016873290
-482910591
-1401511595
-904122405
-1508017803
-30143393
-2072163805
1309911703
1737034291
2078344975
504904215
-666675267
-1067949877
345769927
-845765026
594002804
1203080256
-1987078850
1875141550
2008862822
238771450
1488573054
-1307414905
1700582583
-1251479387
1351673598
-276220998
-700444110
-2024695720
-1879223313
-1736942290
-490799675
1967226106
571722454
-1613748511
2058160687
539600353
-109225638
1565294637
340322807
-1792916037
1595276894
-413500084
882539679
-2072743503
255261778
254074142
1235606297
427206345
-224166714
-591616215
694040442
-1897807477
543381824
-450943520
-1078295571
1552632807
1044454734
-668286681
1710822633
-1025751723
1398642141
-1247249130
-734088538
1143589182
882672076
-1096277763
546360780
-1366870118
852703164
1070156455
1106365293
-134233127
131814697
166457827
-1084122059
-979399162
-415708482
-312008641
-1342958880
-778917334
1646516708
-393420522
-833507861
-131941906
-1564682341
1362013645
-435238770
-725484413
-1741109107
-230303143
1200645864
31258822
-1825363360
-2028485117
-1493888644
505030046
-1488814517
-731523985
-152341541
843134120
-491624213
-894078246
-2000178525
1517937430
404716375
180137378
1254337703
908883156
-320997007
180623883
593861487
-1983103509
332804479
831985727
-1731475742
1064754730
-736741127
-39341674
-1823260607
81335042
235020964
-1113876712
-1208297385
-1066122319
252248543
1053557823
-1623014162
-59888733
1800818492
-291862016
-732124795
-741980396
1549566546
1226376716
-981010625
1851975161
1938748624
-1566356910
-1935026147
1394739488
-949067051
-1225967416
368777583
-617058922
-1351836545
1190156139
-1127102073
-1846842808
241253570
206577796
69827760
-581401620
-1936557702
-2072210645
-740266658
-1429742815
-957194046
1951320080
1287318438
557111508
-1033758842
1850969721
921292784
1368046822
349302102
1186223494
-1602689814
600371979
2083412349
-403774020
-35291969
622678517
-1586023086
-544166208
107783560
-1958696784
-1101019187
-1305301662
1252241666
-1891353009
-894732708
1312763357
-840629375
-473618488
-714854665
232451676
-1790550492
1516541980
-1438326927
-1512086080
2020415562
145919674
-561803759
711733920
-1930953660
1202358309
-1362368671
1165096593
989707083
-2001201964
-1544268475
-1460067930
-1772475212
439581272
-100338866
1108046394
-1795961758
-509295932
382268496
1380920556
-2044318597
-1105338808
-1617408719
969887978
43339357
-2031961313
-1433356028
-1067692942
-298248493
1822455723
726821461
983889302
3101059
1138954973
-1211761210
585091903
988149675
-259309862
-1950973478
332972659
1779871244
-1308870181
-748443632
2008556506
-433607131
2027147604
-1696763085
1578843518
-988442972
662500184
-1153698064
-2023756591
994877209
-1190170053
81460392
-1047509772
571460332
-1141514632
267035015
-1234447050
-2139736175
1912380117
941834709
-2048896038
518525433
-1141141820
-1770240628
1159442716
-560578741
-562160884
1638572585
1149097590
-34609965
753087656
623191495
-430926305
198441786
-341194257
867819368
-1450144045
-328441608
-818162188
-1348388714
-1350957095
-1887231995
-1798519249
1538298922
-1942419134
1475992278
1694897756
555189867
1129067630
1914082439
914835107
405797466
1260265684
-1579661228
-554921992
-761604021
-1051639551
1320748109
778173124
1449656759
1182176224
-1771406518
2046737348
1990309456
1957144124
125125147
-1501627599
444642902
-2063554429
-831378428
-978294239
1125103145
1954520269
-803702168
-12039635
-1134954722
228188443
-2033003581
2083666
-55961195
1764334051
-549964323
-482483172
-1357153206
1130938572
-1964681412
887359488
1209122027
1892146101
-670684199
-1287299062
525282795
-1630887941
-2069462761
283535799
1302091158
-1359673861
-354687760
-1541595101
-1333802396
1903661269
1699368049
1812468583
1319567505
1794231923
-1113051801
-1747643844
144039148
9327561
-1610743974
529943011
1144791279
-1070876323
1755862970
2020540489
-1536359409
595221514
-1612507816
-556839835
2526805
-852564480
924274455
-1693945627
-1503950802
-1025121266
965540323
1828306184
-1832119426
-44766429
1723628000
2100303821
-324648454
120197649
-678718746
-1160734387
-378979146
-2117942380
-729519059
4773477
-1021652739
-1041290093
-926115004
725992087
-1316456864
1317522085
1603103304
555502641
-263577071
-1561403690
1725812049
2111641263
-1882293391
-118503255
-816727249
201258845
-1273149978
336235873
-1051075243
-1558046656
-1586097166
-1537601668
886688533
1479009590
-1967220863
757578367
453657613
234497884
286598017
-1020811527
304094689
656274095
739324599
210008769
-863512278
-355120651
1082460112
-778925695
235999661
-547578659
1295039158
74840440
258227663
67077221
-1425520859
1484779642
-1630506680
999448955
515076221
2076380476
-869918953
9748967
738692825
1990176974
-550578507
1914351463
1604884831
302832744
-996009844
433671451
-939523623
-429217944
-1216815702
1251305251
579679621
-1778937445
1534779057
1492703366
1853675304
-137218629
-1660279278
297659221
246482536
-1627054024
-925787782
-311552241
1832274011
1018351162
1867392651
2112078151
-37362342
693377255
-1015970097
848618628
1974456347
-1218735903
1679347433
-1062813337
1385392638
1706331666
-2063581939
-1993802221
670021799
851244971
-2004813135
886626248
1258873036
214239337
-1761819260
1068714705
237632079
202412825
380023711
1369920672
-584609393
-402027682
93816570
1663546423
-696751622
504092338
-1005632480
-831664952
1669289446
-265377366
1823277094
1999998623
1627010977
-1376782979
931207641
752126527
2067234758
1407887814
-764587466
-1005809205
-369836846
856215176
143226910
823954600
-86110218
-147932557
1786420042
496525663
818912046
-1855133339
102103675
716904903
-696828783
2124035890
730341622
-965434014
-33150230
-384793944
80471855
1369890311
445073288
-949879603
-1731966268
1461433025
-748144302
1786620010
554127788
-419914505
-451893986
-1071788596
1066888368
1611776972
-482076862
-1161599287
866913561
968978888
1757442666
-215103743
830562730
-737230665
-1538000981
1349387365
875720400
725131217
-1815921704
-1213602819
824178199
627611674
2038996500
-610644251
1704583392
1336079116
-386133080
-368209000
1621631569
1749034866
-301245162
997586800
1999324300
1402318998
2006448238
1108434029
-10742494
-1187859554
-149855009
-1145110731
892675273
-545843406
-1573418096
-681275045
717753933
-1634602654
-2040897104
1427387363
19642564
-849449017
-1809246261
725161477
-1479538427
409247207
2037672543
1932049457
198620762
666217949
-663951441
416494419
1859663476
-1716410567
-1692451114
1412215895
930542751
289316901
-2088899554
1670347759
361908278
869786824
-43460974
1828510355
-1693589928
1767747822
-971459887
890290377
943295195
-755736600
1818050341
1575701414
-617565056
-1177798992
-1938117421
-1031268972
-1287139224
-2003227567
442747572
-332181676
-267280185
-1122741115
47432964
2085152070
-705877290
-2007576417
-257716615
610940136
2074646542
-1753716053
1961117335
-1625614692
-1261144430
-1478869293
520696130
1115635629
-2044326676
-1373104381
67179412
-1157807981
1811854588
-358523696
-1597502992
1008509814
1377399340
-488323691
469248855
-951521552
1841247976
-544727841
1802538489
-763653865
-51016371
-596127478
1687126287
-1469385030
-199059680
1555047979
-403304473
-520269079
-874735359
-291753168
714613312
-1616782662
1229620447
1954876742
641584599
907770186
1474181038
641582458
-523260607
-109821950
-494379433
1423908002
-183414789
-1535043813
1209087472
-114290306
1711937471
1943106147
960535340
528919833
-1450305768
576654912
-348971755
448704885
861783352
1091434741
-471791880
-1315303834
-361981175
-1118999516
-843606625
12140734
1917578625
1093548691
-1334588475
-1114112086
1152948538
-515123662
1550948806
-1227039653
1075794753
120664668
1771654294
-1844398104
-1462455507
-239925667
-1086294029
-1195560078
284904051
-2075315148
2113064926
1698659976
803429625
2066306969
1516938566
-1399904307
978652904
-1085226688
-112723450
68080600
-1292952634
1441555039
-795844590
58130011
701590211
-761697170
502339564
1363749254
-831777710
-402544339
-228580773
-1237573715
-1295995653
-2024616213
1951414623
402139943
-437458577
1461736708
-998841249
-1887147911
699592668
1223658666
1432558500
1379178164
-1658525054
-496631320
-1491718390
-1225192933
-1159811194
-670144284
-860363788
736666888
76648966
-869754012
-1231421824
2063006479
-2058112915
406678162
760130043
-1220083101
1768248327
880232707
-1361546089
-1465059464
-1976289833
-1873997579
-600714661
2130204394
1368243368
85748440
-153789606
482939293
1819183201
-1188718577
-1563477721
-532586716
-1376854371
-1741511177
-42764409
-1726492058
1387318395
55594279
1381772392
1571001470
-1238494799
312410361
-1156732142
1438050787
-91150105
-1884884151
-1597098340
-390437432
849740098
-2080239492
-14555232
918384581
824458558
-203737148
-281888463
2018967479
845023936
-1108200543
746057997
159101923
1920723051
130561706
409949967
505193825
1277094962
2089869453
695070694
-1363894601
1724407597
-1530917037
2125803275
891263171
-1828797776
-355663640
-1789602832
-1586322978
1360368281
1950845146
1295050357
826839870
1476286698
-991666591
-955873633
-598067044
1222567575
1743898270
1254196107
226414102
-1416510049
1542856487
-1272975968
-1180960682
1156790368
944639171
-1447028733
1423612658
1395546663
-2051517839
-1551319729
199766293
-1822214906
1427739823
-131974267
1231195231
-1875386134
329420024
2033392449
1493573130
1467219948
86471053
-1300146641
-1189794227
-1494799385
-987785864
2084376764
-789535228
198191434
280003789
64011024
-1472115056
-1929120978
-929554125
-1277309638
1452977147
-730794838
889029282
-355691859
376362336
-1987312794
-949444499
1523103978
-1313017975
-1594232978
-862124413
1433113982
-916836903
-677266360
689183473
1945130799
-883982996
-1115629752
-1952991318
-1042442638
935607932
-1873027295
-1304028022
1054013727
-1466912762
1962660031
-346784360
-1679762073
1679356333
944811348
-462048885
616251397
-1296318499
-707793487
-434191217
-596094541
-1255256525
1324766934
-1959038136
-1147244577
-1143938021
2117731275
-293547498
1766618270
-1583472710
657635505
-1263754085
-1501392416
454099726
-1819553005
-1562105479
1346448357
1350315860
565472129
-364028320
1855350511
772731561
-1401455521
-1708523449
1124752441
678104052
451879418
-529806344
-345691609
-2055714558
-2082256933
-902970670
-1513532482
-1538170126
2144687968
-101287990
1943020373
116899026
-1090536569
1969465522
452789388
-1422792566
94981645
-283138114
-591918723
1473451512
-291896905
1090869570
-1236332750
384290908
1920949742
-1654666816
1031812438
-165237258
954507153
293511202
-418931410
197776877
1028363014
-2018971581
-1915378743
-2132770701
-969901166
-1895026253
-1171125386
1098241317
227843051
-706912581
1935919221
-790836297
542127114
-1061257314
1270637810
1665594064
1277560900
-1294260702
23146542
-1345961678
832554395
5414222
488353023
1027101981
123459409
-1062284940
-1088556166
731629045
1978302910
-1517079439
-1891698195
-2143917022
1726043747
-88137166
100530451
-1073888457
1017730366
741575035
-321167486
-2027894187
-872591521
-972825373
-1433859992
-794491183
-1856807238
1129746466
1230678390
-1409381100
-2067429569
530163087
-277173221
983905219
2075841831
708055011
-134814219
1797739807
-1445753711
-767235006
-184818556
341623469
-810533300
-108144516
-2050179040
-933048552
1465177590
1538648463
829467180
238326358
-1335495355
-35191184
-252794228
675335178
-208654172
-1298158838
75710547
1217464361
1095631105
313481094
1304615361
371976671
-1640333595
1861496781
542594924
-577322829
-1150534972
47484746
724963004
1039715305
892651158
-304638732
1477377947
-811282393
1129759910
1332472715
-846384787
905175898
-1802661975
-350465503
1577806654
-2019126566
1767821329
1634052315
-958416070
-1800419381
-656436573
-1302690312
529760609
-1868624442
849065030
394041106
-1954221702
873865145
1952954142
2046055076
-1228259256
-938483957
-422423335
-707543604
1610477563
1904023811
-663985592
-1298576815
1595863017
-853688726
-1535977423
-1191964442
1697022845
-1329368722
1305482595
370863023
1939940463
311725512
-383341047
1377580293
-1766403019
1723141921
1491688515
144977526
1105367225
-1708328527
-760683022
1595167759
1197465675
1966745897
-1376121901
1873158108
1733339352
162900435
-656222769
1140326831
84723292
-1307377674
1289736336
2047577888
-2110778220
2097283454
663162967
-1448595499
-686628872
119678428
-740815604
-175781373
983822824
834695211
-1968919658
-2015939788
2002431013
-1182312557
2054228076
-1258002102
191555458
-325430798
384620396
232839107
2127268314
185394360
1862429931
1017785662
-1120139452
-1052811246
1403307020
1373668669
2089042565
-1750489014
-2109270443
1607526955
988643526
-1187073683
-1317152641
1773630369
-1767218042
-2028367571
636629132
-1108441884
1070539729
-1345369335
-2033305313
-1779109966
-1562743375
-389104982
-1000757753
325910333
1692578533
-1695924080
-1629250020
1926410103
-1685928496
1455232237
1620041294
600282256
1021052340
1683514577
-1486194182
-1212729668
-156006113
1237491078
1065798783
-1702959559
-2112685147
1737853501
1814261777
-370127984
-1439882546
1622026217
337006028
-1598670822
-724484526
-1549053078
-564061428
-1953006907
-1749567613
958838254
-922757125
227261720
732288010
-1301965932
1527260011
-1143821196
-1274191915
1609916497
-1924565019
125694875
-492273072
-1602076905
2131469825
-236795786
2044801746
1282658099
948576247
-1519381998
1238827097
-725685258
530573942
2024958699
567091322
1361134231
1979795124
-1642101907
-1376388718
1306911319
-1466078779
-1797871433
-1489986495
-375379226
1720964400
1562145697
446685209
-1573077755
953033919
-885791744
-649455727
-727821972
-1828166249
-459838424
2137755455
1425447405
1361005191
-1833389902
-1760211898
-160853800
421319076
-1147797378
1968487948
1217125025
-789500139
-673134341
-608676048
389225920
-145813206
-933197147
-1664073285
1327068376
1191154099
485626319
1888068244
776167195
1014196367
1597700002
1882595385
472503020
1402745730
-1373261979
-252141396
295720645
-1452153012
-38099970
1902867114
629752922
-164250122
1429154231
1273189922
266902014
80033390
592136261
-856287259
1393032774
627374422
869507334
354595993
811915755
-124471528
2008348042
-404474125
-1219777548
-33926339
-243068331
-916994780
-1819149292
-712773377
-122347039
-785280621
-300773552
717600028
874884073
-1656511795
-1264205084
-40808212
939312356
982820537
646590823
-468538699
1888432591
-1858845424
449840685
194918206
-886733777
1876796683
1385931500
185784481
2068476502
1213209181
1597668257
91903589
-277876764
-1085199005
1850690740
1924186828
-424752496
-1832226151
1258884954
126640488
190631720
-391584432
1420447802
1552212724
661764822
-1320502883
920439890
-495842720
678657188
1940117908
564623388
-1914237139
-1389982911
386957750
-1013230356
338776315
-1211673851
1112584359
-1288849253
643182687
-1738670030
-677487069
2055007082
1607803130
-200398468
1316728115
1965441055
-1917826874
2086149834
-67793509
-526185868
126828723
-61218754
1156219030
1192499121
1710541426
-1501953677
-1297320764
280595863
1455001487
1388772613
-1672483485
-204516480
1770732997
-1174815659
-1385568067
-77305405
-1169124211
-1028499571
-652133919
1715852125
-2075641864
175264225
93276565
92009933
532765886
-767044072
-357076342
-2140957890
1118478741
72464202
-1323602735
-648428821
-1289442873
-881051157
-244941683
998542270
-401912578
508750087
-401582102
-424147654
1598124130
415497167
1215559757
-2079186277
431545573
1131810643
-639251763
988122172
-1561286947
706295952
1645736928
338570039
305789650
1630057133
-1177380263
290474834
1757176729
1461890433
-554603119
1804433177
-1120936543
-913309608
2012666596
-1163365818
-1898689652
999146743
1301849695
-454822295
-242016255
1713839836
1957747383
1058936260
-1229893441
-621956407
708396156
-746297225
1027925750
1260622467
447147149
1853581276
-989675311
1907466455
157173198
-2045404108
1512986711
408007133
-1823473128
-417496958
868131699
956558208
1415168625
92225719
1919443280
-1201984963
-1190848900
-82987506
-110139158
-1952158166
-1594720462
1768965561
-836383518
2074711097
15034578
1086162365
1377364113
-904929347
2034323478
-1507800039
1666820702
1079449645
1444382375
187108398
659468116
344342312
1541950161
-919493030
72614894
1423909561
-953080198
-78377499
777362997
1908559835
-670185136
-1244960480
-1748048628
125905215
1976554049
1536004043
342546634
1098131020
-339395536
-1839264841
-635064055
1619492454
1873568228
-88735828
982123453
-372194190
919588164
1151998092
-1531917945
1508128410
-139246143
-862982985
-1823681717
-2016885171
652136978
-1965003343
-1652587265
47586441
1290510631
-1443672062
784198086
163061340
-37613993
2065534301
2129294653
1653061031
741815515
708011268
-516356589
-2069831131
1965803135
1954512490
-608698913
-1730521429
557128086
-1254682087
1001554477
-1002232144
-822828499
-678609706
1640839897
-1328592880
970017412
-1677336318
-1124064864
245624076
1409900217
768260674
581252851
-733939051
-682950714
1003194210
-1124257778
-741007671
-1620291155
-1029935498
1443394121
350112701
649844977
-309067966
329510830
-1961846147
-1779123384
299661275
1623111882
-895886768
1114232717
-884854899
-411674680
1316507712
-1766463237
-624735233
-1506457413
-1677759784
476981656
545465493
1607476026
-552767953
1127753710
403044373
-783070927
-1591649243
444253184
-1262495604
821833462
-1699701524
971868028
-1739853454
-839479142
-1240454198
-1178022612
-112227316
421996673
-1774367716
1082944434
1952347665
-1580025035
-32634211
-1451632780
-1922257264
1854508150
2115112680
-1489375276
716406032
-1330867819
-856653509
-1997149276
2007914232
-798821119
395839613
548280537
-1170852047
-1121206494
-1469963135
-552574082
-351777783
-442451867
1050372236
-423897110
-1334894758
616355991
-688498156
-302148556
1804836075
-716581001
25622474
-974725913
-1049781483
1782428293
-12505894
-1084012302
-1381906007
-838190048
265598065
-1779353374
706030353
544081871
-1385877121
588123474
-1747158092
-2089334818
105217726
