789434967
1521869502
-2139672446
1182667754
-1403062728
333232565
-1745354181
-1486590164
-1024625118
982237403
861778176
884195293
637636698
-560667367
320592897
790938268
-1039210354
-1602930892
1596003725
-1788831567
1341007766
2018091894
-1120506901
2064417358
-1662754213
-2006646898
1368271722
-899647210
809860119
664703668
1773415863
-315724061
-1700923458
-683770864
-1302115730
-1671940924
673443003
1725930332
619232498
-133280188
1609962207
1676992455
-1174957183
1611805937
1454053782
-2061885156
593197954
1574621212
-2078097829
-650713309
-1524924639
1797399772
1437423213
-1845771449
-963475427
-766541223
-441073726
-1633083272
906804192
866233926
342158652
1905831251
1792410831
103863727
544571930
384877695
1939299555
1595426292
-136236880
-1216645287
-425349768
1335112212
-596062118
638656210
549345381
-1260386257
-200057170
-1298098536
1104854604
-1771693243
-1374724112
568166003
-1736092110
1620682051
61166282
-432054799
800074321
-387947200
-448713924
75621958
-759837140
830561795
1074006225
92442220
1143677412
534935752
-85025773
-144452206
1471772362
-1950937021
-565711040
1787983795
-1298273996
1197320165
1088128572
316555396
-756808812
-1865723043
-2132473398
-342710126
-1606484282
323457633
422506998
2107220139
-1010420824
-1658608467
-1588796459
-495636611
-1156673041
-2050713013
1093777009
-326974083
-2006699976
-1744329707
1340887805
918907658
-763082403
259811448
-1437211568
-492688175
-1687602422
-1133944710
741280144
986475122
-1530963569
-548765443
-204406739
-162141341
1790094582
1891284036
1098053905
934338069
-265098408
-893589578
-699200235
-810539692
-1681111956
2086777314
1763017910
-1770743821
520671840
890426563
-1163630840
-1979967833
-315112468
1771970628
-318471190
-1376674765
-1900768349
-1632798458
1127509370
-1599362107
614064267
720504671
1769805003
1614332320
-1955546128
321180326
-941425195
-1775261190
-1557757836
727665837
1474444973
-604773850
-1801419157
-2139975282
-1567703563
293365749
1256606053
-921935958
1070949525
145595226
1682952971
501550062
-1305332054
1161631308
1487896366
-635308456
1190823870
1595973360
-2125763300
1842102969
-1449542086
301438966
-1209257418
1140054460
-1156425192
821072706
-661937729
286455334
-1778634020
2057497295
512212470
-590953889
1028923588
-1385266224
-135584155
-1741305296
-1996454595
-1317920745
-258107525
-926595891
1764845209
1128980922
157568856
-1186301162
2029654783
953541875
-2067567640
1123405337
736984738
1498879048
-1689348557
-687267365
962974005
1391893227
-485978382
1262727255
-2051877218
-1162307229
-1755942812
-1861646137
-453884183
1076428907
-2113619614
49102625
403708287
2100278809
-2027326031
698781668
832329623
-1692440254
-695199849
-1729561581
-1190714901
-1705789668
1796265648
-365321855
-290792017
2010744613
-1006721023
-2011966641
1024965822
-286867132
-202103987
1386231475
1536365846
-929775059
469297575
-1858443270
-839894138
-710725111
-411147960
-851612721
504354213
-230743723
1716247202
1263497405
1856886534
488935433
-765496652
-722885390
1559600553
1747895037
441075360
1549870149
-1042882125
-1429337208
-236729222
-159235463
-326275999
-1658854038
1285121378
1847571907
-1065825734
-1227845909
1801223380
-603232887
-2004849532
-1782874301
-1786590914
-1190731412
-720114184
800218940
2098299346
-1684683640
-828477768
-282564587
-1658479203
-1854109446
-1203815552
2113555625
1371041752
-665153630
218706972
979964113
1277244798
-1166647255
-2144492263
-1830784251
-2069272546
-524327611
-40990529
596102217
412281329
1635297595
-1887476930
-416904634
843865903
-667658587
926625318
-103569482
1216432285
-1879047819
1929971484
-780548347
-1518816406
673053753
1987089866
-726674635
1276023356
-1901576801
1232755991
1711295233
1338053508
-415393220
-620270696
-1095263675
-2096330471
782390920
51322693
-487316068
-1075464956
-1555475155
-481759121
121171018
-624193639
776693120
-1565296655
-2006064036
-1226384698
-56199601
969483429
407336206
-1304488273
-168382243
-1387899878
-1681869972
1366403961
-797458390
1668006531
-169196229
1540447333
-1170421642
518227441
1091178008
2023839777
1097978632
-98694972
-651818271
1702918746
-1453215189
-1855998113
-942211243
1917751957
-869817991
1745835290
803592694
-1994472385
698623579
-1168102276
33616438
1986483202
-1212091185
108170921
-1459321646
-942639527
1451744364
179852825
1042551416
-1542917274
-1605566046
437411978
-638024529
-1121930238
-613619898
66532407
-1991164681
-1906930666
-1943860146
