543900924
-277223582
-325483168
1009712122
-1935170159
759908307
-1746312918
434418970
1251199783
-777553306
-363969110
1863765464
-108947809
936485822
2107754570
1767059231
-148049904
1701381330
-440765704
585274904
1855405750
-1198504498
-425754819
-11324500
-804393942
-393999562
-1277907315
143605830
-315005229
1327708497
-2078616608
-1931299
-1074440292
1831700932
1169613441
2063479345
-1047920921
-534554756
236623397
1077562196
1693052096
-906246959
1239877694
-1958162325
-250181547
-1768644632
-1728919919
1552303285
-2080302426
1527884120
1518485254
491786956
1231376504
-426303217
24810686
-343327189
-143300722
1277541750
1950626410
-1174787856
-335578341
-518229805
-1315721766
448819681
53912434
-1253662481
933548244
953167540
-1665016577
-1633438472
-673391833
-36174198
-1755452806
1853824424
-1568255490
653127868
645834328
-2059519067
-290852743
-1534944294
-886081659
549177387
-2043835015
-579485456
-516301488
-1268866073
396036795
-1710889205
-963361113
-996921306
-92364504
-1912972549
-997545853
-281766353
1651318378
-905027751
1664452517
1910087916
1958209474
663804107
2011916674
-191427377
-1898064360
-425985402
161734779
487420402
-182108333
-612583660
-2113755312
1371483264
985448682
1394211159
-1305182250
-1574901933
-192569413
883419597
254724328
1666559198
-1232875237
1223934996
2088632219
1176543821
1461518637
693698737
-958488651
1721028842
-334419337
1647892236
60757854
-1414684222
-1330867534
1255758782
-830422505
847310728
-597933855
-148783345
1891180268
275108536
-1848950620
989687738
1746122213
1870236671
977290957
-1014487566
1346920641
-1952567079
1817742131
-608101719
-1851725082
-375062916
-1850348602
430173967
1514421394
-250579212
-637293341
1097467992
-1439922857
-386356082
1008102121
2141152194
-1338959419
-329359494
-1256124148
1273112278
1742993512
1340068267
457304424
-170627091
-1886508556
-460557054
-2125981095
-264492299
1519743167
-1614620758
-1228724983
1271197301
440990574
953578181
376650058
-1483463475
-860221709
-386842808
-548769115
-635435582
-1574904906
1920939298
1587303090
750658618
345829906
430971043
1847200937
-1335454653
-685503998
427702811
990869049
-1368068775
1315508763
376376257
255701400
-989811480
1420868029
-198397481
1408099546
-537215729
120056453
-2090471158
1185387142
-19520602
1269032197
-1672208610
-1449433242
-564257406
-1745161033
773650890
160207263
-4445705
1939861294
2118158304
1024455936
-1261122915
-803605875
-1818138447
1452920990
1867119447
9770813
-2001193554
155691424
1725867665
325060826
375970386
819826518
635869640
351648365
251332159
-716501872
-886915505
1114745312
354753959
1115511341
2202191
205547182
-1607775251
462006002
775446030
-1731899431
973773963
898861212
1386807668
80330017
-507363787
1619061303
-1462880821
739837810
139154495
-2100425808
-277991482
1123034269
-856556997
-672569687
1356959172
-534853045
-473408026
245927052
1825300053
1663257645
152507203
618942946
-235435268
1885972856
-1925445880
1868290789
-406901962
-748061296
2140910393
1457741139
-997555269
-1444558845
1398700563
517778308
-897206781
-1202929736
-1343337686
38067390
-1323473909
207955303
130479829
763602632
959630424
878299467
-1133653047
2027830461
128393788
-737462250
478911235
1127794465
-1509054889
77251365
-1553097237
-1276196551
944259936
-643737611
769768118
-566491242
-1211452635
-2017994028
-1716342005
1983169523
108818384
-803342117
-1589589783
-941268416
468841835
-1868061413
101500359
-1977693442
-465954907
619230485
-238432260
-1460265267
402943957
-652652433
804041313
-984379582
-1632491713
799352805
-1208649164
-2141884162
-1405967978
-2096978051
1293586239
-1475749125
1252117442
1838061566
2026547768
-2142083287
-491384093
-604249182
1022184811
65726521
1785218964
1001288202
-820010090
2143627447
1998582131
-2142023823
-375002861
326698846
-1672292639
-495480028
-1884830916
-1112963929
1496235270
251836721
-87021046
-801860189
-1143954409
-862952610
516933631
789368842
-1359150117
-621759139
1036710981
586761106
1149291626
1909833789
1303030551
-261548923
-493146312
1764208930
-338024352
-1085428851
-229870511
-689916104
-1183774559
-1127772462
-144285723
384619748
-1083960297
396310598
234810375
-2137452484
-682289124
2118417727
-609330511
-169822535
-1673760051
-576431291
-1844583413
1654564907
-1934805780
617496109
-1417902868
-946610964
1763638792
-278981786
1468248480
-1634493608
1907816155
-247873902
-510791445
87625852
-1698984462
1719255896
-952261810
-510574580
-1552622957
1275476088
1137867400
190807962
-621426214
-1124575201
535848287
-867045115
1466464805
275399035
-251464800
-723603409
691693745
-1619542126
1034188387
433694706
975918469
-310105777
1428185235
727597651
-888405618
309702365
-207836244
665282552
2632459
549955640
-219265850
-685538601
1713990698
89831681
1977140691
431585328
1979113459
1443028369
-524681436
588172732
-1477463707
1262531919
61216049
334392870
-870516514
-359358906
-1895745895
-51199814
-270955585
917468657
15740519
-376633252
-801856945
716051289
-272017770
363806138
-1925285921
-1026961823
-263999785
855431365
1136412975
1622780000
1572477840
-1480966820
1119048976
1235544560
1270157608
-252068022
-2028944566
-1203680763
-1303564415
-167743118
-340879937
1153692225
253596101
-1010027448
1565788112
116257925
-760949146
675788675
1397882879
2045904331
-497015969
1146118928
-1539147820
-2022010318
-1696879937
-444769463
-2055471611
1140096602
917009255
1003885670
2033759952
1941187057
2011130385
-275109581
629309099
1540327310
1440087701
1327720707
1793856288
870407613
807981415
268849380
-1606851087
-1533606566
1468347748
807691283
93814402
-1960101598
1407355341
-693692494
1629916536
17156742
728281235
-1861139016
1033836188
-1042198590
-1924061996
151018280
-1929030395
659889966
1826911653
-485116539
-85181066
1337142228
-1836177134
571728772
637256452
-1123117246
-2145563806
1640152323
1300513276
-247919456
-907530594
-286751174
-400345854
-1043187452
-1930551724
198545967
-1575249795
1701180676
-897971304
652417135
-1622761422
1967846284
1215657291
-249744902
-1549294801
1220348402
-1026879329
-631557762
821584362
1909155143
573371866
-1400321336
1429277352
-1520156433
2005554521
-1256866441
409051171
-1437797772
1438447831
-123144462
1432921702
-663855466
-55110417
1569677211
-1687340548
1472932774
-1761726754
204326724
734065993
1576420627
-2084038002
-1388272415
-1825552330
-1489664955
-1982114609
-752116353
-183622124
-286944599
-1717289497
424019573
1001532857
644962572
-66783156
691066584
-1007767569
478187565
-142741585
1712700467
561395727
-2077866356
-492221380
-277461385
-1887536408
1058107272
-1713121760
-1406312656
-311898140
860802984
1923222859
968130553
-1726572435
508353080
697858422
-958309326
-2112734836
-389589993
1170896487
-748162577
-937718829
860475343
-503119757
-2118633933
-1758403203
-1235921178
1685013828
244174941
-1726209325
-987310989
155909340
1006344418
-1021488944
-1142876941
906677977
606326588
-473768441
1790340957
-1099872262
1164524321
-1416006204
81488755
-792779807
1844751608
-379852431
-1395852966
1509420826
-366112376
-370291653
755633772
-616544932
1752927474
-739138315
-1643529395
-571789299
-7188255
141941308
-718008516
958425355
-1159192065
205634778
1043684523
-94534231
-972373846
-503425937
-982994160
95440375
2056104167
-1827876274
1754243581
-72825786
545774998
-1785278812
-673539730
-169500438
2118562535
-662522913
-576291999
-1878636991
1950239756
867761228
1820930732
368668916
-577257425
1657611778
-1299160310
-1303369604
-12051802
1139245310
858949238
-72305688
-1499813275
-218416241
279186364
805148380
399266996
1143361780
-1907930548
-226436388
1828511521
-1110491581
-1173921967
816589002
-1869192009
1307484555
-1361360895
1526888109
-1818596753
-1137629380
951045430
-574075469
1934051046
511732167
-825486275
1935928440
427807056
222799745
-156374802
-920204920
1535806380
-625773876
-1684531972
47069730
1113373752
-495337352
-1075947378
-106872513
33106471
145356902
-106964978
-303183150
-1447988847
1943727214
1448743743
-1794648240
-258727253
1678170498
-993281643
-1894687887
792797239
163829523
-734007360
-151398344
-301928131
1669945523
416275081
-930025679
-1298990597
1050256891
-1900969246
-1535674631
1743900697
-2127532882
-125278409
745460739
-1031004639
973459742
253578762
-197224040
140757549
-1740136242
-517460546
1080342303
1030509537
-853505192
-2127544910
1950659998
-1399022181
-151026287
-214727535
-640759424
1555535081
89111274
-1526171673
215989400
672296507
326349080
-528383752
-920193947
-808032295
31228407
-293373236
-1569711977
-1733867498
775966635
-1145209458
-1862132270
1467419333
-1769908472
-71202025
2124265649
-1797099028
-1895218125
455274692
-1329496819
-889623113
-1955418743
-164072817
444214654
672239535
1905580223
-1116892323
527040289
-1871708885
430190153
-1024487788
-82192997
1669043462
744226559
87545584
-279725218
1459567762
-1739816962
532622999
846600747
1192200139
-1817042740
742501482
-1214023721
1386623183
787062719
-324189539
-1096107183
-415690099
518422686
89758345
1287667170
1337563837
-985151096
-373204544
1910516919
12904207
-553571820
-2132663199
-2059993444
-1281621594
1498214585
585756846
1165296138
-1627459385
-386043280
-315785253
1153320803
-411267635
1485490327
483201064
-80188549
326391648
1873021208
422157361
-884210086
-1188646170
-1713808182
-1768014972
-1211645377
1107513656
1801885719
353794164
1383030504
-181622119
427571678
1582542636
-782162672
790808035
1491006617
1245760006
1465945657
-587809022
-1466686014
1171582749
1723671723
-779370330
1221844850
133886752
-1938235461
578905396
1457481803
-1057184407
1908506704
1672393469
920999320
1900955981
1359262115
-1026283599
2081072050
361222325
-232852923
-727808235
1581412517
-333534227
-1163818650
1870356723
-334217966
1330397884
2083261523
-2091154862
235591510
-809866572
-1348847552
915326439
277107947
1548775114
-259054521
581433291
1363000846
370179112
1307774896
-1072775059
1450921890
-845248447
1636388978
2127612617
-1739032748
1074201638
-552065542
-962422311
-1613173250
-1158876905
854881322
-502021812
1963365456
1923885661
-463492444
1761703285
738063789
813037654
1380342855
-7494010
1652921682
272318673
1557285625
-1869604099
-1159042627
1603856540
-64296025
-1613087395
-2019677621
-1255130534
1089185417
-251817695
-2084941021
-2078382439
-444115030
-976223507
1498743635
-1897696990
1430573991
334006278
-171763401
289021843
-973572938
-1526611708
129315105
1986510123
-514133014
2060948422
567503414
1118029796
840831668
-1896877915
-1470753386
396679879
-1948002132
554579691
391623615
-1621005957
1816488337
-283906938
612295730
-1310187234
-1704806514
-1912029960
2003118935
1427964503
1380226494
-1993411695
185184925
-1402632021
367980274
950592736
-34773275
-1809878256
-677829455
1887894374
-2006443744
1315111359
-480322945
844979085
-946043594
1028308302
-1961119390
-1711582504
-244620503
1745361661
-1320634463
-254933414
-1457265030
1152225871
2145030351
2115703916
2142392267
-1643382820
-1165256185
-1814618727
49509573
613036389
-1863479688
-72914723
417227323
1471911721
-1068339165
886904591
446921871
-1645570442
1616165091
-1909745254
1005765204
68315522
1254299565
-1547476877
697374005
-853804933
-1590411751
-141233338
2055122196
-2015414309
868975137
1963977202
-26273419
1235982337
905926695
-1359710152
896890141
741300733
-1145116356
1812299950
1171107830
-1564549717
1801734559
-1043045639
-1344924875
1366965506
-340454525
448723258
1272603582
165726381
554396180
1489729736
-343652666
-2126038565
-706893636
160770592
1339739322
1738452307
24855201
-1153946599
787826271
893893578
1480169074
-698763685
1344522297
1720599416
45333091
-2125623535
-2070806479
-803227928
1651278965
-2093963299
-1953545871
982975759
1230131962
-1629743604
-17765742
-782864736
1670928728
-1676486134
-743273991
194567326
810644748
343943704
256468093
1126796338
1903480562
-247253957
827802189
-204856386
-1481323326
1612745591
-977099247
-1103329999
-300607779
1681962045
1257820750
1936126364
1421129290
954631201
1702904078
610161157
-301101318
-1409333041
1934127551
344701307
-566576557
-1105597889
1351496027
1625257066
1693156843
74546216
1140441289
-1152042704
-1732175212
59437745
-233931390
305286640
707858328
1957490286
794423416
-945834075
1424453189
-780938358
-146118862
-36714887
1028057515
-1238130625
-2123138245
-1090546858
1817071267
-2130954610
-628544579
-1801829699
1259761684
-819196628
-541037208
-1362288425
1217139569
432569275
2093896855
-1690768695
1547542917
546444857
1957510581
-681715380
-2008244366
943639485
1306630109
1059405947
-1089522698
11189343
-1704053312
2059720943
-1762771728
-815007112
1279412427
2120549896
-1261389534
-112940277
115960457
-625693299
53316152
-1934476926
-118990779
-852855689
636015369
1754239644
817317107
-1973652215
565343772
2125175461
888464719
1372897828
-1527809940
-1835773208
-478438842
978996184
-1869591441
-1544920478
-508273259
-452265666
1423067476
681047479
-1072081744
236784516
17486476
830548585
93597156
1089150536
-629214324
-353142457
-1283281985
1531926826
1160934352
-1266887645
720241327
1871160988
1590011682
1361734343
1160244456
1831207931
-14057956
-1397077208
-1479894901
-1775419677
-916088086
323637468
-62467068
-2035567682
2015653460
-490596407
2147359923
-1339367010
-898260741
115140126
27030478
-396105908
360140002
-2053914233
-1656742524
-1458160223
-73741520
16196508
-1858359706
249512723
-1706943949
277545369
723585794
-1949930350
1589583784
1445927764
-964018736
-1189400684
-460436679
348702059
-16824494
679410030
-1002807994
545432252
-895071114
-2033793050
485447143
1154089241
375244606
-1442498811
782159921
-1434923716
1941347746
667359280
1610108344
-1944694280
1614693044
244967033
513554005
1040725681
-236501499
664054834
-1055354839
-1875873522
945878343
1594961347
-844450847
487333356
1024783411
1481403837
649167163
-1288538731
898363053
-880615890
-1032857657
-1739436239
-1805072092
-1030892746
-411609102
-1816139908
775680831
-1974662438
-703614912
294379193
-2023309131
-931111400
1097792216
288858598
-1587483524
1935863610
-1243877563
866825008
-1372542427
-610637457
-1155863430
240092584
50850182
-685628010
689118999
-730472393
1828696217
-1107081123
1068058602
-2021393457
-954945629
-47698550
-425597257
-1050750749
-585731176
-911559528
1328860475
369444888
1718409917
216154757
-1827119506
