1205314492
-935436549
787798153
291983979
-806371122
976049674
-1986682009
1271578222
-943820381
2071692249
-2119835890
847379498
395328679
1914078414
-2046530943
-864835812
-1830011366
1589152704
-2102798101
472417824
484829700
753479390
1128564397
497057006
712276326
1111727824
-690459721
-2050584089
-860391759
-2033800165
-1361494248
-1594291183
-544006789
223690441
1284161495
-1578701472
1216774512
-1126947768
-1881393405
-1370206921
-1186418554
-105097326
280069896
-2140448979
-119978892
1405560718
-673358780
290976275
-813426844
97247157
-1523232039
1095258934
-836825114
-314779912
492971460
567083489
-238798808
-315881247
2040216366
2117537573
-1162242972
1151180024
-157408766
-1841592869
-2107937639
-1418657689
1814549695
-300984599
2012544381
1653568992
1681839502
815744453
-1430338383
1167671230
1190819734
683383095
1459149878
876136554
-580589169
-1119382430
1888164127
1507159296
-2116364907
-1627849724
905699720
1507184177
-685462978
-1405867012
-1104548410
-1086600342
783474926
1297449228
-1320916769
778210358
-752364183
495000288
624960572
1363753952
-68222295
1847474767
1321194140
-1067754660
441104625
-1716273185
-61833652
-581841562
-1522622175
1915719310
-1304777068
-1311375125
1229889868
653973199
2084302964
172154280
7272071
-723939886
-545016176
-1133160687
-1090807805
481531144
-1383480216
-44512909
291125086
-213232154
788764875
-470186660
-867470795
-1295657496
1218546573
1890200890
891619581
-332364072
-527199625
946784577
1081618195
-1431742641
660660607
-357911150
-2109454320
-1333278852
664590904
1732038297
-1945655710
-1742338524
-1984495989
-939032650
-268099817
-624862743
583719591
1083742238
1060013820
1075927758
976230965
-746649085
-1248760602
-1782923270
1893350608
-988088333
421832015
1007338939
-1835360844
966177917
-1783989468
-650874931
-78724428
1165858841
927242716
-1866912804
2083530353
-1068510903
2039743692
-2051368888
521793992
-1665101061
873508793
801862439
-907257716
1295926577
-756446034
1982985615
-1837331083
-1824875549
796336912
1792941844
-1225031337
-291325917
-1185414161
1903867279
1185735062
123058050
-890261602
942144801
-429192744
-831892046
-1636450172
47934583
185326845
-1896184724
491548468
-934289074
-58345141
-1338630765
-1087192132
-1541007047
-420283411
-487844967
-2091382726
1435333282
-846870626
-573848542
798707891
1355364878
-161152351
-1953083162
-73716697
1147602852
679919604
-1349377317
2061947616
-1925254929
355174340
-183436398
1826842122
-1499557150
2028024611
821770465
1460475016
713832476
-886354185
1180249793
-798672636
-249585810
-749061578
-1157776518
-665074360
-1849547111
-1141279921
369326589
-1181511988
1040211291
-2016360213
-1056950640
-423210865
800277676
1392206293
1558743472
520517161
-1008222651
-78458827
1993850162
1944716321
-1387335583
-2070174716
-712089686
-1727319685
1147838918
1640247483
1757162001
369133205
-44772858
1146976845
1297095585
-2085120717
322048514
-377389737
-1739329533
960142808
-330145617
-1093056874
1250317228
-1818577321
-225252
245927321
876182148
238896552
-870549837
2112603831
-785253176
1969547519
-573804354
384884802
-1986257360
-1178921446
137819693
1554128636
-34872493
35720922
-1714075498
708693449
1641978186
241433109
-321094276
-1750289242
-1524976748
1792619946
-721786669
391416537
-1739250631
1202009557
-1365759037
1449318506
582062641
2143323587
-1158648916
-1755317551
1451561477
-789332631
-861702806
-1079951120
217662646
-532905840
1649660121
-835956157
260571358
580574004
1014630555
218977621
-1960449515
1919389455
1497803288
-666597003
91527830
575219311
1767227845
377964457
-1497677023
-102309808
577197993
1935384291
-571546334
1121307046
-159076323
2127888242
218204946
120428537
1311921363
816556475
-1925045476
-738715337
1607150104
30397480
1544347652
-1048097595
-1927211939
741653599
-1448721340
-1880393258
121893363
1671370679
1159281527
1065604864
-1894257387
-150628633
177399290
2050594572
-59741653
667513088
-2076378416
983461645
-990570931
1039673756
1916920774
-1876629069
-865412603
-2044262825
-340527145
-331736096
559068248
-1182013570
-507283503
-1603432836
-143867385
184449030
-2025508552
-884117115
-976358126
516417727
575007593
-580227991
1008418941
-287921463
713360130
-1286103145
577059926
474930502
7526273
1638968147
-984906251
2043109969
-1829376214
-1233596471
1824481413
-368128211
-1325140690
-322733467
1798396355
-1252873279
-1521879543
2110248033
2104358661
-1791576764
-672039381
-1836702049
-1523995010
1192302644
860258010
-1539365192
293384384
-44313204
-1243865770
-177569452
2106803841
-1917139147
638373949
-371509829
652199585
1794701244
294940465
-392849748
-714643349
22495556
-557246281
1975780461
-1433176549
-1028560962
-1914563998
74757155
-1987796065
1721639512
503973680
-1617160093
-142701151
-1677604813
1038895155
-847462648
-1747082043
-1663921064
-935136397
-514934714
-1251342033
-314002197
1961239826
-1978803457
922622535
-1398564447
1815778993
-1544062379
2141175488
-1840171665
-2076398
-910860161
-292050731
1171990403
-2039983106
-1816321312
1526864597
-1379336329
853694569
-314039467
604565474
149295300
444731603
129618638
1806626036
-917730956
1957530608
-1265694433
974167588
-796999653
1656528266
-733313512
-1971370969
-1561137913
1053520294
-209719342
1461622295
-1358642506
41987558
-1889541557
1391876985
-897345144
-641088211
373089333
569713275
2051744437
1620468104
-408267510
40998525
-1950361984
2009466955
139700324
1217149650
-1880649300
-1962320774
817595018
162237895
644486703
-1314217109
1761053261
1902696419
-213097691
1296527273
-1351154667
-2115753104
-714745
-708864486
-1288730058
1272600634
104290076
-281292445
-2090043768
-817899626
1308941102
-395266166
640864565
-808455003
-482397055
1785259485
1123342548
-1708149543
-1272225536
-1301575918
-949127241
1647854776
-779471943
-1069377617
-2127742336
-235606816
1921728395
-1183413077
-857236486
2132595530
1610037534
-2092220331
2116598309
-628028206
239731730
-1952167563
470337682
-1091845386
1967382394
-1833623376
854840305
-1061850658
-805542517
1455667248
1307683560
-2002681189
167334544
2123000195
-1002242011
1317258675
259409697
1613782468
-672785994
-2033937955
1344928147
144561144
669426071
-466515192
128486066
-1822168647
-1954452596
23418273
-1001786963
-1127888360
1918780465
-2015315435
-663309487
132867775
-1615913650
-1819018091
28072058
-1457250474
-752538768
2017422616
1873696709
295828264
-660485964
1325298598
1013933706
-713271035
-1080938267
-1379885870
1300915465
676542825
843213513
1151888007
-236889630
920291037
761590456
2122312967
2087465162
-1238957923
-1512965523
-1779472335
-1213714309
-2096321670
123359776
1227000066
-1632347156
-1502024447
1085755091
-1521684643
288764610
1974514909
929186284
-2092494834
-1461353210
1627215993
-944548349
-1165446388
-631943657
-824638231
-1152326403
-933850626
-1183135007
-1219106038
-1896506535
1917639424
617824078
-1853257241
975502537
-1916232794
-2095309060
762821470
80420356
-1655809984
1587055921
-829462781
2034083802
-231976097
-384145397
-276496573
-1444841592
-948221544
884232955
-1770705716
-501649331
-1266113145
-1050839948
-1174647764
-682077635
2078371862
-282666274
-2087345736
41462356
-1041923841
707640528
-211851346
-1071960115
2118038414
-260765569
-1416684899
-1845681484
-284154965
-2054949264
951298052
-1875017798
-1620199657
-1689349259
-1382456519
295771464
1693218550
-154634794
-1468144500
1783825877
-2044691060
533795277
25179820
-1969249412
-35292085
858546487
1243346504
1207865544
-1046798835
-1724788087
-1589360647
1269310162
1397672349
-1878609152
161335390
1882259598
-1067415429
1943570460
-1515922808
-998810783
-2117528096
2111769678
-494929767
1255316725
-788309505
1261748975
1947462311
-919626159
-1141123699
168843124
-34994203
-690963421
663536003
1306016736
-1428756988
-1744151456
-1690966238
-1808975239
-1152247082
-322324210
-30706633
-1113592130
240514101
-180550560
-1111011424
-1617929833
-727168478
-976143869
1276949006
1358300366
1490800432
-1842662986
-1423571189
-1933416002
292258594
-217659616
973167166
292982601
-196596781
-1103090979
640668910
295703310
1179252822
267956441
1863389124
-746516005
1400287837
285847521
236666068
2053743456
-1322311202
-15907210
-1898091042
-1988043482
-681801997
1450055909
-1360430384
421957822
467750401
1819040916
-1013494641
-2064238275
-367107556
-2028485475
-362049546
-871969817
-1852784214
-1457314912
-49801954
780820521
1084307782
7329492
-215195937
783016652
-570791706
-1384362401
-1599002985
-575125400
22509375
-2134751512
1792137257
-578555114
2130712423
918980713
-1010611640
1070874473
-447953732
-1520091575
-1782106379
765488285
735598852
-2113717079
-1411368891
763122705
1186095317
-906115331
-29209240
-558717966
-1757949385
439856095
1071131622
-457469639
1986922887
826001951
1358291242
-1743244074
-1676267363
-1906683106
1171621956
1567229997
-1603439567
1353145947
1979914218
1965110465
-1762612358
-1474911666
-928478017
-728519890
-54503913
-229022092
-386141225
2147104092
1202459698
-371129685
-1037756038
-1158678543
163249378
-1598455873
453566504
-1109125369
980973265
-1340789436
885294045
-374050273
295925534
2040217765
981683606
1520675668
1616398980
1310249341
855472915
1615588819
1286294715
391431973
328687325
-1806489718
841822750
-440628339
-284951414
-725833185
-2043164787
-1213687985
-574708417
1140811555
1936477332
-2074793215
-773629835
264715143
1253755852
698141130
-1306137344
1119551054
1809585537
1179076919
-987478451
1695041155
1235107989
1419348559
391125483
1980832877
972936611
-553701404
1316030796
-1767437822
-989591450
1550378539
-2037902389
33701528
-1308318884
-393277553
-655776528
458930658
-1621325402
2129783489
267633395
-101404135
393999154
-882014701
-1944444546
215001465
-719993061
-909569018
1247419575
-314382610
-503334833
-468814559
1556406397
-71481841
-152762254
-1360000253
-1947320335
-682519989
-1482156799
-917493573
-1745682121
-2044599967
-2022894918
1365161047
28418429
1314365717
973773627
1006030266
83678523
-745452512
-180162327
456101555
-1690351428
1195506279
-51176173
1420834890
-545495842
175980656
1217612886
-796303012
-384689131
1750929937
-2143941310
-77989271
1448870837
1758895209
-2115349187
-610256212
-73908880
-1347532012
1883140007
-1887188373
-244124388
-376804198
367016766
-9978224
161838777
623323687
54090180
-278382215
996286642
1202046593
-408144417
-137313013
622245475
1813796917
587268927
-1210729971
1369626331
-1087737068
-1562370811
-810792782
-1934058526
1252685021
-1238800797
-1396574601
-1996905155
585001275
1523487103
-577919697
985863216
-1460487951
-1798279012
-1216252069
683621187
-1113581485
-463620741
1782982079
662439497
492398839
-401358081
-857892303
1538350749
-49708372
1967682831
-53222477
1473449902
-701491285
-313654593
1518524356
-650252354
309078028
-1307550031
685634802
940069094
-1804224389
1484634553
-1870570828
1987706461
-1905278933
2049051583
-2045253002
-223327751
1989575178
-612907287
-119937548
-1036587532
2061354293
1877874937
673619659
1822869235
-2057985875
-1446551821
1414597452
199731780
-1654403509
1895345922
-2015341421
1321393255
1347074289
727555227
-1593658920
-1186468913
1565964802
-266233118
1342317828
241038313
1788688915
1920115021
-2073039737
-1695052707
1036036322
1789326983
-390807960
905963667
1139245190
1933198742
268509340
75230072
-62666776
-22781633
-293965156
1203909505
-1402222479
1850628520
-63538127
-933666065
748415748
-2146383809
-94333551
1933322325
1325723694
2029024730
67157167
-583611561
-1748437092
1199357727
1116613583
17449395
-1904407859
-1870308570
-17021608
1564283013
-1121181945
1544775772
-1551243027
-968720954
2134098575
820765610
-1232566850
-987441643
-1826494189
-2002784811
-1814987238
711445178
691964779
-141458649
922071112
-727438361
199429760
1637452111
1553741975
1252950847
-630413940
2003195781
-1958559564
909005468
-222944381
1081613553
-1276972997
-1918633203
316207056
68340045
1730531983
540512285
1824264772
-1093444664
2097628654
-1970594982
-2114745781
-451888083
1079560127
1986991125
-941529760
1242464836
112472622
-2147479707
-1657976638
327831416
-1117503750
-1918833550
1237213799
-23945543
-1781406835
-1246428945
-1800473295
1612721828
761453132
-1724773912
1601172575
400124384
1856433456
223995069
-842636731
-1611042358
-243870315
-177712019
-424450497
-389370029
-696203950
-1224648936
-1779216925
1254034985
1575742729
-168767554
1204743541
2116961812
-1182952513
1972668492
1958613919
-983247198
-1640000594
-1672097831
-1089403807
-1019963129
-1185853351
539506988
1573007174
1877085245
-1802929695
-1638449791
-2081385256
1045938035
1797271959
356829068
127307605
1849392804
-2114034735
1884744382
1930949281
1125590405
1942514433
628312774
-679626881
260127907
-2088284157
-1672808614
2145691131
-1018182452
53820341
312590390
621261610
-1482566482
-1834553908
-1981266588
2032535062
-1053627202
-392868635
573589438
336582642
-1422580389
-936942630
16186801
-1675320427
-1055024334
445538391
1740206147
-423602139
-559890973
323643052
453190742
138183442
-2133695260
399003363
1592235053
1954915654
1949814438
1970642709
232471855
1687431066
-1479021067
-177645831
585713131
1713087115
121153956
395665597
881786972
-256217811
452850280
1247656729
307678317
-232872097
2076824324
1001369760
14687935
-936037569
457891494
1736749144
-157634648
415912416
-296181359
576822157
190256767
1481299770
1590949883
1981586657
-701541098
-925882014
117141303
2034293928
1282283399
-426737926
-532540138
654878322
1900260403
-361754390
934893963
-866397208
-1518077945
-1912130737
939845261
-1765175077
144239361
154962355
-1495690687
-1034826599
1149843698
1204931199
-260649129
-347870077
1990941317
942982573
-929284173
-1614965796
429464191
1808638657
1819495760
-106064669
-747097272
-685864455
-167842463
-1410572510
-1980710743
-1801966398
-1507724872
-197361912
-747468330
323608942
-1603367829
-1776614731
-940152913
-104118748
1106766260
-1200564203
-763802814
1495834391
478741529
-407668688
-1136482156
578446330
808589004
-669748289
65030560
1868804275
1615876692
-448482047
937282976
1228574030
1565112172
-532051249
-1864476534
-1621606092
2071018538
-47263506
1008940765
-364960356
-1071276189
-1287468636
-2030929508
572959552
41913933
138247309
-2130915686
-1152022700
1795817574
41856686
1477581048
79510451
541715861
766166986
107515372
-1127649701
579388046
413153524
1454528963
-662125541
-2102970502
826554469
1786384680
696005258
1676963030
725542543
134116006
-776667845
-497061222
1336684657
-246793109
-877080018
-1290297954
1581777709
1590499918
1730591112
2014465849
-1846434601
-1467551726
-1550922618
2100499243
2076919439
-232324116
597288879
1245525948
-1359469615
-728445630
-625095607
-578534364
609010443
175139765
445474061
-490540755
644492143
-512423327
-1183047139
366381078
-453630966
-259542173
1592172597
-1533621318
1043320853
1709266843
-1365111007
-1679765518
843136139
1114312370
-327742610
-1402117322
-257707269
1666175838
-2063343772
846327434
-1091181154
825704420
-1328718029
-510333033
-1493153620
-774828322
-1895508885
-1548914409
143994090
1955685438
-1023628111
-1638455946
-792760441
-1292229998
-391323729
1473972150
999019305
1875759240
1698906188
562472594
98981441
1531761333
-271897315
847936998
-1027204442
2103836049
515593242
-853933491
1735897697
1573897158
-1192264300
-703708405
-276896314
-1785756503
377459302
267798061
1585858243
-1983332600
-1757130390
-1416723729
660874620
-1928975322
-588421073
-1152704931
-1348355562
-1228208381
-996941080
-734605764
-261449774
-111475745
-84990042
1847756329
362265950
-1349796863
-704515895
1983927042
48944743
1616548276
-227018060
-1274673018
1002668658
1747865746
-247179073
-1361402569
1138865388
-1201926652
-694442639
1843105927
-43679105
-788853240
-1520139794
-801827021
711847846
1737207861
1156323502
509331945
1153275011
45197563
-514615441
2032837168
-1662703121
-528348369
1426510956
-1111223928
-1042197549
904521159
-1042574641
-2108530992
-1021690699
-1296401951
108796515
-895093273
-158804331
-214676215
-675866995
-1300853354
-1532046086
1706728379
-797314948
1744193453
-1052003257
770502694
366614687
-1431031957
-1416994222
-1107500749
971305815
2059254306
-1475847114
-2014167612
-818586386
-2134561253
1271944552
451946560
-876021562
-468905034
-1636844536
-793647537
176078805
204936406
602910329
1973315810
1129022032
639037051
-353421773
-297938827
-104312666
26237103
-526001193
667709848
-1551237201
-40826714
426961027
-1017438806
-1829749723
-1801047776
302966887
195343336
-1425153710
-1161878254
-1598405992
1371356837
489916171
-2119892860
-400754140
-1270931238
1002470108
1875475388
-63378331
1272911841
124622980
177032348
2115051674
2006455677
2005448099
1547745864
-2118255437
-2043922915
-2117167951
-1389934837
-170953877
-1027057823
-1359178958
1475449979
660307868
996938461
621971239
330229210
623411406
-1181736676
-1026523193
1634329791
-1018671856
-459183897
1753439599
146443253
7474187
1921466054
1139700950
-556704606
213266259
2026870982
-951078524
85868971
1057561600
964967036
1902046084
-1846033065
-908699267
1163402570
1023435864
1154317618
-275293793
571250912
778936108
-1162162125
612773368
870453253
806815822
771586848
-751452563
-606067305
783556574
1696954161
341726470
1056816592
-115401791
1007298291
1606849285
737234890
-520866597
1793781103
706618169
183913284
-205778052
-1914727541
992001427
-1537435994
351014682
1109335983
-844279815
344156482
1853764929
-1377172566
-639213478
909182428
-208778297
1297007831
757988354
-1421010580
-578272701
667845243
-1373583314
1819169
-1538799938
56163953
-1327953949
-93093207
1800401323
107875336
-84169989
1296606639
-448971500
-273905364
-996230529
-1249061467
1644378902
1660241347
-197544388
269085890
-274022513
1036680537
767932304
-1664401074
-279154411
-1006975234
1228696964
1142485533
1020196137
1026596718
-268286433
-281217192
1945054123
703459698
-1665574663
-1937638525
588000657
218972294
-88086771
240664762
-432536877
1280858556
-1284078637
294458941
-836156503
1767812832
1956068238
172335663
-788981512
-1179402277
1437092578
456524698
-925085687
1700804188
-2144715863
-1969614666
464352635
1104582580
-137725178
621098346
688466811
-1184452351
-1025459015
-1955383789
454897457
1362698638
1091485620
811326083
1935524221
747546490
-885045265
-1289239221
1599891170
-1449848169
1857708408
-360383683
1983263426
-1931607661
-1311620915
-1728192724
1405030859
849464669
1695372397
-736254475
-1359820879
-1699002687
-186164308
832145091
210474013
1945053781
-141781305
-140104819
1210692324
1188851352
-1668324297
-1173019165
-1921635460
-1491021737
-1815486647
-447845398
1650369451
-1542504110
698504174
-420077147
1798252928
940317983
50502607
-1706085771
606742663
-126007217
-1346389852
-797999390
-376570313
-159736370
1747992518
-1302158693
33218991
1817005711
-1081775358
295999163
-1625091423
865277800
-110894417
-1037192115
-925203570
-305893062
1937151234
-723657966
909800243
-2094325932
881274528
28098689
987801922
88653848
122488948
316779278
446253653
-545045537
2027724482
2113215919
2000516895
2112319002
-558963332
534984603
-1031787804
2083505337
-2552364
-505557932
-83489494
-113208881
-981298926
-1128695832
-927192400
-1422926986
691049638
-2057227406
-1020474977
-1074104849
-2124743808
1196436967
1020316927
-713714674
-282019681
-607523570
-78685332
1646164436
-2135542040
1367669456
1703197961
-1369426595
566356536
-1996709199
-1337678669
83984892
-1844945476
-639466594
-1319413639
2011904420
-1213574273
1584462312
815033676
-1902511991
298633540
-1645501040
-1211823630
1670633222
518780565
1084985541
541254976
946167233
-333998052
-2115454294
-49253496
-633923572
-161997776
2118847067
-929433777
1983867022
593593522
-697766351
-1570346685
-1150647262
62001690
1912220485
-673551509
-2016626946
1267207116
1474928947
1247460256
1930516503
-1963247184
1624835615
-1744905925
2103119556
-1925455103
559275773
1104925199
439373473
1690461795
1731147788
-1627755879
-212259403
1398259515
1850728866
1821054326
-1237190441
1385204795
-310823633
505245204
1237854796
-1193710789
-159996293
-1966593364
277718709
432848463
-1876777678
1099544943
-1488427993
729230869
-551972190
788069631
-1924997221
-558793394
-1669345342
-2082415584
-1448868728
2081128879
-1123276939
517511343
-530879794
304961017
1171790096
1972773330
1073286870
-1018095289
-460601575
-321464976
2089150454
113823654
2106822225
982410467
-857407207
380188650
1365870837
1288884460
513472414
-370431297
-371359169
-336088857
1498678401
98981630
-974512589
112867647
-429984840
1880846145
-833734249
528659747
1389735391
1079319737
1527629378
1893164921
59914262
-66237634
-630347879
275253011
177819177
-1937923417
-1590537386
181946912
479329010
1772437851
-1172227445
1239626980
-327953669
1935084584
-1673445658
702029739
973845863
-281237678
-195643338
1041082362
798045969
-1662554897
1524354606
-1527381752
830807029
-1194724239
478030439
-415017108
-1800174897
-511049852
-1539881301
423771158
1052419841
-104603622
-1683694736
1836796547
-1608426311
-2141869117
1016804001
-1425244628
-1172919470
869912641
1581474468
-868357313
-1616500229
-1067590309
-1934379624
568118929
-1597832554
1507563505
-2079276834
-1591531310
-1220165919
2143791696
204075227
-610182911
-250133541
1198163399
-949187333
-1644008926
562405216
-655537798
-1405847560
1524303918
-1268413418
-1085422987
-1305333669
-1791078325
-898773108
319412484
-1559112382
584249405
-311961953
-1014759615
-569953436
-1177138917
1856189472
-1993902867
1704926802
740460869
-1999641165
-1553173373
1853266431
2015883669
1916633849
256482698
1350342786
2065218004
-608453903
-1918816214
-1419030503
1066027119
-1254440037
-1559368190
2121428337
1220915561
839950302
-866339784
584820260
-1339248493
-978165846
-499309871
-1912115326
-1095265541
1828634209
344253762
12049811
-471612511
-232144014
-687443898
-1535381924
2092035952
-1204860601
2025146609
1550697825
-204606356
-391344543
652159236
-795174037
-18214873
-362859328
-1562209149
328427147
1878655353
-1047899257
-1774144379
202473054
-2104356497
1013481184
-260994230
1770700945
964245379
-1898190307
549377426
2118449575
901565709
-1610872801
-304403156
204510713
310871033
-869118469
-1708113716
1338957566
1457820858
630062041
2016949537
1307068620
1135826814
1410404384
-354188505
1377539038
1738456227
-1892235057
2085480377
1570162455
-399550359
-753510611
2115647593
-86555129
-1119488536
1686808997
-470404717
90081132
-826809021
183660522
1732546992
-1222823942
-1985644259
-1716929182
-1006823961
19830110
1605789515
-1718555200
397880297
1721429376
-319881013
571125747
1171090685
1316400648
-1534298891
1662343998
1003828825
-484843484
-1048210448
-1782451545
428274356
-292393849
1597031526
797801109
2078861592
-719281228
-1721294725
1715963060
1985455356
1975355003
478670330
-2021976548
1780763537
-1164012860
-734075439
-33731663
-802000292
1755519115
1327693503
1553424588
-595309820
-254584022
-865423541
-1946682342
1933391981
-623246626
-884090121
-1770920252
1318068485
-958094717
-662905163
734826960
646976092
-119515742
1888972954
751635910
-1406203398
450083501
1174750929
-1889249130
-786434196
677891464
1748875729
333063608
336481184
-960141749
-2119510574
1327072405
-588338830
839213126
589795196
-524875483
-1252947066
818785605
1474301922
-1969333544
-1109789865
2006309140
760630190
-1227928134
-376998512
-1548631739
-1732486756
-1821316655
-1834731622
-1830189776
-443349
-1056766775
287093365
-1286475206
1891898002
-270708270
1343246027
-662114214
915203313
867503049
-2050544062
-743591207
2007597000
600874389
1193981457
581218648
-290450772
-1759318829
732147414
1974709527
-850360777
1392388789
555355557
-125680013
-1516716736
-475508953
-956319132
1901061808
-1667287733
-31874509
-1676613803
-1627913736
-1722631613
-875563099
1107938803
1080685987
48570726
-752385806
1849353474
-557185351
-1892532353
1783912789
2061624289
-1832565580
-1444704677
-953798598
-1262541022
1442469001
-467389067
1819391455
130304604
250963945
1505782259
1972481593
1043467071
-111287100
-154773035
-1154757100
-1672951320
-1462206194
1735267947
277071485
-787465611
67688132
1316041224
-1737940381
1609571292
-766921679
726795508
41081467
1209862136
-228348819
1570622886
520471396
-1820741404
-285365210
-1691082702
-1060029940
-4317300
1325110946
1632721152
390050385
1471924096
-524603644
-1178532162
890178538
-1733393397
123720141
-1434943593
455004552
1173869188
895599269
-852945500
-1883191752
-2052923933
-1214377381
-1856201054
414868747
-823840874
2087739690
900088549
1340880631
850991509
-617610946
1855768461
1518215935
49032628
-1912717963
1274202102
-960619374
-691186121
443271273
945066612
1607521328
2068538283
425170862
-419783616
1714048595
672015347
-70668456
-849690452
-88177524
-1725868383
-1515150913
122797982
-1221036821
1047138950
412141445
-1950240965
1502102436
882143371
1268806616
-1371974430
-352365842
-407859262
-1799575308
-1962698405
-583305938
596854455
-766111509
356355152
-1752130220
-1837099508
36585128
-1249596677
-525160059
-1259917244
-2017887440
1387683360
1482122234
-1101288738
125412139
139780926
-576571865
1502817445
518707363
-155904768
-1213527521
-1870549690
451087626
1935394553
-1349392842
1001986595
483501953
1395173521
-40317209
-966921114
1650248535
794288953
250010360
1870609496
-559021361
-247273498
1042671068
-1078903310
1368936998
-497279045
-1067547561
-1078979916
316536531
761820168
1200365416
-1010307915
-277063920
-1766530701
1604147554
-720470277
-1874270823
305498740
-550297253
-161868020
-997065293
1532951814
498276554
-1667744828
-719127697
1382129562
308817771
-1443961495
1413157935
1618639183
1186371942
1580245756
435860329
-1333016224
1041662895
-555925295
-1430036566
-2057100834
-472175953
-361905055
-767398946
993655198
-687720668
-951856801
-90244914
-1722226316
1503757637
-1551774712
-1480062231
-2104162144
-364398040
429018303
2070394950
48372872
1946569576
-361056040
2060235497
1420529575
-1004413694
-729934669
-1117015228
491873221
-321906305
-1487772915
-1263630591
-1673161880
691562584
-662952558
1826539518
1595512458
442443413
931713717
1196851096
-1248657781
351880630
1679447236
268515884
1188650344
530609367
205710902
131878619
-348197843
-37865458
298966855
-1546821748
541631656
-1475964393
-1507374906
-1357753034
-709770658
901850163
1865238573
452877407
-311304509
-190191540
1785968882
-1360288289
93068452
505473373
-1503951076
-1417547799
601954023
-1041064432
33857304
938351435
-1180400009
-2022127192
-58030388
-2035855116
2024985465
1466828576
-1874267156
1042447287
1611793859
-909352300
413332365
278731341
-1448294259
-441342752
358381303
154447264
1225618793
-741722746
524245438
-334477498
214588016
812496597
-1144900333
-541721525
1102294973
-1348026298
-1309109161
922632243
-1293488097
1695636264
-1485218064
-1447859138
-1007515383
-1038998144
-916354208
638318317
359667149
-392020182
426143635
-82698299
137009673
1443521859
843858551
-1007414446
-1706463391
-643178550
1598726866
-765211794
-1940923794
-561240700
808597327
-86102078
-1270056203
-44410335
365149145
2099591821
-1819079845
-1251734884
1742344235
900801956
168698712
-783496217
-1223812185
2123948985
-1193414165
77766598
-1097557401
-676173345
-673963379
-2055519238
1317218194
179277133
-307469911
-160116830
1269504240
-2130413215
-1260112822
-1269284130
1846411199
-1565457944
638326550
1029893301
-757538106
-1764338276
-6875014
-920270024
806389163
-1516841747
-2117246426
-2059908633
2146062721
-833220348
1993958844
653132370
628273829
843790084
-97607485
1662345987
-992280631
-1984402542
-217830431
1287610523
-1932116399
-1908548969
2056030537
-378628806
1292720093
-1360560316
-1019779471
1712222756
354981158
1593894998
-773765880
452552608
-243961331
1068137626
-274710745
-262199517
-1156768015
1776288691
438065862
365585326
2060534592
1666742043
-2074795919
1637332084
98162000
950230887
161311034
-165315138
-934798481
-1033354802
330405873
77530131
102771256
-151985685
576434578
516099475
-1576307672
208624577
-765720322
-1809271389
-50577808
402479616
-645631506
-896837938
416485132
1096936582
174010148
1976610538
-2136709100
-662715608
-1583738910
-1979014791
-733060015
-551169871
637628575
-639091630
1207109906
2098764330
945689336
-1793072511
468017472
1691006555
1044644068
1855373674
-2082163280
1100956050
-1190138068
-1482165196
-1235061064
-1258731102
-332147943
-953157277
-750474492
1242002990
-1161126034
1982291655
-161482839
-1049923289
393632920
316786580
1778488698
-1982803054
839585828
-1514884910
1788004250
-1853908338
-1615059088
1075550199
-85678253
-2093848427
-475440731
-1733990447
-1303619291
641275649
167982308
877744041
1336213280
-210478126
-154219842
1337944229
-405930891
-163608658
-841797654
1375456622
1083268682
-30826456
-1699560655
368117777
-347636274
-1129358780
2044555180
553187882
-364236914
758888762
-1003987406
-1429101761
-1701112826
499996026
-1431647733
-1884460695
-1790583431
-1476751376
-1102648088
644663352
-1421828348
888092041
-1186908649
-309753384
-1072072464
1470256884
-1464385294
-551948689
1826764360
1999329453
451624600
1909745097
582987691
1275690806
91211487
811777847
881592163
1990294439
-1500822392
-606211149
1314394805
-1754743703
652832948
540667464
-1853258630
-93419970
1462014359
2080044720
-1038570258
74389891
-1491636117
-2046516674
-1236671801
-1885509703
-1367065946
-1091801346
-345249399
2115247425
246137454
-2059899622
-1327109864
799474534
-1909206452
664050303
-1938503026
-1126564191
2071103520
-477113153
673254990
-648860393
941615956
2098955576
1903390553
-781063834
1674457684
18312054
1392502752
17610144
731671357
-706401835
851700505
1895060119
-1935770668
-23758741
-900863915
-1912961190
-1095717703
301670948
-26121390
2065652992
-434359333
-317837267
-1532203571
-1318071645
-1495961042
1238099861
160935516
256724399
1265883291
-1218020046
117776505
1183140444
529442872
-1335778367
1460455905
-1458237320
271122873
-714647472
-193355489
-1880264599
9107493
1785893088
-166903453
700894322
-577987892
-1113345723
-1305835625
441840181
-533517705
-437458351
-1192989517
1748404344
-1580208671
2047010609
-2073054896
1105728811
1389582694
1340108054
-1463079301
-595140695
964591098
-1192111849
-463740980
1505375038
1908929372
-521705387
695663286
1105577449
191410570
863786592
-1918523617
-1136375966
425233783
-630104616
-736940750
-1804772258
105467131
1188140887
-296768396
472484368
-1221949942
965816974
-1902202859
-1516579341
1320140072
771007917
-1834339192
1156128198
376796956
1446047496
1239937621
-1643287592
1928933859
1587268855
562561581
457689989
1382250727
-540209155
497102398
662659584
711100528
713059115
1572897993
361025362
-95996838
-350656826
793182192
-1507124319
2071791112
-324970201
1801017044
-1817463627
2123482520
238127586
-304919585
-586268744
-1517297065
-1204165846
1206979677
2023047996
817000055
-617163405
-1317636783
-1799557758
1336975871
-1250995879
-12234362
610892537
2068453634
1669200832
-1143937820
1622606084
1335640339
368508987
-1511106300
2041880832
2069670392
-810670671
-362356987
1802594181
-778359396
-768145090
-1918264672
-429827093
-831904950
-2089573546
709405305
1166377999
-906358248
765688624
2009981368
-2111184810
1016698528
-1247269791
-517404968
280536049
1608609782
1465524934
-1010652226
877800802
-513808427
-535646041
224129805
63800127
1888881179
1514070808
-1198205256
2059229494
-1739825289
-333399902
-747125800
810672464
1634475872
-166027741
302161854
-592450183
-1092285112
-1942268430
-1919776180
-1478875841
905409809
-377574074
-359075456
1272009690
-809698625
-1013341225
894814801
-1705176468
1195520367
-1435571771
-172227906
-1237429623
-164745848
951244729
794984739
-878605064
135562799
-1978383031
-1112193843
-725706565
2103540224
-1867390559
331316177
-906990004
-107533574
-973475234
1126212121
-798008535
-393337414
-1131635523
206306751
-1535350382
1390061547
395779316
-330101603
-1284177775
-1784980996
-761229345
-948914396
2083651642
-452104172
-383307041
747920492
-1199186380
109930050
-906543617
-896988275
769754743
1969933305
1964162135
-1404666324
1969226838
1365824186
781452981
616474712
-2131413056
489460755
-1150630791
72610198
-1938023742
-1049279801
-1334995264
542206778
-1171956913
1057602382
1731776963
1350539256
177163587
1745495935
1089792129
-1786406726
769423525
1225501067
1940221596
-177220941
-726775764
911163949
1296815232
-273521997
1916640260
-926652897
-1623768630
-124849732
-1809627951
1016788687
-2054344218
-903168298
486451956
1328517714
-2119387398
823849503
1565074956
-682070376
-1949792510
1207602469
-1920415553
1086862305
1731344187
1795067000
-419584839
-459306384
-678213179
-290320775
537971444
-174239875
-369692285
1296929656
-2005103558
-1729583761
357675077
-642143490
1251589607
2087670602
-1587399895
2004787814
1538655987
746989414
1251545405
-1863841614
-1860994768
-350203551
611012713
-776201317
-764282161
1724770134
323867788
-1437306391
-234404824
1711344206
181804260
2112255749
-992840263
-14918154
1566503858
-1533047860
1770293871
-289093742
-1890192355
807526565
-2147014108
-417617871
591465046
338451669
1816109161
-1692006878
-220638724
-150395119
-1539048572
-721921626
-947194174
1392747348
-921397316
176550118
-947913905
-1528825358
-1320379693
-814866649
-564786587
1616608237
861938643
-787436741
-671238588
475953287
-114871539
282472762
1665387088
-2114103272
-723480994
372271986
1986761457
-1125117919
1355294132
1369544347
-1790230598
-2029763424
-1441743920
-749116082
-1681275955
192916133
1053349708
1844000440
-206579588
1085112357
405749728
-143096694
1739851315
2116758797
-1736733728
1694350387
566482838
-483040870
543392264
848230225
1040882406
41436647
1978553212
-450803868
-916957784
-2047177017
-810356215
1413777604
-158216568
1860471764
632227504
-254480171
-302198406
-413039929
263736421
-142947464
1355420193
-1846875126
1365398291
-1369171004
-2056236940
-298687349
-934351132
-1406462987
612541343
-103257901
-729819202
496474276
-1813639386
527117654
1453604112
-266779848
-1779906992
-502650868
-557493811
1119524764
2097136066
1690312512
-1168042824
237330737
-367686807
-345058905
-600647454
1364945670
-1264622435
222596019
2111656560
1799751494
2002528898
1734688297
1151478690
-2072897039
2096274610
-420091407
1250911760
-545940785
-1831146984
89290028
-448066507
-1663647072
-380000226
-1390199413
1328150321
2015123352
1259378698
-1534526498
1858514122
1915866377
-267657563
-857027349
421108147
1757489762
897094173
-446991487
308554769
-1647317673
-291782100
-1371002932
1196724794
-32810143
-1821417864
-713783319
-1042275905
168031849
-1480810691
1164737980
-2001818964
509544639
-1730030552
-1127338495
886127374
469793872
1793834374
-1386527583
-1406986572
1117679896
-1383541859
-1579011514
794552122
1095976661
-924901286
-234541263
633759811
-656798212
397643564
-1796335798
-1510009851
-445869072
-237250770
-44338312
1330811913
-1309049231
-1646107765
862209075
1116469811
920398418
-1655316963
-803905194
-679541248
1923563886
1387544663
501515065
2124085775
-1355924516
612077157
-870168321
1201063394
-16170911
-320298863
1280692267
1017829
59906086
1267637992
-603868807
1123986350
-2146424406
-1015540963
1157330667
612182149
-4935943
271365292
-1350836447
681419815
-261645538
-1006283966
1017086445
-1333822009
-814161195
-1259764901
460630566
173606229
374414469
-2144800467
254572732
1750557441
1735895916
752647620
-405625587
-2095647998
1861478939
-1134982547
-783257994
-278980206
259131429
-66841000
-72051925
-805776579
-689205485
-1049456008
1963155531
-1406696101
-1927363942
-1683976274
-445698258
-1245719845
-1424011249
270248741
-1677007871
-1756333759
285081882
1944607999
822952341
663583217
-1272158806
-74281680
1020601971
-881978451
-769873624
-2034756950
-582219981
1483886683
1844250350
530153658
793065997
1686973195
955355642
-115349839
-2075269200
-579038663
602293214
-1685297722
273331538
-1104623026
-1799452933
-1007632069
2055044104
-902237076
-358174738
2061388989
744399191
1721941355
-1709237687
-173351664
995812618
1037531421
-1252008827
-1182687509
1245689925
798043609
1420773175
443545632
-114462247
-1419357129
-1505451134
-520300800
1082651610
-1703719145
-923540276
-1864690692
164861551
1138024424
1064714676
1361955215
972385256
-2120279258
1055844419
-857749925
942354965
1286644004
1233797473
-436372078
1837139157
1165631243
285833097
-871163497
-1228134931
-624010206
468923584
-779709212
-661033446
-162572465
-432157758
1224736045
-1911604376
1548826845
1926643839
812664005
992407748
-346809217
1907024837
-1922480575
-459580720
-1715341420
622294589
343924314
773885430
-139583573
754714267
496713751
1861423551
1512584522
-593035503
2141382443
-1361187483
-158566677
105780740
-651244389
-1480824410
-1571307450
1784223233
267633060
-495608869
-1213875755
-1518554894
-1746922278
800919112
-1679557483
1842533004
-344267372
633674164
1840066057
-1073666549
-1151678073
-641416132
-1939122045
-782908639
-793859920
-1208207004
-1601109082
-305318357
-1457654921
1946169198
-366161626
141842341
250844945
1858457070
1301520849
-1798592800
-1579592667
1433266590
-2028370221
402201585
-1868604494
-328750738
1334969141
-873421588
-169454033
326101215
-2858586
747291218
239089907
-1049367663
1644765822
-1979451705
683576791
-2001521126
408012287
-321454584
-114618087
-1125801960
296515293
261029659
798083458
-2081950839
1946769664
-1018286649
-1450049845
1858252121
-1247838073
1050185542
-1721912771
168014652
602658064
314168889
-492470890
-1969417539
480535862
2115537371
422116403
352853399
-661721510
-1472729991
-847109525
1754101571
-237921114
-632466143
-1656477896
495445970
591480655
-1000017767
569173020
1551960060
-56578791
1314725266
-659435711
-1973151112
351827232
-994125795
1377825762
-51075443
1214773204
-2031294370
-434598678
1467721704
-1236593595
-846542722
891954650
-1149802576
-275671648
-124291610
1977640431
-515419433
1206447352
-741891671
-643634813
1653498291
-1088339126
-663882687
-883044941
-929307444
-146593862
234313853
-525020607
634637047
660299299
1609335226
-1490274884
1326232739
-1219063346
566829392
-4149282
-227841934
-157355904
-921927857
521809460
1638432011
969535929
1542351467
219887364
-1759097810
734318139
-1705069772
1313412714
-989166840
-1731040311
-559634807
1252473283
753918920
-980041424
777468750
-1167958705
2063207537
512751242
-88217764
2001629201
-513911055
-718682687
-600485959
1157911034
-2028853645
-1160519854
-701347832
-1902456762
-427805199
1094866771
-869214909
-2100788188
-1389642740
612589238
444868518
66221980
-733906913
-1728983857
1272430574
1535489197
-1585185647
1476934931
-1535036477
-1254612299
956418666
203539745
1791313266
-374385131
1742279208
545359622
371868382
-959302124
1882598867
550151100
-1021517896
-1460364029
1274488911
-1650044428
-1161036051
425350818
389015024
65936661
-1804394656
645996738
-210779565
1150062723
1687314393
259494443
-1587366037
1705431844
-1022472644
-1887368257
-2055904806
-1379535073
-903809539
-391833633
-1631291775
-1478557210
-525803053
-1395991540
-887784102
-1618677642
1912210603
199721169
1075832196
-947897379
522173919
349221857
2001389215
649830908
1757310119
1001564283
-2039159975
-802277746
-256489777
-1623508459
2074198345
1046937704
-695179606
-763226824
1405086203
-622942462
618284102
1875905193
1802086731
2021127221
119737824
-706350903
1153621238
-1881133498
-2087611494
1082505022
1957407085
1477217826
-1623147926
-469331759
-727111699
-450734613
1157343829
-320383079
1667391947
-1863627853
-1982714915
-1109356711
-861852396
1506843782
1167124664
-1557550554
2024521301
745696173
-1649376318
1991996237
1791296438
1083347505
-2096513997
-1986804622
-1662050995
-1469230434
483135508
530376956
-51607888
-1039989496
1092063726
421352368
-1724791348
-2138964142
-193862203
465210012
-448613644
556809645
811178308
-396071627
-1860981188
925405023
364530489
690763971
532174344
1949780933
355948098
610070269
-332492065
-547433574
1416229576
-1889467665
1756236932
1934385785
-1215626195
2119921699
986799175
1552544928
-103807679
-753360896
376410264
952255734
1464190969
-379731604
1733416412
171452239
-1603601310
-974948679
-1873127293
-857554195
2104996562
447937981
-1301367718
1102344521
-60928671
-982829502
264865053
548029715
-999975785
1684351649
-1904481200
1067351416
-335355034
-2063204696
2170958
-1430754910
479632986
705063108
1783847073
1073250436
-1961072114
-900327076
-460149868
839364823
671339745
-490490758
-498880249
1130179935
175990762
469254576
594869889
1916680562
2144555816
1440691769
-1703423861
-732972614
-1121703682
2139258205
2018080059
766086457
474569949
-2131483878
999312398
1339552397
588937538
173376768
382234363
-248021643
-1579597597
1638280540
-1486268220
-1461952365
-1180553436
922926232
-1165026162
1191055219
159386576
-1365343007
-2126052684
1508670667
-8878588
-1488405494
-129458473
1411676420
-170718610
1710778288
-1847479495
1030550776
1798981815
954754973
644642123
-415290115
158080061
-109100431
1695352708
1347944482
154323973
433363071
485244019
-865011784
-1096952336
-882876172
-1141704937
-133971181
354400555
-696363714
-596984722
-723309678
-1818659860
-1607323990
337463883
1067500763
733194330
859806287
-422164628
1600576875
-646931252
-1519188182
-1865981749
-1503497395
-1629385930
2536074
-1266653132
1481716009
396162015
-1377724754
154290199
-2088519808
255518551
-56352853
973922463
-1763396043
-1057522776
1330694803
-604691966
-1181115826
-1410670389
1323111123
-456001510
920245243
-364263331
-1613147683
1820580661
1860565208
1645745298
144995590
-863757784
215500399
-840760727
1787473328
-580505174
-996390656
-742964447
-1302560853
440845534
-1661752701
718977259
-704785960
-1361507535
323644909
622381792
-633150193
-830683290
175970994
-102005707
-1586801342
1725176814
114793611
-1883573588
887720162
535941244
1354488697
-2062583731
1327968897
1286462681
281759752
808125526
-237123400
-1472770828
-1268836392
-1438095505
-844883894
-1881681348
198069848
-1275119839
-2050993015
1917752882
-977621547
-180489079
1918913016
-429055431
-1751663437
1681091144
1364170545
-906334032
2082540281
1184593341
1683886088
-846365886
-1464318958
-2022527114
992390897
1532091004
-353625903
-212359454
-435570530
448678559
66405813
1058514252
-2009926164
-881972809
-788055698
-1588581372
1219438591
2060206827
-517595233
-789732898
-48096597
1951300375
-871607323
-1444748320
-1243547371
-806931817
-1111129832
-956519114
-1723152230
1464496229
1212543184
1986988649
1702047214
502409830
2074660650
1844071376
164749448
-1431421184
1596483276
501754694
1223389245
-649989137
1150261541
28907804
1242448171
-1604710823
-1240197383
-2048596911
-1349983784
-112994273
1333599516
1206989312
-999481446
612279925
393394557
1825798169
-398099144
633779636
-1861362586
1836805971
-1386680367
1557229166
-259933695
238956641
1903363580
-1293916221
-1808056291
-1111920541
1071963440
-1580090638
375104562
-2058776417
-673871514
-458654670
893341090
799307120
-96546052
-2064028478
890413121
-1395238786
22900444
558447167
-1131779305
-721614290
-165014307
938663733
334364516
-960932
1105401960
1292630263
-469945373
-287997881
288606
1378756274
1780275283
-394589748
1116083001
-1988246080
-1529324238
-905889321
488097905
-2089836743
1466938315
-47114730
1989269536
-171746608
1226091123
-1926052882
-935675928
993118939
-1259648753
-343702350
-1828053996
-609524301
521466328
-774717166
1241583613
-1376485315
1497778786
752867281
1077981358
-365814328
1524904153
937010106
939486667
-355243750
497303950
844885204
118944942
-1150211387
611430577
607533268
1424173522
-453128002
-417366944
1693101778
1305269364
-382346449
-1904395552
-2138373568
-1050615689
1844036235
972294441
864327959
310336135
1622649571
908418471
-1572052654
-1405384063
509376632
-480394434
1810762143
-205991918
2066291088
-1756774257
1988727124
1978017182
362944909
393965433
1174758303
28601698
-1642278598
-1238136606
-1360367103
-1971196708
1200539752
-121050953
-591199747
-986211735
-872866631
-1690972624
-206822900
188424496
-886898245
-553493416
1263860179
-484262082
-1712083400
1094196940
229009815
-1102683662
1022184139
-612198718
1208003824
-971266917
1984935350
73208909
-1834748740
-1560242849
-779931661
-378642466
-508285866
-1041013666
114837384
1379334158
-577282552
-168599274
632001311
-264312934
-126784835
917105160
-1395584299
1497135021
58132731
1723871900
856967761
1065173605
603799311
1395721025
-388536295
-1183880817
80333961
-1070344232
296554016
1925248437
-8636694
978387026
1852673954
-999841445
-1288802917
1225041815
1459730484
-1119644540
1005009185
1985012905
875196438
-1355557765
-1587025521
-1308804599
-164769333
1956342735
1854011451
-633067687
-1295547157
885165726
-71790412
2090185026
2084794935
1383022358
1270691059
706741143
-762895122
-1950009799
1435889871
1664979386
1715432798
1295324383
-500248394
620386622
-1146283843
1061101825
1358925722
1926769357
384094777
407769908
1955180584
-686547636
-603750067
1832040562
-2096990913
858623804
-1541818027
1410427936
-994087521
1804687971
-123335068
723430987
540247777
1917984171
1285514069
915954229
-38413402
268484937
277710111
1413300496
-886394605
88512801
-398481554
-27448055
-331720836
-569063064
697669230
-776499065
1447617118
374526347
231322089
-805345868
-484643949
707813711
-554236525
-2126577093
1767036352
1742527544
-76016988
-1195449517
2040349201
128528175
-1385161049
985576957
-1029001944
1220467806
-2019943534
1870667657
1318283090
1306616158
-2037023467
437717597
993156091
-715301996
-2137354442
376142585
503209060
-342159657
704979485
504705333
-887037550
-2030030250
-323117268
-1350985267
-1042122359
-534304839
544594770
1645794335
-1923853382
19923077
-1959773535
780062770
715235513
-1001261628
-102958819
-1273378566
636139826
-2095434268
-784159530
327655129
-164151267
1731144927
-1658563272
218093161
2864176
1631431324
1609075616
1083719544
285353109
-1524135020
220899635
2105444435
-1894974243
1910622136
-1764231701
1310802247
-1241113549
1240075154
67646706
1978078308
450603988
1696219050
2078417458
-105171580
936339646
-2145213910
718386476
-341684597
-1378593625
-1755752763
-1503707895
1794862063
912392752
202936531
-2125223442
-1018909318
1622405210
198360000
1070045076
-227295410
1239329080
1352025511
-1098912489
309223210
-1618241562
-500109255
1943283213
-1758498326
-1261975111
-407057437
260544729
1089039700
-27193673
-916504272
-608154047
1061100049
1678781769
1805962347
-1596244418
-860360200
-597287633
-1486205048
-1987639789
-2145018222
1583185331
-454091197
-913609823
2030328794
1674623777
-323409783
1496662520
741884740
-953641099
933685015
-2034007247
-64634112
1805519446
-819925407
397128570
-2109487745
-978998205
-787002444
844685681
-718648011
1607082251
-141225826
-546711626
2097711265
-224512638
-881414003
78140347
-845569398
-1681480591
58070197
-985901603
543150730
1806087886
-1232500169
-12853576
-798920240
-1841679572
-1732186497
-1880576586
-904128480
1297764468
916372973
1391645929
723387678
-1269653547
-1298077514
-1087359461
2096519628
562438649
-1249406452
832978210
53536337
1244920696
975576445
-1748735113
-736456708
-1049723759
1936535192
1082362121
-1000893561
1431203863
-182288683
1124503119
-836425825
1201137064
1604693430
-1919444068
-1833679965
614787877
1399811881
1387041206
-425488724
-272766627
1139457072
4464552
1450883789
2051971083
-1457657405
564484566
90820763
786545922
-158086668
-1181143470
-877449489
12397222
-229426348
-1663677842
-1555086614
-526732898
2058734229
-1093843566
482688056
1435630023
1406421616
-141810353
606355865
571635307
793413064
-1790079309
-222500451
520874418
696348687
-1330038562
-839713874
1448553304
1891727337
757101781
-1837384365
2019042975
-1706762226
391831190
-170045518
-621984889
1520190068
-1818981525
-1840783017
-2142261443
1463132588
765479299
-215369677
650852304
-1460097908
1836434622
-278177818
-43274454
1643190285
1672258759
693192768
1764297021
338310007
625145959
-808108027
-654661252
1953307323
604930584
35698672
1087214476
-490394849
253606361
133114362
-1428131013
-356213216
-1790535616
20873435
-809259088
-658674029
-2123465003
-1860666416
-1368719900
-574559220
1157091740
849873567
1117857360
477798532
108467699
2038031832
1074131432
1931570229
-1432704354
368568156
-574000569
621018056
1481469216
2049107747
1926699306
1189346482
-1865555892
-796450759
-967421150
1185264603
-839342054
1285775880
1687001477
923785856
2107535038
-524578339
126889893
-38673063
1034585846
227754148
-1259471036
-909829635
593551267
-988456714
-920631226
-1455483259
491723931
1975134549
-303753304
-611143824
-1124734787
164449974
1164360113
33966022
-672344763
2009678655
-1205101722
1112868735
-107718048
-132737712
-761376958
1002607652
-477180670
-589755705
1875159334
-1759563850
-982360585
-1303038848
1018701198
1773429199
548632120
-836946406
182521861
1743818503
-840432513
-522467840
-1055318822
1898586777
1903792157
-696211033
1290889748
-1472647611
417670411
855781908
950213538
-1892637577
1141206334
-887391071
-286193962
1433309352
1758759742
-525894657
1605640468
952955395
14191097
901057918
-1120688698
-348971956
1866888660
141598347
-1224398958
-413023491
-350915838
1355032186
-1438646065
1892815537
33318169
1062631558
731043636
891452613
99220450
1621045781
2105616082
-1609426628
-1624229520
-430651073
-1896216508
-2018131229
-6699661
969834385
332965412
-476032587
-1892638259
-481542899
-319679040
1768527744
-136113051
280139637
526092045
-1315568952
-626206149
711559624
-170983461
-1684337686
884471741
1123065868
-222030263
349884548
508148312
497261390
154492540
-550272748
2105917265
-1487482393
744652683
241534174
-44428332
673370112
-412474435
1784510483
-494615987
355138647
60176374
-711104465
-1764466442
597902658
-1293406611
80933538
717911472
1075124724
-1826998110
-446813774
-387988713
103035902
-1222267761
-832085089
18338512
-1172835047
-1179776739
828397575
-2137894620
242638114
1555254745
-978374772
1016991186
-381035419
300259815
-704091725
750433824
645629469
-836811210
1055309071
1345559603
54486843
287960820
316560798
-1412489312
2049508710
340140100
-1652877966
-5010622
-1403368893
-1791714770
1714404243
1985707085
1386176245
-604282921
-858385117
-125753693
-1385284633
110102001
782146755
-662107547
485028040
-1439435660
659565621
-815141171
1315825879
-1108963443
1302242370
-2036779461
607235936
-14910505
-1268142370
861921165
1225914501
-1993707064
-467468407
-1183987533
-276172223
-876260243
-374491657
-641333631
-223600214
81821529
1761527538
-1451727417
1669746805
-1454473254
1675661183
-968267362
815287999
-48779922
112850496
-273982716
-1068593910
1941788021
1616625432
360725931
117297797
819424807
1692202260
-314196467
1424855951
1172702407
414813832
1590258883
366128253
-1576084712
-1091260551
-594224361
1223984283
1460856848
-2060308934
388394199
609410417
323923915
1909538393
-1778060436
767742534
-430725438
1951163835
470378026
-279065623
1943540796
-171892731
1713064936
554003630
849225732
1489228861
-1303270957
-882132809
-1043712165
-1832189775
-1976333441
708771444
2049660208
-1463369449
-755992514
1326269292
1501084046
-98037003
186280373
627783996
515484757
736984130
-1812981845
656867040
-1070274772
1451292749
-1243632348
-49335759
1470079669
529354462
-640206162
1784354222
-1206664445
1387215258
-461800966
776523390
1305990984
-1421280341
1117959853
1028849333
-780476206
218451872
-1592594312
-1850785834
426841400
-1174351983
1758431846
1574650264
-1099034672
-346080378
1881152372
739676397
-619960733
-310099432
841954406
922962751
1666700579
-897732776
-1231999272
1518879228
391214557
229058032
-612345454
1957909076
-24725910
292406920
1119819296
84079937
-1920433557
94136683
-687490142
-1452651577
-900115404
-939569559
-135572768
-1546441859
-38067960
1018717950
1637187489
2098589515
687035527
-309616973
-43177156
-879292300
-1240559772
-637745724
-421870481
137808854
-1022026406
-208731646
468068463
-1539352720
1245468256
1276111354
-356284097
1925344293
19947290
1842785879
605545797
664741823
-1957364589
1099036036
861201433
-1435137227
-309104855
-1069199979
1412770976
1146951984
-1321826104
394352743
1532987481
143153355
-575311270
-797960699
-1312266250
173490330
-1436494722
-1486818995
-875651794
183946734
938301303
-2020183341
931749329
-708031402
-1307464090
1167179268
1451942940
-640741017
1243455931
1068907662
-2017705906
115060928
-1613574935
-1225647105
1395404666
758639688
1830749017
213811628
-1930163297
858711225
-555511648
-611018541
720578805
1294028386
-1611413517
824368899
340931721
-404902360
-1624729894
-798993732
-1228576757
1339089613
1561202467
-212768687
-174217498
31424116
-1668604903
1395452181
-1356474223
1891415140
-1422731531
2009931958
-825551835
1536941836
-856543595
1195113699
-1285328594
1432740422
1388566123
971965237
-1311731259
241954271
1614786743
1379025227
444086750
1512399959
-1350948872
999267127
1692305373
-820057628
-1057281121
-1410196456
-716004753
-1927487556
-841235450
169553159
-27791465
-53227628
-1349226081
1710872118
662907143
-776107165
1660275568
1171418710
-1222385231
-776338069
627577022
-1591256007
-527937380
-1013504903
-1272602104
1849282233
-952994565
-980739990
1743754551
1661177559
221439866
1398862577
-1275406062
1425625126
21949659
-1714452328
-1748526089
-34135190
-841179711
-982589948
1887168967
-1095831685
-1399244852
-1203722884
309703970
1242240111
459992037
-1392209748
1851244500
1735761143
-884949542
-2082899291
823662222
1041670665
-900183764
-1137136089
-1278340136
-685587265
-1755676889
-43463646
1231625798
-746790274
138261043
-1000728966
358127081
796682074
2146206314
-1531567350
1505797384
-2133073223
-443121814
252263148
-849418224
1693041206
1502122859
-812914186
1945968840
38753991
985172883
1282900614
-2021693240
543197217
-955231864
-935814782
-830564565
-1742153126
1547348551
-1350648166
-818492029
-544167472
410816052
-447154992
1570594829
1598013769
-1606193551
1954721593
1089506597
-963596709
-20841614
1962759684
-79251461
-398821362
-1418051375
-61958213
-204858745
-57893953
2100111966
-981726519
1839801018
-1116507066
-644561286
-664739013
1368583925
1530490715
1909447076
-830291766
286956990
425440565
-625305772
-1571366631
-103586639
-1357961613
-405171193
-46595526
-2069716301
-1451436993
-868662117
1013604726
1541693806
-997501264
670408412
1854259789
2077358584
-595810960
-1472024738
624155067
1801572565
83777182
604518540
1925839292
-1009623777
-473667595
-441471231
-584976110
830598915
1940190765
1826957078
-1901964475
-1663571601
1135445665
-2046752837
-128334613
85680905
1913702193
1507432074
1283581993
-1000447390
-2024413079
-1659326183
1542493561
-496752277
-786369054
1797474191
456658093
-270777305
1870516456
-1822069639
1370630707
-1296871774
1510846813
967773662
632499353
47556129
-1106161444
8039312
-1847275949
1406106010
692593697
2008587972
-2003650628
-25629338
-1841346905
21939940
515738970
-711702988
-349111150
-1624920156
-1973805466
-2077274304
591392463
1520010323
-780765302
-1275564091
1223132537
-340368269
-2091459092
-942988368
-1976761218
-1928532597
-986122646
-893465707
-1716302206
677711418
-225731289
-113375258
898462210
1046640271
1615737158
1599869794
1003119804
-1467008616
-718120715
-2130652982
-1820946098
-9014216
-1740144211
-455376934
-847897827
2126646589
-1230528329
-443069065
2036661368
-2064915790
839972849
214709028
-573021444
-1539049360
382788306
-740697670
-751899079
-585991173
723513258
1333883736
-1831619435
1303753098
-1253062354
-1896955753
749875824
185146983
758101044
1429189890
802654089
442795129
135570874
1928901
-1138776417
-1269398754
-365021908
-1867483741
1603492699
623374654
-1541280027
-1176144595
-1392096660
997344413
-2101687562
-336140752
-1596829709
1055169135
-1483551705
-2063377554
-1904222174
-1225247439
-1541862598
-1652595311
1023495711
-1005681738
1144435318
2035106396
-249488083
-1300232833
-499536541
490982179
-1121861619
-1882939312
1649676497
932271741
1938778786
-1957479681
-363102433
-1224834761
-399844909
-2006994546
-211546951
-1797254517
-1226951244
-2005174660
-1836685086
1724280721
-199527960
579761495
-187085133
-353611276
-166342592
-2099049835
1956807266
-2075281943
-1187092057
22619300
1396956871
1282093917
1183179074
260170304
-1196607716
1078802029
1701029331
-1968815613
-698085116
261999387
-658152098
-1563379902
-306283826
518451261
1661966094
-518342634
-16875014
2087626168
-327008424
301766839
1439698427
1762208238
-421309856
896485393
1199776574
-288548236
-1954391908
731169168
-730279318
102525960
-608224841
-896186306
-1999022103
1764781505
-1971826249
-559104240
-988926041
1317424008
-1268632479
1497674364
1558389017
1718404038
-1064451365
-1934825649
1490913153
785056863
-7899245
-1194491204
948525679
-1253842210
-523957153
-1354031177
-1032865142
1649927152
2042945254
-733583997
-1620900208
1264305686
-493570243
-244976758
1594408091
-1539275882
-1096035116
-59591060
1128901541
1216675762
1902011795
918288985
1138047309
1937298204
-1460745409
-1745236317
443334618
-696587352
1822642978
-742814066
276318336
1867903811
-410172437
214541162
1991648738
747090467
488138194
1675023332
-1393872168
1616896063
1279813887
2126427288
-242108047
-1045030399
1694223916
1111494121
-1528740293
-1195512774
-572377720
-1460974828
-1888883775
-1552209066
-598853666
-1513994621
656521812
-1228404272
-957796874
-1474820257
-697602034
-100556313
2077329979
-969522072
1267311891
1535567506
-804083554
106414088
-1268647910
-25088080
871315641
1055117732
648544043
372036995
862299702
-1194807243
-138411862
