-2084921927
-241866235
1476795941
1168506405
-36387962
-688821654
-484851957
431632051
712788521
-372901412
86061450
-1475611358
179191092
1990188319
1368221037
1173689668
-1975885024
811610346
-1757217832
-1372650128
-1094075262
943278863
1052539804
-438915522
-1989066115
-348780065
1177220813
-410656114
1846384759
-539216437
1585640850
-264383537
507225359
73455950
-1930642885
869140093
-1433582002
602911498
-1947454824
1863813867
2061014300
-1644878287
-1744426360
1849982530
-1183618060
-814985946
-772959280
-1744300087
1544824027
2049512035
1973221165
-713308570
858505869
1664119708
-1351785813
1953636964
-1524827910
-575712476
1199401271
-1604274314
-386479888
373455760
-170915981
-1064441093
-1685019880
-1471628903
1337229769
-247430526
-2058271194
1864511558
-1903849534
763530897
-439825332
500058954
836724888
-538853982
-539386897
311161770
-917404407
-21800083
-458018916
540404387
747252334
-1543339924
-1466111683
-833655095
-1840835829
246625692
566125703
1767083891
1597491111
30249088
-503972682
1494995542
330530399
-1534063766
1353021820
-1453781137
1793954487
-99049987
-1687677130
-1167874266
-714020111
644372973
-735814048
1297512112
-597959007
1753059336
-2095088053
-809881932
1616605825
-1568882310
-874569972
389869617
-671220351
-1449074356
788651703
-280210530
-907900126
1546627629
1896213965
-1624883630
1909165828
-1674113931
1903722226
962013734
1357954493
111474790
-293601821
1273152344
-212525333
1335560372
-1453440602
-994180943
1654893708
452186439
-257479166
1326455274
342233996
2064111166
-1078233039
1965162572
-225547873
-1004769481
-539065644
-1220919915
-746197936
1757878989
1899595046
-216179422
260054362
791938657
411922804
-1194769590
754110518
1491521053
-1804054836
-243001593
50920693
-1434928842
2051668468
-457334309
1743744079
2135422576
1236238749
-1530115600
389517563
-499147545
1463521752
578620033
327033408
-1458014965
1665508041
335548025
1397246923
-1225863700
604036761
-399388327
350455491
1175052983
-498666831
-1260721570
490827802
-1686793089
1201815588
1535043042
1535782950
165116993
350625644
-1762340606
-1279965329
670341409
307964760
-1165337728
-417213238
-1695736070
-1066350779
1008514027
-534468442
-1870124779
826561675
-1415544323
-837568091
-884910793
-1017001158
507814723
398184046
-60388640
-332879354
-672035325
-609849151
-1464569134
-948211329
-845054375
2103672267
1304715984
437198468
-2077503070
778758075
1250345383
-283944967
-2082458594
-580879212
-953079951
4408247
-1342929712
-120797628
-1581793768
-470141244
59937705
-939829258
526231065
1055306947
-1551819291
652221604
-1168088182
1370059438
-1657426765
1709865711
8296285
-2058006335
-1194116581
902193714
-866481946
-1616871495
1030995996
2121831636
-1531100262
132531518
-1671883244
-96156707
835144984
-1273228387
2055454820
1822511051
1030240109
-1747720007
921998931
1835385510
-632908909
-1567545277
-1329044942
1839093586
383125563
-850107096
-240459839
-683662813
435261644
1821757003
1628486865
-929124682
-148100950
-349359500
159285290
-650303746
-1016437061
1730269063
756841134
-861775971
175885606
38494456
943072958
-361224844
1418907997
1766924670
21338587
-2035005315
-890838947
1663742982
219278480
-770613289
-1648630988
-1525536790
879869072
1610396450
-1212217405
-1709863838
-290378470
-1936837364
-1285500475
-311834822
-1448277596
-2006607060
1523628047
176661189
-441782601
-761225458
717148697
959923985
1225825560
801881230
256661948
-1120038309
-40183000
686817641
-1713633987
1688339653
2010548365
351650320
973045129
465253189
1084540944
-105035840
332362946
-1902447136
-1849859128
-557069362
651174138
592626968
263245688
-1166257081
-497279171
-216270173
-937595595
159991224
-1951661356
284617053
-538838964
-2000896439
238097608
-837877634
894515809
-287109616
-983693403
-1503564273
873033435
-84156253
1600168831
-1509493607
1700001919
-1789137937
1056681529
-262608864
-15184549
456800327
1608553476
1496614479
246889700
-2143201857
417109030
-450945548
2060579938
-1569844549
-1843038724
1782626733
961701260
-1358264382
273549889
1230127587
-465505426
-1792177001
2116746384
1442269688
-1706194542
1477700234
-579552985
147520700
2108719455
1395253259
1870359277
770366500
2137651643
-1343174273
-1190242890
-1740552131
-1406368520
72745814
-1089990460
1333592413
1034572012
1003313501
-2147129968
63052188
80358753
265459536
1273288394
-772535934
-1178856272
-1030025549
-150400097
88071169
-1539630425
-235330079
1446566713
831038885
1254417843
-301906844
77272203
-574113015
963450427
1478537351
1207311950
-795518324
-361414583
290206250
1413847878
-1289372347
-1036493969
-504000812
388644553
592560947
1602407656
1507078926
-1175757439
-486428999
392065020
1233034478
-705018256
-1111252152
-773046103
-510174223
-664557516
331275101
190549119
-64374258
-1264875892
114280878
44617163
-1174445561
47481882
-894920289
231511287
1618581249
836469866
110412539
849683504
168677719
209513010
-164256545
-76832439
489608362
1997075931
-1585882119
-1624243745
-932670660
-1092548545
711739378
15013308
-1207537026
-464532044
-1801915352
1547195264
1862321383
-91581111
1152472992
1023888254
-882406138
-1562748849
-1284005829
1056892131
1129176538
449787418
-880018138
487508253
-476418975
-1438029815
975707287
2115871097
1935091310
290386370
-1507307339
1141967630
-849157441
123048386
-2108846121
-1509530407
1426423374
-769870316
-1230846991
751295529
-1055393049
1504409952
212016458
-2091164867
-1971883270
365095975
2036751474
-1690354134
1586689714
1867853388
-1678555277
-1362955774
-1420712379
714480853
187153990
1646780978
-544236147
-1673357326
296297096
2014926892
1480951000
-1962433217
-565770643
-170905275
1062722299
-322768314
-681224460
153194207
1263029421
854227783
-140348068
-989469494
1473555729
-1711187398
-465505322
-1172829721
204759956
970719764
-1037833861
1449275150
492724985
936798793
-676851328
-1127686095
1859059121
222490258
1737697703
-1228770367
870722415
-343873808
922108920
1963691088
-462679044
-1063896081
611778481
-605056905
290648903
-1692959953
-1774264966
264649977
-123032897
1323184159
1007624924
1018541352
-1037331483
1841661196
1475018996
735753607
100886556
1419866202
145814115
99536048
786977219
623178256
-1172863864
-1298219401
1277393541
-1112529511
605093873
37844304
1904585455
-800642104
467444749
1338123757
390975298
511652124
-901551577
-2137618133
1681028490
423564357
-1075215473
1388597294
-1791190802
-184192794
1769801497
1132934858
322129482
-163704164
-719486517
643520548
1228744186
-649259969
-941662511
-901404263
626349816
-678023321
956914356
-194068515
-830470359
-1171587023
1205433803
297943655
-1618328333
-2077015741
998382065
2139599116
-1126726126
-1630649332
-1696110729
1125081066
-1584939092
-1235408560
-1515201188
-1260860025
291400610
169450979
-1581592389
-1572489415
-628879576
852828084
1782736772
-62943289
1908479639
150540045
1343621742
2003516496
2120882817
-2069884904
-1347059156
-706659477
-31268346
690323620
702821342
-1726047601
1964947045
-1072691671
1489973450
-414884427
718920661
302544905
1448611147
-1224131269
1454457749
-1344361960
-893275383
873455115
1216006978
1035066206
1427874409
-2141591556
-2003722904
-1754608357
1939560263
-524509577
-168851622
1544668682
416990434
1221189469
2032490565
1164641770
2129534231
-2013352920
-1248748157
1055419705
-1447930158
-588340912
-2007609300
-1968743102
970532801
-576389137
1132677107
-920775590
2035180873
-858116697
-1527478482
1217137254
-488767299
338087619
415282230
1081414047
1103172301
-1840521572
134566896
866598809
86747708
1010395709
-1146906197
-1933057408
-1621339691
-1644965558
-1067851731
375654053
172589471
-1609453283
466821128
1682264120
-1793560753
-2054496719
-234424527
-661377705
1615589885
-298643517
1020925394
542942279
-766415589
1119953334
-963107746
-795131392
1845294754
-504491850
-539134234
-78910226
-538628979
-1320872800
202908075
-347299851
-1851626102
-101679839
-1305656589
-1031646794
1375496431
1080374429
1783141920
130976784
-1840498198
-1215754927
-1012292611
-1639417879
-1157070340
453917883
-425515941
2098487598
1054095016
-746542792
-1388944164
1801516823
1673533031
-551031313
687720718
516017327
1895430366
-810862355
-592005189
1200807315
-1155240366
1536321425
-1813214850
1065949945
1313104475
1318192426
-246723431
1582318836
148485591
-1304031266
-851807738
525767669
1804796961
-1529239603
-271796277
-1226115435
727451523
-1437070219
-1005329262
-337975407
1804161256
709200983
1555835000
-1039589356
316360406
-203076901
-1682163932
-96032196
-885153894
-361037712
-165384420
-1471408170
952617668
-1641670409
585671251
692642156
-740950571
2011550817
-584756219
-396676734
-1957046218
103566742
-1457881145
1789042715
318558828
-849310824
2082684377
-1497062782
597552266
319684840
345168062
1273082694
1331122150
1568808232
1540696078
778466949
