1893208203
-1041481939
-1900299495
1496549701
-1581444607
-463484366
1867535544
-1451194969
-278439863
115418672
1693033111
1117310422
-1305211272
2003381819
-236419120
565345965
-765011502
865849529
2067007235
331864133
-512130620
-1383609787
1374989671
1258802550
-1582718185
502049493
-1724703966
390170526
-1798184349
-1795585762
-731497253
-862068064
-1434496575
750323766
-676132212
396764463
-418710076
-1400532101
-1133977700
1472690508
-1651845720
-852822861
-1318928340
2121722124
-1007918388
-1073174412
-525918288
-921574497
-423689379
-488991546
-417006398
584289933
677026900
-872151546
1241933362
1123510081
-1872038239
1653806604
201178465
-1515849525
1018641320
804315536
-1250670130
1154525665
-176143124
-644534327
1372975601
-1259477210
1715974921
-312840106
-1415631545
-1059639890
578617319
1031353185
1569686446
1411299777
2074935340
-1342144511
-1565250062
-62202401
-2019325966
51555552
2116266919
1405175300
-4839750
-511402211
1199333944
-1794331859
-1972752737
620204915
-1614440128
1993063194
-1525187890
425973146
-1670158312
1614821460
-1756583627
1955400173
-1186764624
1617008241
1691401082
-801182388
380715938
-171534698
-1872145618
1253814083
1059023236
1223534652
541850946
1538476651
1103203709
-1532751305
-661372743
1873641232
1562096922
-1513609228
528442526
-565816300
-1128140446
1017319170
-976608968
-617135598
1412568359
1658509523
-1164201859
86338757
-1805517666
-1849297726
-114495037
-1043362133
1613904434
167067223
638686397
599554789
379468948
-564515894
-168525916
1010129249
-176143850
935518405
-1493703500
2070217018
1045474617
817768814
1409071833
-1171778210
-55734652
177578404
1830587818
1135593329
-1108314218
-500396920
366729366
1523803376
-286921858
-881450946
-280338084
1443566233
-2112159670
-1407301132
-39172672
936401418
1533740509
-299094494
-309481349
902262184
1036011014
1377167635
921069938
-1445050686
1805136333
-1456385115
746698027
-1950547467
856461327
-35270580
1327380348
-1867178543
1881702732
-759208868
-1812935292
320044988
-177640257
1556324743
1112052447
-1315740906
1605970606
1684874147
-1705933291
1659803293
1378877443
1136305840
1392017490
1382657043
1942109980
51050777
-840272804
-150929890
-421092898
575622714
-2116802368
1371910254
-1098927856
749843746
-609820337
1464340004
757320933
-765085799
-1158042680
501148274
-1450923302
993355108
-1427749930
1165092734
-311403326
1690128327
993772092
392611723
-906808034
1030633802
80776014
1689267290
465771698
1637055936
1113600162
519989454
1553083732
-972458364
-990299641
-419870514
426747398
-1791009019
-490075722
1182004078
154897479
852786565
-1067757625
1761233744
966954661
-388459491
-1573273370
-517377720
1113390231
-1682711036
1727530054
1278954814
784656265
-147120880
-1433596715
2034712920
-1299922633
-1934066821
-1549643344
-1925682344
-1201599682
117065194
2091424216
-2120476606
-1355486225
-352009813
-1530835162
1232162369
-2107458458
-770399426
1928694908
-162754358
-1787370533
-395056874
135486269
-407813375
-1479764937
209395360
-467872770
-2135667620
1240021994
-1238021244
1522275965
454157190
-1271086853
-356707542
1642745041
488285061
-750659233
-1160918913
-30986781
-948285666
1356534927
40598008
1669444380
-1289951625
729705044
1815165398
1233778015
614265598
42623716
-1106958676
-1521523399
-1947193975
-247649230
-1830422498
