1664456335
1401169812
1756812478
-1808786175
-379898757
1562319853
-1069039031
-1616808198
-481693232
1910366702
1835822745
1406254327
127147233
1650243299
3777798
-1397194191
-1306395810
-2040479964
-244818058
1500687676
-1417897718
1935130815
1603769910
-512725692
1516916144
-783915948
1362802956
-298401894
-1762054569
199172160
-1345444468
1349863790
790814132
-1132842498
-794022230
-67532322
1073246175
306792905
-1301116528
1997842479
972838217
-1498952572
-191810638
395928153
1463517421
-1374498850
647570974
-1511268408
-2062139962
1365390513
527591960
1710582881
230451072
-795966549
788947685
577396674
1567095410
1726312495
-664510233
955299022
10235594
1783178621
1412682218
563746152
-899771639
-634076657
-190274884
-636723587
113433010
973251910
174302722
-1730158520
-1099346371
-1164479674
-1779297207
1483398864
-1768217262
475984669
-1321436837
94770869
1945050163
1907764010
-1872321837
1481525804
496245625
-978296900
2007458803
-1188881848
-5844734
1239078905
1421361845
-765218694
1850897705
-646083328
1810522655
-374473637
1678520120
-2011879598
-336642597
1768786344
1572588826
1705307757
1161366278
-950848884
1418445396
1548062393
-339750328
2099196453
-1035623882
-515909208
557160228
362502977
1774160205
1733354519
-1954209648
1765504871
1278355995
-240703750
-2061748536
1488327198
-1114214135
-1644263879
725314142
1883780201
413463452
1648058836
1871886485
2021315728
-973037849
-582806196
-1357668112
-1452736987
1958304064
-304969403
760643589
-672008635
-873821386
-1694909593
192562070
-382541794
17089474
-1293066106
-264057887
1146594738
-1953436741
-1135737598
1051430454
93006042
1227799695
1846955887
-580301622
-892665716
1651994159
-1051178633
-1104218165
82003552
-293023669
-536096001
1681329076
2015049807
-292797761
598647688
265552097
-1050430786
-1211088564
395869655
903848038
1113900730
692221578
-68388392
-552971749
1222111365
864258589
-1321563969
562608123
-529485231
-659743193
-1066231952
1622092462
-898787509
494252029
-2130906335
1861217123
520610522
-1478143972
903992380
1084890851
865628200
1669948765
-2061225079
243590627
1487701473
1464135528
2014465420
-1510791527
-1246911943
2025716838
1922070571
456252305
275481396
1010845178
1485385364
316406720
1309142817
-1594349199
-1510508707
-1219735591
1421345126
-1209503945
766445804
146196703
315031427
53515660
-950546408
1130900474
2072181328
1650496120
-1807172336
1597253518
1987821449
-1695399684
-146277765
1258759562
-50274420
1758457225
-1829440800
823291645
-313275552
-1789741643
-268253112
1214149870
-1362145543
43691820
95429154
418927212
1586883513
1087244772
508786021
-1918051357
1701631802
-236215916
899754747
982831025
-1786666422
2058400358
1489193053
937098232
238341174
-1160207125
129007226
1029598645
1961084491
1878598990
-2052406563
190840081
-1471075431
-1683228212
984340238
-276051209
150089978
-1696904093
856187447
-2119924762
525635922
1478253513
-1007124214
-1054901241
-1287620073
558876575
-583077918
442366081
-294765549
-1736578074
2014720808
-1474217460
-1797274520
475594673
1679647223
966532292
-1620434475
-181015780
-764119293
1214144831
184261175
-622327684
-137213002
2021847777
-1393617839
-973388585
-564354661
1783349102
-1970939441
-427076714
-1716724225
1407906784
195884423
1940777337
-118334507
-438128006
1740878338
1800483530
650999770
-1855875556
-1569915845
1523513557
1653390073
663983833
516796070
-1484248426
-987248912
-2008800314
1161169011
1138998452
1542056242
1588037140
-2108369645
860296366
1970829327
-1175527071
1542916090
374174547
-637575663
900425034
-834744153
1122439799
2131785641
-918911932
963209953
-1319114269
-1318541557
-1363262548
-68473022
-2099687539
1687667285
-289277669
1260234745
-960436472
2025242614
1591544063
-567038518
-830303171
321504589
2091547239
-1209806503
677012827
1193409424
-863669219
2071565480
-821647349
124604143
-504891655
-1241368354
996777448
-480216072
659188084
-732814262
-2110946258
915017533
-499660677
-554949466
695526064
-324846797
-416050811
-979103329
-993241585
-1558337444
1699461607
174756756
-147699416
100377512
604129126
-45608290
1063014862
-1466806504
1423924749
-949415472
-525785927
313243813
-1649027263
142506687
2125026493
830012255
2125575698
1557699908
957894974
539152088
-2132210477
1540089728
-1782425629
1070147778
1419585516
1499109920
-1804907127
-1331112746
-354217491
-737215263
1637200506
1747461879
-1303919385
480630614
793257438
-1208341609
309697783
-1730072088
1776495728
597293657
-2061115358
1909957406
1644179061
-1051324680
-1006473368
2023009567
1718477034
624807014
1355347219
1176694644
1777176060
1690406456
-1874713521
-832491247
-1567100739
871885888
246734335
-1014004075
-66611180
1736512635
-1499050291
-1013835568
-724433676
1647009581
-701146493
-1682223226
-491259953
-1576369846
-714020711
1153918066
-2104975027
-538640104
233694734
449815181
1614457401
200397073
-1831137157
1419498895
-1267120453
236598541
-1507991964
-1357075019
772982988
479352224
1139087569
2101484485
-1835440667
-337828416
-2950628
-301143729
-1185012743
91651755
782886413
48959796
2046370214
1890096647
-1299968221
-1016947604
-1424904794
700461642
-1487954636
554108675
1112269195
-383434405
1456351544
1676767588
-496454741
-1676429959
267362912
213131737
-1275022248
-167064484
-632426387
-783934895
-955192748
1523000473
890234688
-1360279964
-1558936957
1593722186
-1513136212
938345876
1071466210
2019064813
1770490259
155260374
-1106767689
-2054146932
206424880
911286864
-1442207222
1550594078
-2048343632
4356706
-475803053
-423871187
243152648
642757866
-463906188
-808036680
-1731583742
-690994236
-1116501015
-1014215334
2078145943
-669631601
-526758083
-1804575061
-1500962684
-33926218
1881392575
-1144955163
-545274345
-925277522
894913141
-541239094
1348468553
-46736772
1848315473
-542914619
1947257617
-999552646
-658324574
765382735
-1679232778
520364889
-597095219
-2141381996
-1882165018
216094313
-2061196740
-2036583595
1567136838
1044869399
-2086313067
-797075697
-1770771382
-1750279241
1179961391
-2088842403
-126228091
-1996821884
-48733503
948906650
-2077116221
-1410151452
1460431964
239355338
1140138262
1291622127
-1553495398
500695226
-1838571730
838483506
-1005042409
514444389
1596742126
-334468433
-725623264
-1146182760
1269566523
1341358888
1119191722
1993453017
802633750
-462986340
1039664518
-1711166331
-1575880980
-2071688943
1185126865
-1295673800
289930028
1933424020
971260080
502596720
1076139802
1271746686
-1414209987
-740862092
-154936094
-1218312456
-884594244
-1414089614
1506618352
2144760000
904391953
-819838489
-468140162
1639431468
1526876022
-756201917
-1207496082
295414895
-1034688664
-1934684980
684338265
-234464998
797274082
157398209
-1756484633
1814336998
1114733773
855396035
997171808
916972464
-2054948170
-1983452048
906204291
-815971388
-2104834623
-1863481775
1813918870
1172859485
1300022237
113302517
-1656575554
882972012
1264315960
-161303971
-436766576
1881705368
-727056907
76354714
1138778343
-618035322
-1506889700
-772113739
-1590180617
-1173023911
189387986
-705758514
-1467028062
1859328124
-369451575
-121575289
-128073718
1183164318
-1385635847
1799456418
-446711706
-672514818
-1084998513
-1832079640
-1941619175
-1210809112
1318610213
1557173324
-1944214272
653419646
2016735028
1175257936
72314891
-121550149
742025926
-606354264
-801527537
-1147597387
-270159761
1590298140
15884761
221304865
-1253205379
2145709490
541307525
-1169757412
-1500078738
1671019275
1212795153
-2091108312
-371002462
942414605
-701899220
536942452
-210939823
-1194618430
-847043756
-566190497
262622654
58400383
-1833435617
1217157695
-149681492
-1249083832
-1254153001
-631082147
-1138054383
1923264626
772894796
-2029749180
1880338441
-750411382
-498960666
-1103793861
-523281651
1682645109
-467712775
-2057720818
-1316843420
1844937176
-418396579
-4468716
1468722393
-621111879
-1993558724
2070278766
-1009646931
-493628570
1917133357
1764655756
1793257935
1215487893
539748738
-225659147
650432330
-1231564596
1826007517
-1899986362
-154169346
734582275
559747081
-1223273349
-1026004334
-630643833
176196614
-674288531
191751336
1775716896
491897701
-860242533
1470824274
104291446
-32877354
-1777226196
1840002757
1508869808
763805951
-1207553740
472402252
-1486619555
-600470386
-1516666570
-312870529
451502231
-787615855
849280745
1418149812
-760017819
2037491204
-659163073
1262853812
1727321953
1761785259
1820023714
1499631537
902186650
-1213252318
51174272
1431452023
-959494725
-2050842574
1352418825
-361371934
279236204
-890460827
-814082761
-240193393
-1220664841
-1692116773
-538281202
-1362489898
-699303633
1951778910
-1400345051
228212983
233918093
2133257396
-1725007260
1935266450
833726107
353457205
60119566
-950333348
-1389430124
1272144540
290757377
276415248
-767121076
-1022019039
-1628318660
-1235644510
1609241165
-632643130
1399795618
-577980486
-1837383870
-1147372303
-1684911107
-410915488
-1976811623
305768506
1546173252
1104096755
1066048099
-1474801786
-2095079136
-10823585
870349437
-1238494892
144192940
1078162062
-1992787723
733381462
863711356
-159788514
-696047195
713354307
480862177
-737633195
1710083620
416761579
151515242
272585041
1077334751
-236068213
-1718933332
-1851369853
-2048230782
2131506274
1498062150
-16468898
-785097828
1069330052
2027299103
1226275658
1184404609
2071637997
-1414334991
-1541012513
1387387250
226681304
89981195
1402830415
-180371205
1455134289
1184893010
2106688802
-1465716068
-1767113719
1993948040
-811161815
379263915
76692329
-1762554416
-1647895380
-1443574152
-99233559
702915441
1280383973
-686575695
-1961576287
-1330096166
-26115918
2099746312
115293983
-906420251
1297398661
-1113489390
807373691
-1479029665
419642270
-244874126
-421054807
122908872
-1621243780
966074422
-1926331378
-945130922
-201228656
1854375808
1857425237
-15858881
-1407032525
-1446257559
-755694718
-1057255880
1055310810
1082093601
1472933702
1338168888
-591604600
168850010
-1756394859
-1108881791
-1446559357
894415590
-1886846603
-243568928
-1609258934
-1985324642
-2123851751
-344520654
1629563845
-1100171130
305740846
1272569130
-631203906
-329409490
153802611
1895891794
2038613904
152288858
2128836495
-1314009009
1510687773
-1117962523
1213898526
-38840472
569396485
-886356255
-1376775156
1567079241
1837416723
166869507
-1930379482
212752387
-1489790469
-728688066
433156334
1176242518
-590680254
-1881603667
-175071314
-1059122893
-1384139651
-822618443
-701664561
-1459068293
1488103101
160931434
-499929238
-1055108083
-1995301559
-122285775
658594335
-271777793
-381963891
-1991354969
1818501669
-832253142
1237054035
287901121
-2005276254
-1345580821
58299952
-1597709772
1805713213
-444838104
-528686784
529324055
377085168
-614388079
-1227148779
1807105221
-1010466782
-1646931160
-1046877716
929850376
-569856268
-505224958
-790944735
1872557171
-594690341
534315342
-1998982940
-536175090
-2036092818
1738552214
-312277203
-1434314952
714257536
2094296901
1892819436
1315406793
749432433
1934383464
694910085
412134006
-1554544703
1798247096
-513006981
868392057
73885925
1787453912
-1801255318
1852814193
-817747107
1772797402
-183495622
2092763526
-1940252410
-74777337
-1910132079
-995831856
-308720468
348761055
-1759746167
-8575239
-1432401949
502157406
-275802973
1988189728
1205965334
162078080
-912949766
-1049248768
240039136
-1453597945
1223954619
-2057554351
1664362906
165873019
-1288233772
800242542
-1826812876
-1669174670
2005136875
1729753655
929605448
877184273
1381085073
1590531128
850734444
326246098
-1880332105
1162200586
-181652537
243857543
337468000
703271417
1149485542
411205534
1824038296
1480386790
761268944
-871214171
460119204
-765145745
1777279831
-281632752
809526138
942574924
1566132656
-1228566982
-1259715725
-1811927813
-1976200634
886133673
-1326612930
-1275958881
-52687414
-565682026
1380412439
2077553957
-1368671090
915108523
367120697
-67645272
736879379
990613518
1762416273
-1304073962
1666552800
698232478
-515352141
-1244702189
130777749
1112935291
-1125300207
1386871581
-2079099841
-2053933365
1155201385
-619635984
2143674604
-2132338757
-254624385
-577598165
-170026366
-1651610428
-463007476
480341555
999984332
838962223
-1258476042
1287602518
-364385579
-1182930726
425388736
-510243533
-962110087
-252567748
-1947296445
-768419238
-1295513800
1550519973
1638266014
-549504977
-1138134707
-1822244150
-352059798
1442884627
225949182
425062785
-478819534
-1240355132
573537333
-217247544
1860724257
-659022844
407738448
1414678795
-694545411
-176408456
2048353844
-308426842
-146010796
-91246125
-985255768
-1848232537
865675252
1726086451
1320237535
702240473
-1064754273
162641866
-1086899882
-2106780419
1069518335
-2042565183
828465888
1096907610
-48205353
608987992
742869758
-851417480
1823753595
-1656456111
685522036
-964432857
70765697
759676302
-1606167784
-1205289018
-1990467399
197584120
-1923813395
1042945729
-444311975
-1933401181
-565224849
809029979
1897164668
-419232209
792306480
-1917457491
373985997
-138807439
-1096672349
1643412205
1033124223
1056491857
1859581751
-1924678925
-161593216
-998578187
-1437144665
77983737
2130004205
130423582
-1669540208
1727078562
525087687
-1547503150
-1535220157
-1199379395
616023271
-621382597
-1845586980
732496202
-887650001
-256927793
-990738285
1536423996
-1849353214
-2096434768
-139962287
-1894607232
590694389
736047956
1587835782
93306301
-859963706
-1984103064
268689977
191466333
-206611316
-1603930895
-933323680
1864133708
-585291216
-809662796
923177841
-953865984
295277339
-1552417576
-466271944
-450286152
754516528
-1963799863
2055393259
1982108423
-1086170628
1508586334
253702011
-1924027757
913177644
-428430019
-755586004
410391578
2076791871
1894951294
393271911
-1401053514
-621028996
-438853490
-1928205362
-385123743
-150619099
-1045067435
909361553
-718373446
-2107657749
459153051
1703759871
116229128
1441174949
1772328615
-862705825
1596794751
-2051748292
928559401
-1305659903
1673550786
-1900629782
2074689369
-740354161
1317645481
2061914787
1957726815
-1274444376
1252730179
1743682770
279264245
-2083865170
-601939170
-1413760696
1833479498
-663425057
1660197317
-1887590031
667009065
-1341977694
638421641
1661607112
-286677414
1058897187
1776727172
1404476044
2039692104
-1019957215
719044826
-1043049805
-4467741
1430285318
-3444926
-1035621857
454994119
185621815
372475588
2103694863
1603419805
-1223991379
-871067964
1423850200
-1876332351
1040211652
308909118
1050968531
2038956581
-779821485
-318734510
-561538407
-1233856396
-1064664836
1178844419
1515002733
-407747206
-258596924
525222203
531870969
-976813374
899172069
1655645458
1084140861
1625867136
2114989026
1255302479
1116313028
2061729969
1377792220
676889902
1388622104
652665728
935741732
687806819
-2079474825
1708487147
-1041968367
-1722253474
-1021310266
-783851098
202881810
-1968093999
2048014789
1043150143
676559878
526779246
-989408637
-1608743038
495112394
1523889397
-1189565420
303278366
-308139245
-884948115
-1748832382
1462170760
656098174
-609134159
412088320
525663263
-1782507803
-163203027
-405175707
15529616
486401268
-990670359
1998053336
667225467
-741735429
-77613625
-1729814585
-550210986
1830526469
-658405368
-1414240996
480206225
1777117992
1892028436
1233967794
1017207803
-1242186466
1047502458
1142618885
247762531
722563092
1211846452
-899539159
-914702462
572888258
1906699312
-880572163
1811379224
548169659
2143155211
1336892576
-1411884716
-657888763
-586626785
-1733870302
-1283738248
-327504148
-1730327361
1568768126
1908063933
472953618
1203137217
-1932054840
-155714445
-81522485
-517711556
1282818210
-1580198292
-1050565209
355176594
-1051406092
-1396853094
33226063
-1303593040
-853985829
-1108909833
-1538124396
-144621420
-615107359
-1713871452
-1890267195
892064015
-19282321
676614485
-1645370560
456496075
-1570759553
-830046229
708076875
-561275504
-2031886187
-2084194974
1245919780
124883650
2145377519
192798956
-1690238122
-782100178
-1838840581
-749703586
-1636573363
1593713157
-1037102840
714983883
2118356524
-1911009241
-687136448
-693044882
-415445026
1998192293
-664069163
-2031062580
681840491
-623662207
1941748347
-586840038
1245114252
983747255
1070234389
-1071765797
1184992384
-1661778560
182839218
-1904039731
1294305056
599992789
-2040927814
-1611399675
1312697649
1882410545
-1898800028
-68911271
938365689
764931483
-1706339733
1524634621
203010580
606633955
-1391872
-1734439568
1595203975
2141082155
-1740598783
-561685096
464796437
-318397527
-875124885
-1559491797
-2049752623
1023232682
1849428493
1674119249
299064820
14493145
-1814679170
-467480697
-1876295184
1375460800
-199163055
66808518
2097384644
-1898923377
-539693178
-1637168924
-1367245422
1379308060
-1913790397
-1560378055
-1519399826
2044793387
-1425739581
-96729724
95845496
2053499630
119152525
445387280
579451692
89103822
-972394519
998591506
-1750327048
-1329073044
432156303
889005653
-230955250
-1396415518
-1040036447
-1818409960
-641915269
-276897715
-7664676
-1338678730
-1163889544
-1230379889
1995266825
1876962951
-140087296
-596200879
2103949752
865317254
1148589218
-1418654138
1061844016
-1139003853
985982616
1923349687
380272801
-569729990
164449303
-1062256070
-1310102885
-1374805931
1858119656
-2001883964
1997275587
-742250770
-374863562
1934125282
-96419901
1433470215
1711244458
-1319901373
-1366156926
-52083874
-1366979916
1513081
-288346219
1516369867
-243740885
1780872448
-1920953868
-109260563
454333977
650428286
-1403385104
169523205
-1195083313
-849789108
1237165412
679095585
-1652163010
-1497105099
-872586710
272941436
1618969993
64183420
-1705750319
-2108468188
-1623623211
849273379
1098579852
23524573
1449115747
-2068239254
-1593936276
-237858491
-1547777567
705388181
-1909509679
690999352
1804653564
-938146574
1289801758
-939802763
258289721
1199027482
1015703211
-442615935
523543557
1919282806
1558360575
-500622901
2060662282
-1845428475
-2028825282
910871824
471923907
657059931
-884237088
465673216
-295648686
1359331564
-1523091293
223599138
-164327023
548760970
932225218
-1356139788
1026392166
1925615404
2005113447
1571669845
-1529001126
1676251376
-696545443
1004076327
-47344020
-741948830
871640329
-656792272
-1851136221
-425997826
-1944715622
1100798784
1185328098
417283059
1115797119
-867744615
1392567423
1203788073
369236761
60133514
2060926997
1513437829
-1323070798
-1797628067
1414972441
-928387989
-1741993300
-278645902
-826126165
-1316536700
-2049436163
-1385803605
-1099065810
250629056
1895341786
-679105013
1012486170
-629014882
-1132726350
1930485145
-337127152
-691006038
-177531043
-1980494198
-914461650
2014276679
-310776683
1491635614
-1778866268
638946222
-1731087196
-1905170487
-912710521
1037158454
1906149727
1781338902
-1313130523
-1075548459
251484754
572408264
-608751336
826066662
1452459324
-1458814014
-1550079649
-1846612948
723419581
-667051480
-327960406
1912522006
-1629727667
232104261
184230836
-1813145276
-1732854672
-1572309842
1881069399
2108427337
390779431
-1461292632
-407288549
443187378
256378537
1672674246
1591702799
-1361172665
-2093040557
-1345296426
1158471900
-298762608
1286334940
-1610272515
969501718
-868661606
4144332
209509409
-431616555
-1846137605
-180588754
1143549318
-2061369468
-670452462
1219478660
1531876539
-1420589832
434323
1949884922
101774007
-1320377916
-177513406
-324110881
595861054
-2077929526
-770427650
437281360
1477823113
1629096725
606951680
-1352310987
2069672997
-750336282
896346468
24921969
2008234011
1500749836
-924606487
-161970859
935442768
290054264
1177799924
-1215016364
-1317046226
731719696
1926803930
-1619345923
1031192708
1541263043
1818688350
1044820005
-1903980118
-662252579
366043256
-1575789981
-2012076823
1554706075
500017496
-1008874304
1096087065
1089049602
-103505239
-1782668881
20984458
-1655831060
-132677350
1434318138
1402122791
858242915
-144082663
-1710023810
1360191192
-284372431
2126810849
-440087975
1185426984
1294731703
855433911
548776545
1717571880
102622973
-391774865
1005880087
-1795719534
-1245656566
1851908405
-890866084
-1804567760
-912401290
1359602313
-1017839837
1120748670
-434532035
865963403
-489642137
-914292338
579587541
1357126520
-1112233633
-121627093
1502154881
-1871627148
-131665936
-1881623487
1164388327
2089171337
255011427
1935517563
-23244832
-699092241
-824776873
1098209070
-1958164593
-2101838195
-1262490887
-297334155
-1306774348
-690853185
501036145
345012892
-258906046
-1304041126
-101292385
320806849
-509978578
1618470636
-1820030970
1837048760
948396681
2068664903
-1371386360
-554950865
-1331286576
1422661696
865691475
816710930
-2038580606
434739124
-327845477
-489758672
-1597933069
-1946299957
1801242249
-1514387682
-161579424
-134030720
-2093372430
1060219483
-912058302
-549696160
641692492
-621354827
1605530855
2086324881
-1341643683
-1160735254
612045373
518766613
-978301132
1589018513
-142599184
-316275888
-1450114723
1631419450
1244857784
1848114887
495409743
-1839071020
-157550869
-993757142
1773957929
650213455
1239735129
2034709140
2111278493
-786990719
-1018942120
1466626320
1118813740
700315469
-368980707
1095671135
1647412627
574476034
1579252045
-254830857
226495876
1273977088
-1142702893
-1031049649
-1784611687
914415521
-66624013
-1590980519
746395013
137568341
-423437665
-1866357168
2045711756
-67486962
-955392503
-920408653
775783988
-1682721825
1950980985
-1616704368
-1477216707
747137759
-1159853472
342500869
-1713943091
-744772013
910229420
-763350269
1308504559
-677983477
1900839005
-81042603
1340975934
313704204
302983511
-1704621344
-2002484259
249033327
2107293818
311942956
-142667607
1820727944
-1677573393
-568948446
1903843762
-1951093943
-1510341436
1830620951
547149286
100563688
1906423227
-1550263543
-964514290
1500609472
-467050658
186605863
578206462
1166389364
-1350586281
2000792214
-597642488
1313652313
-1756813059
-448313230
1029978801
-1088568811
876936498
1484190482
76795047
1679248003
-1170358421
1773361552
886418673
856399322
535898383
144106887
-1337435288
-821449459
1127977989
1570862878
1750546789
1744263539
596179336
-189309627
1602705083
131592362
173443645
-178188738
1846516199
597951161
-1028836474
-1758501793
-607209594
-599394700
-1238456808
-1667210475
1415884039
127991844
-1647070774
438093868
1415361184
-4301210
924060336
1499917644
-72361851
-1583939245
958188392
945274310
-1313356969
-2085748767
1245464755
-330382192
1814838234
-1861058680
2029980231
-695822706
-583170581
363196968
1474493666
-791732973
-1484213584
1055772201
994259362
-1841068890
-926785008
-544856860
-1066418541
145347592
952608613
1153219393
134911113
-1853460619
-1182005904
1815251104
1442537008
768478250
-1336494707
1289469948
-740705183
818206759
-1187992025
26527565
1355707318
-1639851466
1300765805
-435896018
820076384
-897987029
371541317
1995214016
-2035073737
-1243283092
1373110657
2139840461
452962066
-1224215629
-1929098928
-1397727441
238341464
-232865774
-576224522
-2052925069
-1087125801
-802713033
181897407
1904281528
-1071281708
-1949783055
-1051223504
1599043805
1014882914
928169714
-135353216
-839808293
990312951
-1947689258
1626197574
-505047442
1634026555
-622751901
-1576234381
1730523386
623699235
-1609845998
-1548962175
-1472714579
-694229954
969432526
-1409976340
-427221280
1807073614
-78360581
-330674975
-1646730046
-57786854
841620921
1604842549
455147063
632451458
1636648553
1101926552
-116658435
-23431213
993050735
1607123721
-684050928
-1810410404
299105593
593557644
-799990960
1150408769
1188931968
2082037531
1668690784
1884332686
-1498698290
1652185
1923399120
2006289807
-1396427969
1540975757
-1099415171
1553210718
697020555
-401881523
-1411773641
-985152580
-354401469
1218638713
-961187163
-766898908
-2009409190
-538061077
682690917
-382334179
-1107628314
-1559926164
-634840969
1546096592
1384768552
751826537
1082789850
-910553383
256847817
1909690597
1844431991
1121204065
658436454
205330353
-2066163650
583703404
2036377678
203430363
-1643444082
339015791
2135167626
-1891146652
-1732698406
-831064795
-1305053155
355804724
-1144041591
-1766430558
-1771379060
-1167270062
-45690084
-1207533913
-43245408
-519008433
1874781589
-886026952
156714601
-1619142909
-1315186665
1811328876
-456492666
-550567557
433264841
-1724089981
1617101220
-504420303
-1080732416
-2075043267
-631589564
-659560835
-1183442531
-1558512279
663530176
-113094580
281187762
-434814021
321222031
-1508106225
-860920981
-2021809182
1673753543
-1871884299
824146731
-508884774
-569380893
-2141613477
1145353461
-1999322754
773987014
-1804837501
-142836723
-845130400
-158785025
932544132
-523134754
720851677
-34937266
-546871423
1706439966
-1608291733
-688318873
1781509405
186089007
-650089676
-1302941195
-250255571
1964935624
1626928360
-618383135
1290823855
-2146934572
276558543
-1115092269
-800619781
-306621286
182858781
385137400
-1257027528
-145882595
-650332791
-365208570
80085265
-651253819
-1731629025
576456828
-604976729
1095741758
-1737113259
368126766
-1813444152
-1667981921
-2015707043
-1086436352
-1018119071
939041743
1567691961
-507026191
228014641
1181923620
231678483
714736475
951024575
1136713292
-578970290
-869222024
43255437
681629296
-1630019880
509453352
889190798
616213653
1055819329
1580271856
-1337463596
1742973766
616055569
94195782
-1112237939
631679600
-1371154731
384425995
1231845168
-982984820
1969988731
-1457874344
2065225458
-581936126
2040815839
-2004220804
105254527
-2004580916
756398245
-1504683451
-280639258
682972762
400097096
-1443753602
307600596
424844213
204946291
1467257273
-1740938492
381220839
296297615
-1197464498
-2136211467
-1893893479
1616962973
1864523939
1323865310
342274300
1026341189
649369773
-1421259809
799821804
-891374803
1855850933
-466865288
-955982765
475482766
-115223201
-986587842
-1629817397
-300582395
1239746279
1410905035
-1485166713
2030602406
-1436997458
-232571914
1209885554
663539799
16526837
-419121853
-1597535336
-1975642790
503756007
-367866467
1573957061
-2116074709
-1305615140
1060265026
-1449601685
121676427
1924033755
165697534
-1535404088
1997200604
-1389730207
-1592296293
-1892827576
-1897504593
-2042879904
-1243196521
576762663
-254018661
1530664586
-1148152809
-300051366
-1304117936
-757557042
508694043
-1241247569
845969387
1694623522
-729246477
-1548258510
-1016368758
-510278269
-932340494
-2004451117
-84862173
1516358713
-2048950176
-654242747
1107484817
-255592353
-1153065036
1257792552
1062168047
1168457890
630837506
647364457
1625802281
-1811795383
-782970190
805702633
1295361743
-17704332
-1952270990
921289564
-1457638100
73105320
2082435437
-1650480525
128934039
-913313910
648747708
-1162994115
800450056
-1895602966
971532573
-1535192118
846201070
-1062123005
955221730
2036346385
762959166
293821184
418011947
1705741843
1850599119
-576066366
-1527856297
-969014977
142946788
-1167369248
-423727177
-1335692776
-1633175286
-305338385
-379889788
-1473855723
152542244
1440186114
366671891
1291934663
-324137788
-1570816652
-892218554
-1859690431
71480251
1163699684
-162275003
-1680725325
-2100601869
22205824
-1323439762
-1732905128
1078654587
-483510138
-1706625399
1759974034
1738820579
-507804920
-317171136
-908228270
-1210716471
2022633967
-1583483955
408484797
-1788197965
-886040511
-211309068
1021081100
-1438666209
534690982
873490484
-1735101517
-2022026535
-2088137945
397262649
1643606213
414297995
-489185479
-1550882668
-627855978
-41785446
-760075782
2062292397
428017825
1758776879
634108089
-1937436169
-366472532
-1599679085
-2005475396
-1356263322
-211435223
-415704129
-118076100
-862856162
582312671
-1939723213
-1668511564
161472620
915716809
1288391430
959570522
1404156921
1728079166
2048482622
1429952237
-1140501700
525134673
-1141423519
-2119865423
-1494018512
-1259132806
1939747659
-1117632841
-1800704697
420144757
-481756606
-801470622
-416710243
-394734742
2115639367
1455727397
-1265773456
-1753008563
346975150
1726925457
1363565008
47383943
-1541723151
-506226034
-1584330094
-1742912555
699354816
-464380440
2034311562
-703936656
582855259
1214636813
-629245960
-1011691666
-29988572
-976999916
-205933246
-2040591513
1126933103
890203905
2038908387
-1634338469
616967324
-2042440633
-1111601757
-304955949
-1762853784
-1525993075
-2124936952
857725509
942843263
1423690421
1969181196
-1875089988
-490614699
-823594215
671562767
692693944
-667240139
-300736233
1627061006
2021217618
16845977
208745935
-764900843
1276280996
-275073860
2077293867
1449837810
161901159
1773497453
309406239
2039408939
330534364
1534208806
2141737777
-830688719
-1988075792
-604848547
-1520389317
-477657900
-370867558
1830233113
-1282887057
-731750919
-347231865
-652379449
638876572
1872197771
-2085261063
145791565
2100109743
201318063
754183660
1075751519
-974251653
897997371
-625621382
1412581906
148507580
-1119586200
1780153728
1539185838
-298040487
-557869883
92001408
60018631
1614560233
-1376313490
-1551931448
614264462
1790776439
-279670146
1841129684
1348277860
-629478775
-1767847231
450271984
1284137136
863265119
740931502
-1467615711
-1813899791
315545976
712939155
233215045
-433258986
1179130969
1792552209
-2092381063
1288167949
724598928
-39471413
-1917640518
557453977
-585840137
1594784346
-1361976882
296552552
-2131801547
264452483
685944164
-1598721692
1898710410
-394661716
-816371078
-1810940088
558096330
1696700810
582789118
1710459767
1768887721
-75307745
-1624473160
1606968328
1009747514
-488759069
-94146714
676845093
74944689
2120596289
1071391272
1958529429
-1942320528
-1770513596
405525534
923369878
209719616
1534246802
-878334385
831837936
702791134
-1406936936
-1858852660
-1357349050
654244538
-1736519162
-1213871852
1201403310
-1982659846
-1702133890
329048762
-439560060
505761220
2060378247
-1658307003
-1726033797
1965091261
1978118087
939838038
1679447284
1454607564
-1643630223
-1897481456
-186457710
-1555735518
-275122949
-1490371661
-1250791155
-1059671938
1810857492
892737162
-1701752505
1031756461
1119029461
-1126762745
-1720802148
-151049136
-1845437130
-1973147093
1429152893
-70792991
823059907
-1821507285
-586352321
-370933001
-383091314
919091792
-1040401616
-1147057719
1072736615
-1378937826
1031336171
1831070448
-1019989942
977792696
190226157
1767320688
-1773648104
-950001790
999996519
875987704
-1197620342
-950871288
-126770859
-729978775
973867618
-1402382050
-1259945521
1402967700
-520213278
-241789113
-1274262882
-1866225080
-313529982
1596087642
1797747473
647393931
-684882980
418211938
359634961
1416458278
-1761302549
940761030
1648063603
-1919727258
163826804
-951486295
-2007430515
1577137697
-158807869
581495699
537006859
-696997897
-1615425126
245276752
-374864637
1258336985
1551192422
-1859734504
1743784774
1127152079
-1474342988
1376566767
-806847752
1908155381
1179671522
1162474830
17211234
272113094
1668591385
-875782397
-1072369914
1083353756
101677434
-1789991851
1915158003
270600823
868257431
262240363
-1071005350
1563539452
294905124
1731244013
1711011938
1846510273
681369069
1070657259
-1838952904
1051036103
831161867
-1236692738
-1795946135
-318121401
721504338
-1461473364
-1522246541
-984828239
-1973829107
431254288
-1459246184
105302513
-2077511956
-21980998
1840536565
-469710093
1694965821
1813118163
-1942487085
-1661774743
-634555558
-2089520763
1910567997
-972688181
-1321288862
1737728153
-131480622
-1709131105
-1008233941
-134728863
-995400996
-40648454
1961264247
-1016226601
-368011104
-1479770042
-981496475
1376248326
314976759
789112644
-1058581207
571671720
-739600099
1848934484
-577296641
-591662064
-1411805496
1562126068
1310052956
-371382198
14434428
719917446
-892277914
-1806218369
592013341
1922839381
-1738203482
-201288290
-1477140283
894384857
-664040452
1169931833
1031159000
-426725318
701324498
-672028500
-1781405356
142931986
1342048660
934751876
-543968659
1607351927
-913309089
2073734173
719338840
-1227256265
-1516327176
-357878900
-1586607257
223320165
1875114495
2063960511
-1456678315
1061941268
318692195
-917417501
1908045283
15056482
810784280
-329577723
1913097891
432091832
-1656382200
2073936891
1992747538
974205775
-875146426
-10901116
-521371668
1927614965
1890786185
-352136530
-156477252
924207376
938502871
-106565768
-428850766
-52001565
341234304
-308888137
-1688966728
-761365233
1008874829
462841917
1663581126
-293445027
929209337
-69323721
-672003467
-327621446
858873056
190652630
-2016845614
-972155518
-1058764042
1262312752
-1899688843
-599021055
479584250
2125510761
754398417
-1435213259
1509004778
626094093
1464013772
-179791911
1821696953
-44629824
712844177
-799655522
-510979777
1521802521
-302000731
1916188347
1962104432
-1053610295
854337336
499228328
415824336
1039140355
1760470717
-110954203
-748002778
-356934888
-1646870852
1664129665
1561530223
-1449621920
-1009296922
-2008418280
239578901
2062226016
-668650390
-457031396
1970454368
853609513
974679686
-15941736
1793291820
-969296386
-415484832
-1696610894
1330110172
-803487687
-1408200939
-1274893520
349594510
1576627310
-1997556974
-2051039428
99235216
-386842928
-3579997
1878676075
-535213807
-1069686317
-8641591
-1418150661
-1207838693
-61988845
96312399
-201620132
1266196672
2017990771
-2046820577
-594031887
2090881683
-968290167
-338393135
-1315153641
-335159462
-1142585031
-1087399548
661161573
1097114369
377715103
-1309890063
-1355070411
359700176
-60632014
758991292
-161144221
2050229216
1439087141
1687150093
-1448064172
1718708427
1408499984
-416293025
847100986
1381074594
266333903
464171415
1699167637
-609171165
850677674
1294035288
1714020348
2111733291
-1258534218
-597618027
-938147556
785617001
815765626
1914719335
-898228991
-502417068
738721748
-2040902112
-939921516
-1835573666
1948728605
1336715679
1535093348
160664937
-1110329461
-434217243
1860387496
1344851066
-1354454825
-1676929816
-1911547004
-1038307157
1458871071
-547451993
941461643
1696428134
1328242956
1240308606
72033413
1322640592
483060791
1665357242
-775268239
79408770
486319560
1293425264
-1415549235
1397649790
-672453280
-1877362806
-573923564
-897950624
941531704
1025303842
41123207
-113283373
-990782838
-386288878
-1515152592
2128753478
85536047
-733430837
-534011357
-620634144
-224808567
222310502
-712347129
-1959062863
1712986530
374149624
-23199532
-339894999
1919191701
-1191826391
966263773
-1683025203
1417877292
526099719
-1341938416
-308605145
1196867786
545207831
725469309
2060281597
-1121770869
967729837
-1595038188
92387526
747055785
-349618307
-775504974
-459861927
1392346657
-592076943
1105812318
-1557294617
59089557
695712188
-1681434161
-360751061
-423597452
-1503224530
2026283313
1134899679
-119922857
-1522268982
1580444712
-2062923151
-1286801746
878993813
-2051920620
-1956984330
857627803
-754111056
1450861974
452102239
-101514979
-205656
-1667894701
-729681943
796136305
2098265357
-449376520
419531482
994201524
87318337
-1888381315
-1788594071
-1000750387
-100117103
927810476
822295805
1402169481
173629833
178058724
-239165030
572524550
1654710915
998178330
2038404760
-995495339
-757425791
1344714784
1634848149
243369819
-1039264196
852489257
1931738796
-2146261769
1700356476
331412620
-1777398554
119497833
-1354008406
-498596920
-335118864
-1742812687
-768446813
351135432
-1341376242
-320582986
367674830
-320426137
-735264433
1470057705
-1795762320
1499378485
1671978754
1485833770
914644030
618244731
1510009960
1656839210
-1064342989
1974877052
-456443478
-1091720303
271481763
-1287096835
278805517
-1381066463
-1559997552
656540424
1349090403
427184410
1971573564
-834204436
1964996804
1205000416
1931678975
-1669651577
-784863874
-563980581
153411674
1421975750
-480691895
887714974
-411251893
836850028
-323530561
-1318371510
1053007074
275998227
-307628790
-818664908
1266074900
235008112
1021518302
1556092869
1192689102
-1908772645
382330537
2021493921
-999855795
75315213
1510809353
1341026571
2119156140
1968873770
532987518
-1312226168
-33985090
1562077186
-542137504
415360961
-1914138851
109158291
2005345555
198336685
1649368451
-1547432750
1178653048
140262639
-202677417
-207754838
-592835162
-994118020
1470197643
1902728260
-1018130983
2097675904
184963236
299560585
-312092502
1369592450
-1169183462
844722660
-2139403904
394772421
625889
2136226636
886523462
-2068285199
-274569145
1252529025
1090231390
2028200435
1521012736
-1236158571
1073756372
2071442976
2058551935
-1650334291
-52121642
66645152
-526777722
-1340149240
1747863395
31194889
-231275776
1769744448
273643843
-2075625910
-1553253362
-1446019888
1269899318
-1567759926
-1826128545
-1666034986
1543816304
-1982948144
-89517628
1434606105
1628093251
768017957
1904134146
1187236172
476974622
-1075966473
87438570
1123448979
-1409065803
454442495
1971749543
-1975279545
1255616129
-2092654618
232350038
310525942
1598777195
-865786396
-378540837
-2106822227
340448195
-2110096982
-662791182
-1782567560
546635638
1658934658
1479576708
-492158679
1351863424
1054722995
1856160059
1501724760
-1202750305
-2002051031
-472046504
-1295224661
-349363639
-482535339
2061001667
887092823
829336799
1282139474
117242467
1859241190
-550829023
-198046648
-1535575376
1634441274
-790108444
-298454763
-376476027
-41911855
-1100578557
378464041
-1512218566
1357485641
-674304878
1196420273
264102130
1698457383
-1149889959
1214280695
146251824
-317508397
-1237541504
1221451528
762570928
-489868058
-717425018
-1505324650
-1922558348
775669928
812218743
-417743584
1465375260
168206292
303782750
321211215
1130880378
-35077219
-89787657
-1429370205
-1629643419
-461058571
-1341564759
-558857906
1109560525
716099852
2082116018
159451743
1684919568
-1762741482
-836322653
-711712477
-1025947765
-890895791
-1149639409
-1687355705
1339774066
-244284090
1535745151
-63246782
359209700
-871953586
-200391000
1023801969
-324999623
1952465239
106287839
-1820992893
-1961972578
-1799123224
-187863860
770752663
1554080484
-1103216798
2103912030
-326766942
-75417196
-1876198521
911985918
1223832982
1902384966
209966912
-1776787962
4899520
-100735950
812742554
-2010526092
-2101551247
-1056474361
1962022161
-823060006
-1281915168
690246395
2015387153
1343540377
-138545586
-110872797
-1051558471
927235406
821074795
1571397380
1624492769
-1690965621
-213121800
-921011095
1675354974
-83187255
-969688659
1767805558
-2033862780
-1446465379
-2066146980
864266749
-827504148
-1317074646
1122806869
2030057231
1489184630
861112534
1779074316
163726294
-1794057327
340617280
-363292679
-389958494
-1403394887
1534850929
1322790335
-1872086719
561573185
-195567279
-1436953712
1419935634
-28226478
858829403
-1491767858
242973532
2003374898
408917652
1860063478
1928058715
-675271991
-1391230279
-1358592839
531162012
1824343393
823803063
393909611
-126905078
-934172499
525137759
1927124896
690317895
33625100
897480025
-885308908
1600276927
646661902
-936122535
391528907
1030860027
97053750
1230043537
619654265
-353718990
1327885313
1316144230
-5327581
283362597
-79729625
-952331163
-127138043
-1430234068
1825308448
-527123080
-675059018
1575186059
1347995625
654241108
1066375562
-1821120759
-372337145
1797566773
-82156745
1024753091
1281244620
1064575693
335514042
-113627075
-1918652200
1472721017
738654075
-2098616647
-1010591006
-745851723
2028581807
-598402356
-264272200
1795084498
273103101
693736237
-1971794044
1886207718
507974243
2138278095
1570431568
-1586163965
1924981339
699418930
-769027125
1650557866
895694905
-1314739722
2079886925
1628176769
-601630762
-273227343
505224216
-315079100
-458598542
246061569
129749472
-318203143
-1360513066
-1129607452
984079756
71726439
-419439943
972050246
-1075708610
-804307768
-1803682972
-440143141
-1302240624
1966876093
1763675544
-1053370065
779159073
-640198271
-1260640593
-684472838
-1886376113
-664806303
1170953472
-438702408
1349334085
1640032107
-486700664
703712633
-729958857
-1611093659
1472690117
73125109
1093131756
-1162501376
-1551298587
-407559709
-106668932
1341198925
-1226344672
-1285528182
-184994725
671097200
-1258053023
1306838423
-320237931
1039977618
1538094891
-59777743
-1078517670
771928860
-1959946566
-42759350
-2125077315
969623585
-750897304
1109023288
-612684104
-856156645
23965778
-1964880765
-84060301
605096409
1672190779
-2141773056
1686736069
254277816
1651224751
-824020962
1728676858
-898509295
1054327403
-1791423361
1198200023
1463372785
-985892868
760398026
-1139277606
1435872015
678605221
693254335
1854696133
109864442
-1430145659
1167102859
1398719069
905087890
1104448249
-1604246179
351545455
1724314808
-1205917633
609697336
659066643
-1022027448
-2068425125
874580490
-2082334156
1023131719
1701277501
480763390
1752925262
-1334706343
-737453533
-61372658
-1452700807
270024053
2044881468
-495751717
1719380647
302656731
1887241102
813278144
-430398679
-142479292
965683736
1593912612
2103155319
-362029221
206266170
1619139855
704565296
-1173512596
969109845
-62171649
-1238552481
584744282
-1332469330
-1143798788
-224115201
549081558
-318061417
-775150614
203706817
1571242189
608321488
-1103320035
298092811
-1545983198
413600554
846539314
-727858876
1241821597
-1960306835
-997987812
593365838
76743714
-1873494149
-1731528067
-1669594284
-2166747
-2113525836
453091894
2145966277
-136256931
-952848484
-748741823
-376679777
1904398263
310401467
305505981
281433072
-1014744691
-16953916
-1591587254
-1293572967
807256343
2017712377
-2040076649
-683933099
-1870266847
550867149
-1572264136
259243513
-1755280130
-689996854
279636924
642476284
1111197628
-1787075403
-1615007234
-1910483142
-204546408
-1374635025
-923883077
-2013726476
-738966604
-996693219
-1336743579
-414428901
1585815047
277298955
433757238
114559949
-1699006572
1029819341
-1337737849
998963487
-662562082
1600188199
-1465109151
483520541
1272337306
-319498962
-727881132
-539927026
-1498151258
-1830771922
-1134650233
-657586693
1408079161
821570766
-508994032
-880036750
258228060
-417245326
-524501883
-465507449
-570164839
125685728
-1333727277
424332059
1622829553
432535077
-1154047411
-218056352
-458473454
389555129
1028269575
-1359245412
-1754571575
1140174817
680799077
-820228308
-886866763
-848734636
1826016494
249209547
333077053
-1040391135
-1008794523
-1557942252
1195080387
1496207055
362798362
-2036990651
-1959322855
-2003134011
-400689283
1567584069
-666964173
-569954836
-1655229965
1850647527
-916281058
-1112111214
398166764
121187440
-1573291216
-775987567
-1450602443
-311661482
-408614527
1760275632
1974595466
-1298718646
1213038233
471283272
-150274961
-948579976
1400747882
-1772390102
-1512685761
850180365
1275181696
953230784
1764188548
123590649
1612246646
1418561137
-86176887
698500853
-1968127061
1325693258
-959346898
-67501369
607372598
-1940004902
1374829563
406173892
-1383840490
-354965156
1766479990
-594389098
360257454
-801383653
1560165560
49702975
-1012526481
-922469614
1425701437
-1732414626
698434006
-432308014
1710390524
-243403089
-913241447
-305778520
-763874889
-889540904
1155443228
-21265154
-961069677
70793569
-1817458134
320408065
-1561093397
-2118364412
1684085729
1067569028
1788129120
495728166
1838624236
1415861539
1484992308
-1764500059
1123676663
-1972333397
-1355718184
595079124
-1025858209
-537276743
806001603
-1720560189
757797161
699792800
-461373052
-1359822141
1356354870
1627853456
129361946
-483479512
1495970484
1620599027
2083939971
-1767698096
-1254946346
-958604262
-1304236910
1287930852
1587936966
-1384051944
-1297616123
583139421
-1492125222
145610478
-191686442
461065930
1498183430
-282618136
471679441
-533298225
-857843567
-2027487419
-264271258
745376240
-663867125
-2122328547
184755392
-113313009
-342968194
-1216114049
-1691782379
387501619
-46735133
-699643431
881521471
-1304846966
526663128
-704737380
692113292
-51263312
273658766
56044320
1385572561
694023985
-372662008
2009319364
-84185659
-1523892
1727134081
1049887577
-1022930037
-1065782022
584319277
-155025728
-1204403312
-435002066
-1498111708
1185666257
1305629335
-1476329123
1214088859
-603743362
-1132784367
1155972927
1453228372
1152766775
1281746097
-620121897
937547095
-1620744048
-555455680
-1429727055
860320738
-903959519
1716029101
2080013930
461787037
1306453165
-317072793
-1580988555
-351125487
738221958
-134045201
-368502757
905455707
-374562001
-434202456
314605763
-1094101732
-1553160125
45091569
399752051
1141523891
-1576452972
518808693
-2071528042
36197550
1215034518
869453761
-1549131265
1581052797
1381191422
1358614
-295719123
-1625526936
867364518
776033920
-229147184
-1617336894
314773171
-119382233
1513014156
-1916435106
-783248136
-1102459932
360678908
1519061826
118580893
-1716179178
1581627897
-1434307430
-1260985605
207937974
-1763667173
1335930863
28485834
-2070787159
-1956984961
1922076568
230689150
856808789
1510788042
761229168
75943661
136482423
1196968814
-150093368
823277364
-709495246
-1502846676
-1684965473
572607195
-963030934
838226905
-983664624
-1954287305
2006516818
328915812
934976267
-989174000
-1086488509
475017750
-1689642169
-1247609982
1532591823
-2106493412
865907575
-325306584
1854867734
-790094014
2085804731
1371525494
-1536046505
-2058318591
-1175071655
-2124605338
2118289609
1707798715
622102188
-778064298
1302910891
-1703274428
-656257700
2096742960
-1416800614
-1765417820
-390841649
1077355979
1216877090
1670330650
1955364062
1145104016
528210326
-1310699932
-1146431285
-1309717408
-1020223965
-1786587587
-1340837261
1002594997
1917595427
-192165081
-1904979265
204959750
589948846
-1265416086
1306091872
1374945136
-133750409
-734271909
569230778
1801805970
-1123843884
-803399967
-1014045920
-201473608
-1043239394
-1856485835
778855490
-1943648198
-1310437317
1515766760
566757859
-1534080218
-189834120
-1615153110
232206542
1140986908
-1520365669
-397039288
2044871434
912509561
-1280007112
-466922122
407734348
1119055032
791943747
516154574
544868781
2118908948
-522542106
-2104707176
-1977320292
206978672
95456148
1348424908
97741077
720484987
1693902686
-55952172
423952146
1521406479
-552948347
1527620757
1625313090
1386585818
-2071200177
-1378198352
1463081720
-636783297
-254822626
553740548
349089637
836972926
74359485
1139215479
-1672183798
-2071809263
-970532099
-1821094666
-1941408665
-2023085479
-2038878336
-1309789255
-2145673992
-1265623942
-558520876
-1530245685
1087325025
-183549566
-1815648573
1043083465
-782333465
1716625616
692169960
-1607464983
-941748702
-827945037
1060407429
-1209897666
-1729723664
82277969
-160854892
1426461497
179991981
-894861623
672512283
-1765014926
-270093664
-1883729252
1896822468
1017868200
1092615351
444222024
-362104916
-1043173882
1528302711
-643976395
55415163
1098449319
1647249965
-1972957227
-1224809292
-17541540
-360319127
573896198
1343448397
369106604
38386604
1808691130
-483092350
-1701814500
-1789540256
1340080601
-1833067547
467544495
-3635193
906476901
-1116419655
-1467609681
672337079
-1624326433
1196084864
-1313390674
-206523963
-51331096
-662895661
1574878663
-1555389248
-1296523476
-150854543
1613362217
383158689
373490299
1292217753
1710269909
394178112
-1935247560
-425229925
-976347738
789938440
-1995262730
645570476
-1037177966
-490914066
560916063
748094714
1385214510
596118686
756620376
1287654144
-1206794121
-1285296393
-511226014
1717688090
-620842034
166287033
-1314090173
-1036144805
-1931624892
-623234179
-838115100
-557430626
-867095272
-628440603
512236156
-89497125
1394137981
1246529811
1788685806
1981628603
1380728223
2072460126
-1027311248
1683088237
-637333528
179465795
620746348
144112570
272840318
2132696473
-257626454
-87095466
-479293168
547958280
-1724989522
1591810425
651413202
-1000250693
1461284958
-546035282
548490949
-1813153196
1861442792
-284165141
539637819
614197024
1142455522
-2133068320
463501210
-1048717685
1815840690
-723159661
81836895
2065857494
-1657636049
-799245012
482872678
917492230
-1112381304
1909377037
1271645288
-1603204833
-436163740
1633066278
1414564291
314708626
1700654922
372503174
-1891272831
1690501363
1045538627
328971828
121934482
1404382958
893574078
-286109633
-221633188
831480187
-600477005
392409619
1193852533
-2106238640
-1169074679
857507597
-336078929
-1131247721
676011068
-1366468014
-971544236
-375465503
35395386
928630236
-1304236622
575656281
1290923406
203620053
-1378707239
-513320644
874258880
-1652665560
-252589918
-785051512
-1153422342
408775763
-58855180
-1032455437
-1920792082
1345809282
1999734850
-372650722
-488544009
-1398852903
-839731113
-1061926902
1826475646
1541697553
-1974085803
462706635
473850527
270679110
618654970
1180821882
-1056292597
-17341170
781568037
-1851872145
-1903135697
458339021
992503960
1727345327
1564540565
2104934471
853000447
885335203
-1379756406
1829386102
489755953
-1466794997
1781921793
1551533981
207517877
1698232881
-968757065
-1975883620
1477521799
-1306243743
1787923095
-1413562490
-1754725606
1340119448
-283117473
-1784825744
-824793695
1667127418
256125058
-324720245
-1575490166
796902537
-1524096432
-1970564235
1599104842
2067088276
1719046483
-146779445
-1087804577
483492972
1137386236
-1961568510
-619647342
949306333
-971466113
-146673034
1046385277
-1946293028
-1962819846
-555116605
-40191412
1348569084
827361244
1004968020
1352378311
957722151
1669933956
-1245628360
1961419919
721842825
-565382104
523807548
1310030759
276658127
488308472
-1656828107
-976894154
-1691835248
-264550014
-1169901667
-853682550
-1821168885
1954722136
-544481696
-777932704
641390611
1868876271
1964576248
-1201605278
1410784582
-911037239
-1390192457
131835632
-2029745531
129247190
-1029000861
-609872350
1738648223
272297495
159840519
-659669235
1231255375
472231557
-2114349560
1852118085
414472296
784545072
-270997386
-734888285
1037165134
1273232042
-1894895708
-71101112
-1226324056
-1268071003
160675065
-64302623
175878739
-1676459302
128602120
-1480047316
470366105
87013164
-1629841442
864554938
1324112802
395128845
-1463331428
971023093
1655461930
1623184928
488377412
1658490468
-1499489676
-602978784
1933289943
-2063999699
1425878141
1901401087
-1375685218
-585021477
1442774389
983424082
1998688200
-1110426015
1308343658
1652525035
-572484043
-861335969
-1802092474
-954358329
1054425744
272411043
-1567908869
-637599958
1043895715
-202518287
914912764
-244987384
-742366235
1284876039
721499118
-1894900313
1171937112
-626004006
-292551777
139234689
-1074218351
-696942554
823586358
-1497297298
1842372888
-1817206491
-2129433940
1433438722
-1042792207
376925341
-646700165
1851376691
-1355771526
-1547672288
135848852
1455454015
517768055
-1866609009
456122005
-2035037748
324462187
925272799
-685586373
-117210288
-1522839767
1783856927
2063167252
371827378
-45968471
-1099905863
-1522610567
484719409
1953148959
-1749406985
181455803
546683781
806316361
1077923017
1657934492
-1639972029
-1774567416
657964741
-1569143551
-1219433851
1539672626
699275630
-2014580252
-1950539831
1264043174
431285176
-536017009
1297121305
653882016
726245835
-1222003450
988368236
-1353114035
87985159
1130753732
499509068
1089883809
-1127108024
1215629994
1801644472
27625064
1283231594
-1573640396
1038210635
91005083
908775695
-1373154835
-1177637987
1909988853
246372255
1174282532
-1533210904
-1612761148
138064528
-1369721632
966519790
-948581372
335977702
1080644368
766029594
1783133865
-2070004227
427430663
718896613
-1643090885
-496815482
-445035482
1592267131
2008148392
-815029809
-29049894
1738348445
942755157
-690625722
-424765751
-2112471607
-659018379
175274047
1525872967
1388268183
480575390
-1737662988
1026517774
1987635557
758457753
-2052326451
-232625618
-940700618
-889031815
2032480738
-328978110
2026047447
-2088074514
-993178691
967388388
-883438013
-712546342
1644682084
-1447963550
25750344
1531353636
1982709909
1351801265
2104567657
-1750849331
-1210720173
-1589910367
-991431418
-568489408
192106657
-1999483566
630655930
-1848599059
1036254349
-489125402
-800860669
124826392
-2135489425
1483883383
-57699032
746891501
1545756274
2107655755
-1120182441
2145287128
51608403
1968095558
-1104454643
1164825619
1493103465
-205289313
-214506822
1737779583
-1815117852
1973506006
-276209756
1933332664
18138201
2073038565
-80600309
660440419
2039917693
-1897265483
901742221
1570850249
-140877264
1976572115
-73149237
-1515777111
1299324861
-201365917
250183501
-531075511
1673618016
-1662162348
-1935364446
-369780274
-1250737912
-498138411
-1109350197
-245954611
-84350115
-1283318266
918030809
1317287201
1799525635
-1516700174
1058925269
1803161854
2001031456
-465483843
416813791
-586661562
17080859
-1196404199
-1417111911
-263333861
1631502759
-1738447106
1688701381
1490243252
-213457665
-1324749670
-2076989652
214489460
-1249312398
1156753797
-1712647487
-976393928
-85535454
-769353672
4954630
-1374425616
1440102408
-1832190529
-1398008145
-251548048
1042610490
-49039443
-1665738876
-1128674936
1707527280
1341257041
-1951976565
-1665715119
-195687484
800509990
-617960603
1708640713
-1405595208
-860457073
-823640840
2001747874
1273245565
-295181373
1421266254
858395734
-774536334
-1579662331
-1330262852
-244725121
-426626070
-1037394919
34175302
-1811085980
-570863054
1617904882
-718380222
1559583446
204663249
1822835887
-504489926
-489820611
-1556676591
1467658696
-818341866
2085038317
-934901826
-1837853308
-188188550
1122313149
-451326675
1849819566
-1012147603
-850225702
-2093998465
1670335879
-636578246
-302818088
-521489369
233942526
97075610
1787752969
1274355112
954637598
990049298
-1499700974
-1952926045
941475015
175631770
1346278331
-205985776
896164000
-1808694401
295241477
1191459275
856968012
-1714063479
840056193
1348892754
-1206900005
-579789472
-1499823393
156299981
-1473679230
-1190727125
-765274939
2017072462
-744480882
107711097
-1009187615
-251272360
-1419276394
1617492580
-109352895
-1944250715
273849840
1005460467
812099553
152102435
-414383515
-1266591808
-1062369659
-1291470528
1921563432
1887753178
44543945
-1879094425
310494211
575941868
-500571019
1020068809
556371154
-1323164258
1903499286
1845331296
-391191755
1912518714
601314249
2133637936
225330048
1691686547
-1880722855
-1519393585
451003638
-1665555422
-1063122548
-472422617
-1389947593
-1261410703
1421481145
1916167547
254097142
-173742149
-386059106
-891525465
801306606
4433876
-1748330384
2079165099
-767929834
-16828602
277931058
1489638505
-1784402925
1841914045
-517691318
-138523731
1369124077
397083812
-1001505200
71301998
-1198811387
1651215119
-23584983
-695267245
-818848186
119738331
828638804
-1159521416
-1557860966
-461329133
1440642691
614972785
-2090184800
1346406293
1523413869
-1041875570
-1929531749
-1226604044
-760183582
-1877290656
-1919721555
494188960
947214111
177756284
1869671748
1195848260
560303203
-1551527810
-1515727661
-1957145745
-1608019006
-1884617392
1867639749
1621761141
-1611294408
-1560723028
2113576878
280113815
-439688448
1948451807
1180665283
-248959647
276377638
555711182
1717955980
-984103597
-1784877989
153407294
1858759383
414566595
-1585427192
1391164751
-1914008849
1401486081
-2006275164
-1810939319
307767566
611336636
1373286730
-529882470
854136335
1906951331
-687921275
-1432990689
-1511192729
279503695
246121070
1904597154
761200981
-595909281
-549292039
1053799587
-1450790824
-1446410012
736245898
2110139995
-2116983327
-332016897
-1564271410
23326973
1005694026
1789511369
7527624
-160534466
382707206
153642610
1134797866
-1806366697
281259032
-988831060
-2132305946
981193929
976740296
1991973961
1244045571
621643553
-563829868
-1755390942
-1406824268
1683994877
1588014949
637216059
-1437404763
1755940366
-1993296894
817415460
2139036312
1770286302
1556070857
-2096134495
912938544
-1582580715
670885531
1796123277
-261278707
-1276178441
-1892763880
2067368698
1210865432
1250993200
2106111756
283692189
462050591
-695173677
1402721576
1262666345
-266372189
1022472608
-1448710668
-85727367
1906871793
-1122547067
-705885692
8033074
-413478801
-1322609561
-1541125271
254233512
756872503
1079299873
-1903706518
-123381184
-712393239
1051889100
-1967095436
-1823111529
-1030068548
1485260353
-2022049714
394206114
975449814
429642971
-357433712
263822102
1379242462
1058732161
1337281877
-625753334
1830094542
636160738
-175110097
1488112089
1449941005
-1313572606
2126882139
-277941171
-1203181380
498647030
10659125
832629241
-263554225
815133163
-827470611
1860529125
-2132849312
-212924564
-991569797
1658016112
956669119
-2102296349
483645392
1903816562
-738727475
-860545952
-1790334131
171724192
-223704311
33203097
371676024
979357236
1884710379
1918572081
670631917
1693133773
-894050064
852014140
-303347310
-673386093
-1823055114
-824726269
-1632541682
1301205406
582087625
-245598716
1104024186
-1232241256
1693045245
703204923
829766489
847439264
-63696387
282767783
960034757
1347092849
-610559388
489799943
1042504171
1412007875
919802251
-1622285852
16885433
-778487823
1456509026
-582051116
-2034436395
-1298949669
-940495229
578875388
-1609008
1253726221
-88032380
1448788950
392470171
800692256
-176998004
163905587
-2088343495
-1009978016
249752872
-957297789
-1537217098
298254766
-440461729
1089752660
816459351
1435857064
1019520771
-114307816
799415058
1060786438
144411209
1229199914
891992640
987035718
-1836559972
-177232877
1824871056
1155237003
-171222355
2092409864
347918655
-1471145790
-1719418162
244789431
-1456939131
1942697734
1602075520
692468034
-312452270
468114757
-1497820086
1950788747
-167106759
741099555
-1611788853
17191090
995526060
-1117749218
-937178606
189271771
-258575510
-1221978894
986508845
-185616588
2009707828
1573694270
1460947199
687309110
-871134010
-379764633
1682740055
-267989974
1754351877
-1667479365
1158913341
-225057810
822945140
617679833
1089109133
285396472
-1699009300
-1143741615
-1375104822
-1917361509
466949004
942358407
441479211
-255773047
1287994349
-1225156900
396300794
54532248
601906074
112763662
921094686
1008216008
11563711
1117819103
186051062
-1298086524
2093681439
-614464012
1525815911
1742333992
156758603
1957961984
1679213368
2001048003
-1861426416
-960636895
995496860
-1910804707
-1447701967
-136029815
-1004896240
778625787
1302909525
1860850273
1398262119
-1810890335
-939539646
-690602007
395043106
532430999
358694987
1168912099
-1611055355
-1878270288
-909803001
502893873
-21464090
-409384889
-650434749
807006653
-1127725625
125828044
-377808583
-853148008
975175975
-441666946
56229633
1223410021
-1086674028
83939705
957936711
-731761160
-288042107
-548575501
-1199671491
-1929392327
-151930522
917125058
-1866743341
561392206
-1259803149
2029101345
1941045797
-271364104
1786708424
1030902450
-613538251
371927101
-417260999
1718887622
652816089
-1947073465
-2122023073
373133020
-1887027722
425419404
-1737984141
-1239711128
-626600978
1637765422
-834010274
231058900
-1556025258
1462964899
-390180720
1721068491
1038748140
1546905752
1377956880
10871476
-108719672
793061650
815284947
-1940383620
-1225722416
621216214
-382248110
-1054998888
368596593
1096125963
-1628261290
-1491355062
1285186443
-1597890019
-1012972267
1549708578
-489679700
-2080706077
1938397826
1818100167
795881600
-763071229
-221811231
-1586446089
1980225416
1383738773
-202141543
941732555
-1062959606
1178776838
463225165
-1140223937
250069320
-377670850
-1751564756
-1990440719
-1265900556
304915461
1325410440
-304193239
-133906974
1552387746
-1413280347
1807985689
1432222463
-182905915
-479319853
1900602981
-1792768639
-1471515226
-566807873
1961751780
-95987873
372932205
-337522171
1481558952
-1481675004
674916564
-1306394360
116736315
2115361598
1889414922
-1856078586
-883011029
-1080421764
1611162586
-532508058
-552494903
-536213192
54000140
632281684
1666317613
-504317007
-1142907381
144031119
-1831149188
1083645662
1954317767
1061015681
2056081004
-1452364642
-1534010660
-386311025
-2094734328
454819635
-154393869
-1894929742
960795312
-1999949839
116935272
-2122194106
-140025756
-186716878
-516934355
1800050466
-784220607
1638300556
946010605
746341864
-1964756406
-1193929146
-1641206924
971994525
-709338773
1447060231
-206384051
-1252642949
-906132037
-1626936113
1219168428
7075333
-604340991
-1755129301
91763342
-421099428
-261219463
-846835036
-1925809122
1583285969
-1709121832
-215333000
526122074
-556774214
-204104308
-664562804
740067830
583046025
-1997017529
345351840
897407104
-1325812966
-1471478850
-452448316
-954022972
2081723211
-1497104211
-1224180982
-1163596431
-1957584175
-1578694625
2094429820
2078150908
2105632585
1487834603
-1943498160
175092164
-1755481459
-1669813375
168882266
703203190
1407420745
-1863418650
901879489
1389579442
1279862477
-1634350596
-1856726539
713217006
255363619
1342013447
-2137493024
1486751386
-1049393052
-1048985748
2033184347
-1388072315
1442537543
1332511162
5799651
-2066462338
-693032198
-2090591250
413188491
-468977858
-1320417740
623452402
1208257844
-1022512763
-1262531701
-831952793
1417865980
-1504926078
1643931906
1984314787
1033220852
-617370249
1033973478
1776810749
-885407723
977313181
-673405223
-526805689
1924263795
457420612
-2115909586
1628625819
-316776782
-2133767362
-169829000
448819034
-5988935
1475800189
888385373
88389746
-411252826
-685115397
1190709423
1784502750
419608321
-2056147239
1747543996
-1760761230
1999227187
-1623482677
683176165
-123669032
2074404152
1801204914
-1996491155
1294502357
-1896105581
-2035067510
-1172100717
-1116744751
-706648702
1107763590
-1128937247
1691980437
1034944883
1378174328
238788550
-1313382315
-2010137930
1484619382
946334562
592320753
1711765107
678310842
-1154631519
-1178345353
1923100637
1034308298
573542283
873041388
-1423735385
411933144
1613627353
1084849740
131148470
1222089834
-587603254
-1669196850
1785605657
-629518787
627598903
-837655189
-1991487947
-931311514
1578382565
-1855724895
-1147745468
-1716273989
-1969729510
-133959820
611675392
-1883944080
1353084530
-701711179
913158042
-292442364
304346098
-227745658
-1569371151
369314397
1486215005
-200183012
-1381462272
160736562
2010450118
-1500597306
-2134231913
-562150744
-1148572314
-2124449234
618248525
2050539071
730383535
-1399588897
-1821878348
1712935663
336530080
-422801913
119809230
-385011570
-1183765669
-1176126595
-996933696
1793737588
2014026740
-1939446012
192301253
-1827515808
-1564365685
387058129
568300389
-124807523
-1458919524
471105098
1112917989
1386230368
-354348396
2018866960
687302657
1209543028
2047665064
-1814175169
-2138707240
-2007515112
1182449890
605666548
841311271
739140647
-1814061956
912595727
-1189942599
1155564665
1795768945
-1426364615
-373919202
1938356873
640789328
72097576
-527692902
-1435178409
1991518290
-1792503775
78365280
1768111248
-522142545
1299339198
-1569290496
-1686169877
-912574420
1361751281
-1067327972
1459549909
-969349384
356431176
-1992079774
1908953679
-219616584
1617783410
1209502133
-1137581289
69243104
2036847617
944860589
-1476591611
-2058995132
907319664
-830572734
-1069504328
124430318
116142184
-20466237
361178993
-1081491151
2096311102
79677708
973696318
1774790398
-315855936
1498322679
-1694397350
-138663818
-2118828495
-1684118510
-1883245357
807005375
1264165009
-269139054
-473606291
-1614027238
1318009377
-1499393400
-1730325818
201843253
1755957029
1019966034
794054330
-1937093699
-1643905813
208565843
-1624954360
-113610441
-2080101876
1325005030
-341729739
-523508464
714348273
-1429943409
-1780318800
-1685239054
202893976
224671347
1199255606
-1614404008
157816728
2008513289
-1598156425
956989028
2098107746
-216248814
-896166406
1929669359
-1371018807
-1256424250
231758397
127983330
-716388669
2134126927
1862041631
-1584512061
-277790608
1045662330
-120521086
-875513198
-1896685732
2025159339
-1377188052
-1894181418
-534834432
332472850
-410654994
1925767410
1343211662
-1228269540
1883571207
1532954812
-1596708370
-1961404373
-774644023
1739454799
263702787
1415562632
-649217923
1660241184
1421523762
-184124776
840090755
-519689905
1114728739
365975373
1882326973
1950057279
1135285961
531595999
-326677970
1216547688
-1129683040
1314444476
1133772509
-2076251797
-794074315
-736995139
388253183
748942694
1579597291
-1033280871
1077898580
-1867892087
1425697275
1399973022
-319450416
-521498903
1167832252
-619184739
445795710
622679187
536310820
-483921371
-2099871583
245086180
1072236686
-29358860
-665207524
-1417281768
-730253636
-1457331542
626382099
-45695200
1654791712
102274240
1059423697
1213467063
476434263
1987522487
-1578542101
1200416950
1171867381
-1572097900
693384614
-2069710169
865980551
-1599160949
533923733
98780313
492770773
-472367623
173655942
1907461426
462184039
-1245708905
-1755733601
910742794
99074890
1414057708
-1190995005
1111900214
1626233619
-1445535485
1748437817
1294664994
919118372
-1073136546
-323583857
-1882049373
1034068781
425302826
173936060
1760718667
1832887285
1256526003
-1191671164
-1569383425
-2003477926
1557345305
1450818336
-1762528313
-763957866
2096677444
-1196524259
473364197
1444431811
2007886612
1841847940
-172875992
-776569952
-1247822371
-1997995206
1494442881
1664762517
1575446802
-617349975
1171448022
-797583628
-651607745
-1456212064
-1364181994
1726983809
-1473723588
566912119
-1476554355
2118113588
492701087
-709952137
2010744184
740165692
-1863561870
-1896427656
-610186788
2124054855
-1876903387
1970317514
-2128826990
-404979200
10173638
-786492840
1332971686
-2090543143
1387482734
-973719798
-48424478
-1753501686
-2117264898
-2054791829
-1175508571
-1973623848
-1955918581
44160908
-1602484744
1378239770
840107030
-1432908505
-1119114270
-725635336
-1092778496
-443972602
-429018629
1647107830
653836988
-1510405467
1336330302
1547000368
-1731180218
-2061997802
-933895901
-1437670681
1243982035
1477196836
1029330925
-59030981
745894217
-1069228357
1678092352
1402104378
1657226992
-2001042041
548965110
1165898776
1522466154
559739098
628395058
8208064
-575672864
-743319342
-1750569292
-304696949
1557331070
1571518394
168751214
-893327538
-388824800
477288112
1423754328
702104986
1743423309
1584906376
2096354688
548127806
-1576461981
2094169840
-409000092
-1079187184
-14316780
237094356
482076547
804338668
1816524560
-1831767805
-1167489999
-1927710979
-820157437
-94570478
1956895915
-342165701
-106281790
216710272
-708321686
1476407603
-566212672
986420763
1412703163
-483054066
1008413126
1446789537
1782343567
783307979
1950318563
-243493463
-104865137
294126542
961129632
1311416771
18867571
1367981727
1511683192
688790494
-1252703084
-2123369494
-1303124602
157466602
2042128575
-1684037683
-74414464
-898202178
49879371
665275987
-1435893533
-1269116614
-1526705299
-1538440646
-2113684881
-491388752
1548206794
-1735212036
455152086
-776667777
1742188365
1609489676
940978863
1995617025
718631994
1365443424
-1872907088
958762918
-929442685
-634357457
1686927900
-1279167392
1441251418
605906171
-117407366
1841215042
844193799
-1062935086
1379835527
1520244323
-547194886
-161634352
-1262596499
482595848
-2063304157
-661209881
1780620083
-288473855
-452863871
1793244642
-892452233
-664379309
1070820601
658864038
464950107
1229309719
607914600
1043900603
1079490493
1812879265
786664187
-2013228278
-815833942
-383007005
-798756931
387016168
-1194725869
2047884307
-1940888207
-1479359406
1165220289
-1926952308
602358433
1260317562
-444101242
1827841521
1889358582
-491831934
-1810848588
1603351704
-1765669942
-1585433466
-846202669
681927716
-1000258053
1246953952
1827899789
1178821747
226572546
1813208486
-1592758291
1380723899
-1574505661
860637815
1944867016
-1267241233
-1519453274
1765724535
-1610153349
2004802918
1018906725
14285463
900487638
-1274698050
-71182553
-1073511143
-1772006825
-668906498
-345755058
-1936382893
-1107360358
-1189661446
-286689395
275399858
-1824446960
406103803
-222710852
1930861825
-474681105
970785182
-497899537
43913195
-867120279
-1455135236
-31765564
-1022713410
533462815
-234148853
2117902588
-146438543
290539992
1297140291
50048076
140807144
748565613
807080836
-1099323531
2079155317
-817076985
-1353126090
1954332818
1906611618
-1188994931
-2003439694
-466290000
-292155603
1712615255
-1343853856
1125516195
-647909805
864131367
-773195488
-2011688169
1270231377
2113662040
-1371767187
557786853
-762749145
228623447
1502355903
-1687605081
2051303326
518980434
-921905487
-346486642
1913110412
-448564432
-647471772
-1610794638
-1986396842
-2057780800
-875307870
-565249494
1959360951
-1459991500
-756909498
-1072240611
1027651774
343813584
1077843418
2108315417
-1924538595
705250781
-1695970944
-1198699934
-218253409
1362700516
-449047274
-1491965170
404688122
-1965068008
-1864378475
-1194094705
1739283399
-2093145581
-1617134919
1450354833
859185357
-1595665467
-1336314650
1975265030
531908485
1984927912
-765491894
188821374
934378714
-1348152520
-336376258
-1391382853
1078028847
-669094238
-283856399
-1801477244
-493151066
-626086213
-2050697913
1096561081
1986862239
-627176653
-118559490
1196446375
215808383
1251723786
-399623918
-428394851
571297202
370756930
-1485974941
1169796031
-1355710734
1226835925
1476734612
281091609
1508294344
559762921
-809599435
-1888353033
318639955
-2028047295
929188131
2047824243
-2024058809
-106237193
-1103762130
51229262
2101975096
1460764520
1989206781
414630147
1206214168
525881710
864480558
1512664089
1430337278
-447739948
1055102401
-700042568
-84792280
1061937158
-879387210
1827341695
-1006834365
1593390344
-647019789
-1395924844
-487759127
1555790249
-1375043477
-1217236228
259417450
-2020531721
1374596221
314599211
143629262
-1311166475
-1962468967
821371102
2128856858
1956140939
1548786985
-957283287
532807122
-380113475
278798509
25008587
1793629119
94902047
-1850564312
520299721
-2052527630
-437130872
938557626
-2004255431
944685832
920483077
801787534
-194296738
262649774
140175377
51800309
1946142197
1614378855
-1700969726
603921875
753998542
-881884788
-951562555
-2027508423
1547264157
1426350740
519752397
1370935891
-1524950255
7012757
2021197384
1746450052
1997935142
121684491
-1035249517
-1315540273
-199540297
-1155957289
1558654192
1044956024
2035789398
176331657
28349814
498717162
437728095
-349518623
1569560904
-1211090725
-1430413750
-571473518
-1683770871
1562617517
-1427788991
-1519502774
1768631439
-1441873385
-2036680974
-1463523346
-1211408170
1189623044
1889221029
1793520426
279835958
-1308163653
-2138224
-818280408
-1532583720
-1546353089
-763342230
1855382174
-869260954
1953550840
-1529739203
546002446
584472577
-879480430
-2041926784
-1278011831
1538310520
144905508
1810886756
50234420
-1525695051
-661146475
850652014
-2026700082
-932029830
-1682500037
-391103163
-282257295
50435405
-1271047228
-1278761011
1147986007
-450279247
-477660839
69427315
-1074163617
-592037738
721337088
-1568492598
-1817110767
-1755057647
-1955808191
447270487
-656075297
1396470351
-1364937204
-1700938072
1230420909
-774453049
1591297753
-1925905237
-390642797
-895407953
1791236368
2057126460
-622126111
-365552208
-1741222996
1776410879
447347043
545511388
-704331494
-2088713873
-319399195
-527973665
1688778854
-859617481
-594853639
567270516
-118139751
-827631936
-720953865
1091993115
1603303004
-12969974
-58244540
291802632
963480544
165647039
198658263
-2056172706
-2097267967
692025221
-980662279
-1061803620
-1748956759
-899110253
1939589707
1008758615
-865621902
-1654496377
-310717427
313625641
-247151729
298514037
114391196
-906339863
-1622442516
1701943875
-1668037572
-1066615524
166263442
-812269517
-65470952
1262639274
-1046308784
-1156853568
-1848211834
-563197740
-722877545
1160798638
-1410083442
-168093339
-1472167259
-2070922916
1816223148
-258643161
-1294458906
834450268
-1921755435
1645673624
-1417308522
-1003922875
1831187895
1374489053
561882538
-1788294457
1865601861
1198536695
-1492865808
602682367
-1677555598
1425243956
-1470318475
-1396045557
-1441152453
-1800222489
2029936166
1866840033
278319595
-937348005
-1563471431
2115729756
1809513882
1034041092
-791424307
-684683625
1277039862
2042104823
-419014321
-210141314
1595936325
-1033558373
-1110236128
1408052897
-152506454
-316302176
795577844
108320331
-406353754
1019263792
2046774397
1412842195
197378017
-1283310747
-1708655161
-224993743
-507414230
-1284650502
-21649435
791371987
1994217404
-1074342332
-1999565107
-1112458319
1365041347
-1896752030
189990016
2070679455
1914683934
-1609326925
-1468131475
-1508719135
-1139261083
1319502472
1748648727
-2095243772
1965889324
-1218345958
-255293707
805029099
-246990199
131429822
1524533144
-1982707417
1668440275
2092465750
-159867373
-1662287732
-501271124
-870446326
1907554710
2123772672
-1090351294
1059366968
81835868
-1868489066
-922934575
-813927000
153228487
25864410
187399531
660875780
254353352
-1997942418
1207321851
162421126
753830276
1507539413
905381255
38269939
-1324449996
-1768532338
1460014772
433335751
-1012945588
368844132
-737532529
-545175375
617926879
1999750404
-764735862
1719463745
1138457409
-1787860528
915682243
-1213851681
1248914413
-934040590
973400972
-813325569
-1915738967
-1467311438
-415227097
460728466
-1708483609
-1901625076
-1161465391
-898193217
-451989138
-940152963
-497428479
1705710546
590956857
-1274847459
-343494927
1833491828
1903964319
585296370
-73823139
131927836
-2061684301
1898452098
-1093132662
-1094939195
540080365
-399895383
910640265
1380353761
683094281
-788233811
194307772
-1632880499
930707759
-1143309937
2108183449
-2056222459
-597616301
-1667872861
-1235934035
-1140514471
1934170334
1071931490
384364516
336723808
1552456589
130139775
-166967033
1498395373
164341913
-203215561
1509152645
-1163150784
1083097112
1757113325
1717994613
334606783
-1980505437
1966937845
-1159068453
2041268966
971894583
484200879
-1699265495
2106867322
539589472
1444097496
-231967991
-1910591996
-1847031405
2130455580
-1400193447
441952381
1870184923
1455141358
489288311
1011009093
1480724664
2091550876
-785609027
1103040602
-672804797
-893339235
107154767
-1636391227
-1010507882
-387883987
1505059603
1937627735
-1262138262
1469917211
1599470592
-1302483563
-610897152
604692961
-1586382948
-326045456
-667109307
145880053
-1689998913
-1925550535
-1633926608
309643614
1454613404
-1404184749
1263293039
-382878327
1174849793
-137597911
-2072828095
-1551190692
979482077
-1538159646
604276389
-236931701
643430403
-1321556653
1639667636
1567754795
-355147475
-2122761547
365489739
506909572
929166658
1070918807
1874521324
2044791850
-1898481445
1464778773
969072869
-388866994
-1991580669
-2051664822
1972960434
575360593
1037516094
2056452866
1877316767
1166063769
1698668748
1183901876
-676118095
1119711400
-761497554
47181742
-1557803322
1803787114
-1524226583
1798437522
-1613736965
1006776013
1847077257
-1105413632
768025677
1751677079
198442984
377502100
1731228034
1995095667
1343964080
-578990061
-1797207479
-2132260020
-1901276643
-1895407904
1774114464
2077523421
-737609721
1132991668
-730073483
-628511608
-304288993
-1756420211
-270162288
-1161432473
1339429752
708524519
2146291631
-973129311
-1398675127
245260073
-1429838862
-1581443330
1273457392
-936643742
206499449
1199327932
2001956666
-1697596876
-1797719733
-133629278
178345953
-1199998704
-1254986375
662305110
1226696789
-1418952541
1731416450
-1228362005
-1631959873
741202319
-1912698375
-341412162
799104322
1563232350
-1174699931
-1075214719
-543012477
1459002547
2089342055
-1795640680
1592154219
-1533870143
1959164706
-432102493
1670502443
476001793
198701270
-450735781
1683675776
-1388083169
1239769294
-1299458399
1192327480
-1107867852
1076684668
987362004
-1412866316
-1958731718
-1780264223
849202274
-234055634
772715196
-675936974
-910702431
897314941
843144909
582344120
-389444385
985751575
-1242464710
-1383248905
262044855
1358777751
650018050
-60690158
-1553118810
1059039233
-775060218
1189376877
-286627875
1814699266
-2090094340
-1156093804
-1655931816
224980859
2141977257
-327124645
-1042212818
-1971047872
-1120315313
1694835781
-924756693
-1121752292
-1037517469
350667305
286992283
-990256616
119403139
1348972818
-1845659288
-374202116
-1026459482
1306380647
1407345255
1184065302
1446308756
1016365387
-1303113234
-1742465735
-749299815
1176724038
1186872745
-1766304248
-839109003
788772132
-288937555
1913423476
-2013788266
310020125
-240607795
-1510006142
-876955768
2140828469
-1265476564
-411682223
1222101676
1265811173
1822747923
-21449893
-547782873
-440938245
-1767058427
977525243
52189725
730530750
-827096561
-1364588754
-1086729185
1170623317
-1661167261
-1383113059
369940705
1737641320
2019251751
-73013030
-1412297168
1968426759
808792202
333090282
865146402
359111883
407112729
-1191660541
-954515314
703746362
779847759
-1088256362
-1363189826
-1753506449
1570391666
534260110
-1692814237
-849152006
1579759772
1713921242
-1637735224
766891524
1228426775
1632195625
1779053386
-3288393
88674542
-360659212
1285515271
2124376284
1942816960
-1003586367
-369221162
654844613
-442042665
188537252
-1473510794
636839020
1820016504
107949833
-1125094903
-2010434596
1049433212
-130165583
-827017790
402957263
-2002045665
-462664198
1302148573
251511960
-1098361065
1787166562
1399262927
1936801603
453545192
506607693
-1197049409
351403770
-2133967498
1578669318
-1748756428
759925929
216432859
236649731
282021646
800719077
1260254842
-902119060
1747377338
-577458167
1115973716
-388849698
-1671946591
1303704738
1110888346
-1121473173
279493088
-728450036
132943490
183463397
-1597662402
750172508
876475229
277453660
1246593626
-1952161152
23550185
1284530660
-241398748
-2048123995
1772976099
-2075520101
-1281265522
1984705752
-1078149664
800299241
-1109629054
534617583
-1499021987
1837834505
53668118
853243050
633211668
-499722552
121814269
1439879444
-1480450927
1339792781
-980284096
467170351
1104280579
2025069208
-979275730
-1978123057
-290069161
-1493660018
1136663953
1173128902
461185154
2074886964
-137247966
1726601281
611233054
-542273157
574139453
137199985
975213368
-592329796
-888262440
-939257235
-1351422617
-22652861
1677631409
1189530454
1466499105
-1383765999
-1866655802
-1524798789
1588326985
-1136445987
-1068038902
-616300993
-987235573
2136418652
1911960661
1540004217
837687532
-322782526
-1524911461
-1669392613
-1953389028
614273671
-1353913504
1167018069
1524260366
-464363154
-758138261
-1049348485
706259018
-1405995838
-1029086023
-1659020572
-1980547967
651709154
987737268
-1950551787
845312993
-793793536
-398821979
1409599263
2097077163
461900581
-1414026650
1874145349
-1441932031
-1020152969
1791646555
-1604977183
-1928294908
-1399552578
-510048351
923509383
1027997726
754633252
-1895807608
-1208425622
-1412194405
-1282352580
-967098817
-306201602
-782534530
2141644613
542683341
1706711007
-655264622
-749576018
92074056
-1011923216
-203561282
803258077
1910411584
-497922105
-1716717667
-395987413
-1657292165
1863681096
-135280818
1120605747
468667623
-1578861425
1712150664
-1989617332
-1065871668
111008787
1355716848
-1433393069
-543979968
-1799518969
1345460910
685528749
820547296
-1142153725
-574008515
1254693515
-550062404
-1337012765
1672115074
1245545840
863534739
1505513967
1763650848
565149935
-876111553
1940574780
1542060298
-461646919
1695065714
-352577455
-1870613671
-11865385
-1131715422
-2130441204
1513398366
2082153267
2592321
2055183046
-1423102213
1745661788
657315377
1408265397
882641966
-1214958199
-1744324745
1832127634
115760110
-1131720226
-724038610
-1837931141
-790090950
818686190
-400973891
-1829651686
36990830
-2075093376
-1067962292
1964015621
-1081792809
245367958
452170611
-1404064153
531918474
-974442838
-2136739276
1214809824
-204430991
-2114366150
-697216981
-837101142
728421542
-1430870649
1111478787
421740028
140526851
-1713710696
1848997676
-1118643278
-262895111
1225479301
1498757834
824683309
-149184096
38551281
-654913552
416173943
-911201776
1405642711
629239053
728034987
-1908188178
707784074
1749244582
-404181869
-1866884535
-1704332554
1470576965
162376594
884976550
-61479637
-844942671
-270813244
80867417
-1189276388
-1454536098
-429391773
-1051710954
-799168093
-1421524698
61244268
-783439673
344206791
-1135296455
-1844179070
1098313887
2017017665
-912277678
1554251793
-1050464914
1092428092
688708139
-1427433547
-1908865226
1466120029
246319411
-332194595
-2014073857
1115401474
-1208585859
-2095506261
1980637927
1092209869
2126069754
-2129496034
-1104659332
-1563833245
1673036778
2018713459
345617485
1932595312
-506774385
-1924030521
1629312958
1061170414
118820388
902555393
-1442363876
1666065831
608653836
1408885230
605462001
-897010952
-1981385138
-1211541332
-450614376
1016958678
742481985
1204858188
1643441427
1916603926
-143669629
-832806733
479231771
-598308376
-1467501009
1859486144
1441318776
-923574876
663336782
1258121907
1688301715
-744653623
1367753869
-1336053556
-2003105208
311092545
-1955165648
-82875854
-925965311
1972859369
795713607
233713174
205911040
1420480849
1046918174
260797208
818307067
1086366911
-1136143111
-382029847
930642669
430246778
-1325901824
-1739136463
-1568846806
47717956
602212216
-1545379918
192803764
-1473306841
641438003
1208358316
-1545830451
-286105228
1992943689
400284291
1487144909
-1901908472
-1073377784
-888293985
2011111477
2105878481
1619654184
-1583857261
-2556925
-994380656
127695427
-1683714944
-734081209
1451109856
-717778813
-1218176325
1717323510
1391910518
-1224328804
1641541549
1980180989
-1246294103
886299133
1401209082
1299937177
1663249204
109310529
-1651197979
-1398106395
-1302842053
-1763153173
-922131213
-980063308
-642964853
-385587373
-1901671987
-1938660192
-1845702874
1270141914
-177562262
-522332574
465197309
1905730404
217132653
-94095260
-659954945
597291015
593201099
530257556
1916011602
321549055
1231076272
754371707
384460767
-1196619803
1567520931
1289248141
-1908908012
-1960956128
1046170855
-1909457214
-1885179164
-912473189
1634679844
-1480186523
262414866
242571192
-324170937
621162283
-1351912529
-1336808061
-543889754
-1019021434
-1834615071
-1062175189
1614366310
-853610949
-141852443
569771181
854406432
2051441458
-1248969130
-1835335727
-572105534
-1924858996
1859761326
-1320575142
1252228531
-1255603206
-1135845363
1721045112
-1969736646
1311741004
-484337351
-9134719
235221024
-2130642872
-213069850
-1088121632
1361691283
208998845
1171760438
582626125
526771788
663824343
-1213683070
1272368446
-877517324
1640159155
925943898
-1917152356
-2075851581
-1954481611
383357386
1606209466
2056506730
-357264615
1659832287
-1389567358
1666640691
165223752
1281593705
-1140010256
-1575472795
-1612396436
-1435161855
-2059774012
-1152142100
-2030142522
2560845
548554867
-1113973703
-1307528642
938702722
-756700834
-1347581593
447054779
206365738
-1009334459
-1786740066
-630624332
2126478886
-1725426178
-896500548
58178823
-1107408906
682477153
-1416893391
1500283657
-584517832
-1934735482
1573781546
677752797
-128246162
-854776014
-549950479
266182665
207466244
-2074147443
-23731565
1927224134
1566578576
-862154727
-499767102
918276759
-886144421
-267012129
-232857347
-1167361124
-1532037089
-408578326
1396340205
1011598631
952593170
1513797881
1134610194
-815996657
-1804931549
1389280111
464223134
898748228
615292034
606304398
641867680
1872172579
-1533348506
1414214116
-85430427
617919500
831434762
6581764
937129243
-1784342992
834948087
-95847047
3169462
251930799
147317129
696179447
867312150
-1617505311
1202648747
631954132
308903273
2065464051
76831716
-158048842
-1500728882
1080119222
2038846871
-1152550260
-1958010310
2145488819
-1487432314
990532545
1069731999
196804226
-255342441
225676207
1504455498
-175427237
-293552933
-783872943
1831521420
-1313964051
-659463221
1980831293
351801500
-1170428306
266351828
-873280816
168207803
-1403149069
-1876773868
-1442142806
-368280935
962709504
2021663078
208050524
189968119
934200931
-1742629988
-2068921504
1342270093
-1890914243
-195951606
1748167497
1041743405
-404853920
158666315
-369868486
27128615
-1281173280
-1102878657
451415964
1587735791
422526948
2013812306
-448310261
-830766851
244797884
-661938172
-58035312
163899636
-1070441672
-1895315292
1508867605
1964618502
-1110477001
1967427678
-665012971
1266341014
-681453954
1558839672
1901611410
-580599010
-1752616758
1738575320
1256817996
-660424878
-1006128345
987168969
1925632815
-1183809915
-1418199166
-1907406594
-1049142516
1402830412
-1851059843
1998544598
-683268980
-932589984
-1707139966
-404501791
-1873808032
1442876616
-797067494
1857392802
1003773629
-1241460681
-1650399361
-1974632042
-1736069625
1538841778
948168047
-1915011979
1260041420
-691175819
-2067946174
112614583
-1591698445
373403415
-261062593
-998990247
-684050892
-797906708
956010026
-614991392
1524467147
550554794
2087683105
1454636189
595028327
-1837826738
-1720570713
1964630323
15246440
-2003151296
-430387967
-1760613290
-858868150
-483598411
-1678570560
-351612459
-1405209253
512632148
-1509610337
45163993
-675569484
706204443
-1408649842
235347566
-1164255898
305183876
767545614
1842981187
683463410
260616675
831324607
-1625417299
489020159
-411973615
-1005716681
1776087793
341768262
-7080370
26981396
2139656898
-29423408
1940008547
-2126052012
-759857144
-1026005149
-1668918521
1042180835
1967284706
-249909191
803975299
-592004747
2119820014
-629170957
-1285170280
-785850987
-1348926265
-921359411
-638838112
843315198
1548265423
1134986769
1396686066
1121217321
-1891546323
1239964112
223741067
248884775
-268678887
-542860592
1044678121
560855216
1439044438
489479872
1001988666
-554689413
-180800512
-1139160910
167051190
-1794039857
1214387847
-590268471
701768776
-800821927
694672635
-1565250255
-371091853
17476928
-2104048247
-1921999537
-468572045
1412209526
-1452481467
-452812743
1321095586
-962826415
756167977
-1766607512
-300565987
-1236424615
263277149
-350351700
969759911
1442600035
230038200
589633119
1265853133
-1478876450
-2108902266
1530111197
1658986313
-1146562196
1842469003
-735864525
-503461205
1966013876
763609416
-1489385195
360638005
-1049835402
601987708
-505644011
-1606063865
-658197025
990670061
1834608146
-137421957
-1951643874
644121191
309810414
-986856238
61786422
852133380
1591281027
-998240497
1423258901
1838933166
1860031446
-1615182557
-2128380698
-705285662
1351170701
1589268297
-1978869086
306549942
1053382046
544510387
264631277
-237076196
-1358046135
-1916956314
359982879
-2019344024
-1593817529
-1609661599
1756140960
1538921487
-797142973
467741188
329367416
-2023693903
132993929
1361159344
828228645
1127731032
-2077940483
184227242
-1961091921
-970182398
-33919155
-315735484
54321914
1304535132
-796246934
242192702
-33031590
-804308016
-665214413
1329335145
-2011058836
2023969217
114607731
-2123677043
-682961629
2078276629
1780854285
-658619764
689167649
-1803063309
843860853
-1643515706
-976537273
1029113293
1560576098
-1348633153
-1318772593
1224490400
1906181825
-798241537
295936280
1033847674
-1883933460
512292665
-1784454782
-218974148
-151203557
-1627698513
-664624261
-1972321631
-1103796198
-1561236012
1125997466
1567206526
1130617660
-949647310
-424512917
-603418549
-1033725553
2119144846
-101481782
1203165921
-1333381040
-569948343
-1761498764
1787798917
-280338783
-224913400
955202010
-383767516
-2076886919
-204442217
-1241027528
197321696
1686807771
-1409342198
-1348839194
632747467
-1756916918
-2065677019
-281226002
1508778481
-1166982021
1013814013
5309406
-190361957
290153036
945542366
-1398426914
-175355950
314778357
-146174097
1497878788
-1938984158
-645076100
-935237356
-1501390618
186547103
1834296686
-294330477
281034608
1168325165
624704459
-1103481863
-1731838984
655121915
450949953
1268953278
-35291761
-917006001
-105148003
-1867731417
-1251466854
161437320
1270843518
-1016661781
1024163744
203569505
-1855940789
294747929
1945017956
-1653936014
57907302
1772185400
1800037942
-882566404
1345482145
248313263
1338647685
1790199525
757972976
-1054481305
716190905
-1100068095
1567524448
2047807662
-530849217
-492142190
682920008
2059707230
-310192155
1902880530
98455229
1820071742
1992405095
-1518182097
-363185846
-99368537
-1672709048
-865947114
-1035490848
-526401174
381767910
1992743924
-1276478453
1620867057
-1481886520
-1667336007
478296934
191688867
829226298
-344929762
2142883153
-1840391539
2082795804
323323369
-1258585632
-749995970
22758645
-40394129
1916846102
1616325105
459588686
269084506
1504952658
41514481
-913556419
-1714600276
166531081
-909397191
-742491329
992297475
1996340661
2016918106
-2125071797
-361308130
1343390732
196231329
-1412463837
1712518815
696993141
-896220808
-1460508692
-1649095662
19243191
207755788
495722497
1723487789
-527397901
-2134459600
461921795
-1565812647
2108304084
-2008050304
690746164
-1527060879
-838315004
1281434569
-1261825019
-482340920
1484749281
1219114920
-1649356308
-557009296
1516431984
1843686512
-1987912069
1335383737
-2106287471
-1771150255
-1308496978
996590328
1881796724
-1083558987
1135492484
687085449
1716404555
248291053
-1361755952
-1575130346
-1151142336
-1234170356
-336446640
-642924776
-1012364119
-133670125
1994483966
1844114589
-407181958
201514574
194452134
-797521588
-1168205829
942693628
806463928
47456422
2143566778
-1597194699
-1688840865
-987685490
1130487234
424847880
766926033
2124075018
1322390796
-1597540637
-1533351192
-2054718645
1194027573
420350263
-2132039950
-1167018006
238683761
-527070884
-737345852
-379128204
-1657741889
463672241
1102085653
396109352
-1241069474
-322713849
2105722632
-734297090
-2096676994
2095502655
-1201143798
490788331
6664507
1232435761
-1162818850
1014077027
-2061656122
-1548157745
213850357
-1044458465
-1906769948
-281207159
1597206786
125749792
1715047068
-287335181
70285774
1448702962
-1552353748
673425829
1976294984
716415541
1310673468
208305251
-1482629409
1880642393
-1647459498
-1910480004
-605412332
-388475736
1796209044
251655798
1556981322
-720081015
638336666
310595307
1507770080
887531266
1023895238
-558535763
495433345
1772308862
-1816170074
-1542184400
1196254394
980605648
-186399318
-178961879
-67849012
1427249783
673772314
1072156530
1689985987
-862606813
-1394527671
-1338739152
273714118
434313335
-1847455477
-147940041
340906161
74011665
-1022164125
-470173012
1105805792
700369606
-1568158847
-1166225685
-2060270259
-1469335247
1237642474
-923260501
441393117
-1853133201
1056677624
-1991254688
-1242370314
240617507
1424880261
-922778400
-151836844
-1235457344
1510153955
-86884535
1813654813
155613702
-417388018
834930208
2058213682
-1070869044
944791588
-216022595
1606418375
506371840
1670925844
1363132391
367545397
999295212
1413297046
-1098092358
-476084722
-1458783558
-1234427814
196054481
-647916686
-1344322246
-154980220
-1162866784
1128058016
-716328735
-690054058
-1928489695
-1932888881
1668507668
41586478
725098930
-369791938
1279852966
-479790669
1378571581
800157578
1275047839
2091504459
-691895655
655783998
1155421759
-637567281
1741506607
-1602678096
891981634
397428354
-1908240672
206683402
797449572
-626187458
1751782182
575841190
2078118951
1632977647
-810361735
1965837983
-1837811758
-177667515
1936672499
-529066844
1492998589
1053183397
1259701046
-1086298353
-914639668
-1076519584
321761421
1511541558
-1703178696
256770342
788854097
476878079
1173790357
1382674108
-925943411
-674974023
-705362161
638437357
-933795868
-1320535510
-1696540937
-671331395
-1074243406
-1472776476
-1806834306
1245996772
781634418
-477799972
431948735
-1915283590
-34139553
-405974468
-1308767486
-1796515858
1833915485
1424996215
86674238
-306100932
983664920
52280478
872291807
1370813534
-663317651
157893874
1712300234
-1096504573
1933975049
-93770311
495738269
-2135593090
7151183
519561557
1626366267
-205773823
844046719
-1461745775
1731364743
893427978
140298259
1353213758
-2134966418
-1787591908
2021397356
-135049986
331844395
1439080370
-134911570
907217759
-853475130
1784894832
785544167
-197826517
-2074489124
800664475
-3523978
-761459971
-1439856218
-1173195573
178791338
779305239
-1741306829
-373036833
-1915635543
-1865307533
1878571512
1315400240
-680962926
-1324276713
-629502838
501312008
2110398950
929858477
1618876841
-873226155
737937955
383449170
-85021312
-870905191
-1484489807
-1091623763
582751530
-1803393500
-1411175934
-37403068
335992184
1709283717
-1957155852
802946570
840075761
-1433026243
377691257
626560571
-867127271
-375598154
-482270855
-621764244
-1053400330
2008748147
-1859519242
96530141
900975311
-462442873
1835699313
1308184593
1749828918
-354320821
-893560180
-1849943136
1765443913
-1199082933
1529358064
1628952907
-1778627532
521945984
-768636816
585081681
1112877561
-1263819580
1839205742
-1718105856
596694643
-1636124286
-1155629443
1156679310
1221122711
1635042220
-274258105
-391518679
-1670225411
1608531186
1983793585
843914828
-860037986
-407908560
1787961148
2107703635
-1047365409
-771366873
-1787753298
1485722193
1956100558
-1699175313
704441328
-58059999
-1852330582
-1592791636
229543994
704454586
10389672
-2133514241
1623910508
-348542265
-1495488524
1734425279
1797088191
-713855113
-729267979
719011945
132218012
-1876382575
211042517
630606292
1442811339
1001864394
-344514496
1269538984
1566528976
-809869222
-995840149
819084561
-1185624943
-1635578932
923410007
1196122798
1095905084
-842674155
403424598
1103599823
1448371815
313962472
242774478
1621520864
-1959974280
981235272
1943943996
1915147807
304122438
-1268096418
1055466619
1145357717
-645810176
990395532
87297350
1096598850
-715833267
-119658303
-2106017797
1836870554
1270681525
-814036465
2123622305
751484976
1733618238
1065323386
-1616979412
1256874673
200030554
1894261265
1907335935
48409875
1232360448
-260072381
921053617
373048589
-1933007592
1673957994
1887686931
-607072055
946361371
213077164
1361578610
177521367
-426814470
-470945277
-1188275944
-1919061659
-1533608897
263722137
348031513
68480173
-882601870
-523227304
-2013256629
-2064627539
607017405
1788274881
-1537321835
-1705751011
575026898
2042965757
1271257708
652199582
-1675442676
-1436581583
243972251
1993463855
1976470996
-880543210
-535581118
1131815908
-1619605690
-1820987448
1624620064
-5792808
172601107
-383566627
-1574159852
-1412021149
1315864744
395085496
1717453024
1846236296
-1663074417
205198623
-1393923024
-1305843279
-779046123
293867275
1430141146
258327197
-2083243987
553791679
-930184345
885437849
1721191828
531386140
-1294275886
-1089808915
639729205
-729793486
-1552016497
