-1355688069
883328199
-989452731
946597960
2033628378
-1387731465
584408966
-663193237
1363911333
-1114828628
-1910519024
-244858738
90571083
-1903899408
253346180
-788878783
-51645020
1125965815
370957312
1920964579
97746026
-1060991871
-1348012364
-1221068623
-1076182809
-97110653
-983709515
-1634244866
912435952
1108543237
-1917213423
302044611
76535825
548260173
-1429587678
-823487910
-119180279
1047216701
212687911
-1181081978
-1999592328
986761465
-1150073840
1714759350
1758624726
-1214779444
-1890536552
1844779146
1717675943
-1875351476
1115518361
1998527894
-1132704276
-1477868101
1865333147
-130384283
-831140388
206504368
184690093
1042002368
-1257023532
1746593526
-249056904
687512623
-1010462581
287884979
-1964663152
1127138239
-33770615
-281764916
-1275911667
479493125
-227022631
1032978568
2061210458
1414155875
591905277
-647062925
1315255372
262546057
-1069084127
-1586175868
-720116107
758508350
910988691
22192001
-191798854
-1248339104
-762635149
1576591522
692699171
-1909299415
1321020582
-593422732
69497586
1939117491
-1827385584
956150784
-1842416394
-1228183875
-709657599
-1128623572
1234161184
444682415
-1342219537
1037289312
1567472726
-1232528677
-276412058
-2003839637
-1461709433
-1161455611
770530620
525619624
-1531267329
-915143387
1752094216
-2074449060
-1772546565
-185134998
1732882899
-1313147806
-1414445696
43830402
1061771536
1100992521
1949369704
-1162210280
1049073097
2095246397
-747360580
-619044450
1224362523
-532600604
2080706889
-882286773
-595486236
432656778
1514968685
-668028057
1849850810
1603898687
1407270193
1482083526
-1889213154
-931534657
-356432996
1602827153
-1257503248
-588456237
-805990074
615981644
-1043183834
1841169143
853554986
-53449965
-1652948808
1118384701
-1420650304
629861670
-1927341346
-230625679
1505006155
-806527320
1514475133
440190844
860303471
504786595
484440286
-822446323
774032646
-1748663473
321828512
-394096011
-96885453
-172320621
-181978640
1829500626
1470446774
-782826804
-1349152778
-1157147793
-1474944383
-1941890612
807487890
-512854421
-1499272564
-1352069084
-1636549817
1386823576
-408129307
-1578272090
-218576777
1997823396
-547702262
1128418341
-1336594992
-1504429698
1100416122
15026558
-1389592826
1818276850
-6496375
186071516
1594182594
1323080086
1854233460
1975605046
817962969
1125511401
214738612
1059242780
-837856575
-885356872
1275309206
1297744819
1425594944
69098691
-320567029
-1566913282
1716130917
1923604128
672785852
-31417762
-1602569028
-489684768
-1435069343
1374870619
771981500
1482862191
-1990460845
1536671396
1796466564
-1114757056
-924638881
69126740
-426606394
1528183593
-230325796
851241078
41717507
334131211
-79701505
2026342603
-2024169224
405576245
1610262125
1987375306
-1597321641
749168649
-1515646959
1503917799
-444298310
-2121606688
1841849135
860728856
1853704660
1346290475
234316729
-1452817004
923423721
1652144602
402526945
1512480989
1564975487
785192960
101956079
-151360511
-1497460907
918352823
301616723
294826011
1678422932
-1031458496
660833021
-269997024
1585135940
1427837807
-2071651604
-1509624361
-2019381503
1108143685
1812418821
-1723914455
1135449326
-1797791778
-758027995
1629133722
661976552
6665101
266714745
1783267863
567240702
1138971461
-1245715700
-2003581199
937938977
1782737722
683451553
-1059218903
630695191
2042569671
-1774384446
-2050124306
1882058165
-1427303022
1370661401
-1423881885
1525378637
-1856185363
-1865111299
-1093719132
-200296092
-451024513
472052047
-820692214
1457133480
-629767389
-170620025
-96744274
-1382253792
1449526543
-1264742647
1278693420
1445851557
1629738552
1788384189
1069288360
1575832208
772779509
1347793118
-805104618
-530848844
11407330
165287184
112199093
1734594958
1519788550
-2072474696
-1170521893
1843123899
-723238600
35423112
758951672
1997463209
320272317
-1641649576
439309268
-1472991343
-2089665994
982610492
-1576653029
2115946404
1818169016
1862800338
-2106641893
-1723819644
-990117316
2014175707
-483832373
-543974411
-613085127
-944078324
748608782
-2038210348
201318543
1424678694
1967517497
1368336199
566460327
109766724
-1420020014
1149410613
633402583
535523699
1034723482
-1259027464
-1052484854
-1237513849
1953027790
-2054951855
935092127
1602345260
989934760
289471900
-1051702382
903208763
-511054292
103513156
-1972700455
1208884814
1877241888
-171768968
1056138768
-945516650
-489669541
-2117458402
676438615
-319820053
-210319806
-1130239224
-35030150
855880740
-2126900337
124016741
1990331475
1434832296
63317332
-1890073991
-240912020
1502408773
2095148351
-1615081072
-1829883416
-395079617
-1502031073
-1752403153
2147179170
-1111959636
-970453337
870722189
1873823638
-792056322
-599303824
2054845505
292431744
-31120159
1301527876
1262104891
1604928962
434822727
-1407745383
407325944
1561298570
-1241825344
-1437826214
-2036460815
-27786957
1077905166
1388996077
-1946556588
-1064870676
137434104
1668220017
-1233103114
705352599
-568165538
-1257274297
-1812417913
-557449486
1486763917
1017438676
134588678
307090428
-309360172
-925961084
-566651529
-1303547759
1528783191
-1028313327
221606867
867671895
-797418718
201105412
781037888
976369117
-1371394175
2029975163
1395608450
2018947328
-220847986
1189515053
-122489936
-348802159
-1405927926
1963969963
-793565142
-1706996940
1657967216
-934263320
-753567286
412884874
-102199993
-372737541
-1232703399
1409937298
748830391
32321570
443204164
-1700789940
-1581107105
532784394
310367118
-518363233
-1595267227
-334750131
965783560
312820347
874216398
-1662869189
1162081472
-835232446
-305483505
-544878116
1280990390
1334693731
2105936867
-916701643
-2114132779
548307784
-1679171234
-1522492982
1060420385
2127677298
-542524607
880389476
1855352108
1760644577
-1843991152
1390083860
550308302
155008440
1057124706
-1208387977
-2109134316
1805531937
996219127
743407930
371398008
880118126
-990482161
484473824
-276925102
-1438995584
1287381881
715350722
1152469902
-458742164
1795092201
-1862725801
-1118363489
991906394
1888126990
-135101003
294952115
604317105
1625094116
812652119
878641192
240715376
-810759354
694835232
1205743422
1743203806
-451631162
591543968
-382253811
-209675674
149363136
1074122901
326689208
-439678021
338210733
1382761139
2135009250
1925883203
-1463814476
-2128840025
1095540064
-1401367887
-2008011642
-2062991783
-1265212624
-774745356
-1658013078
135697265
-527861590
-1610576561
1621151126
-907668707
1741618677
1793103048
1906811073
-1965541872
876915131
-378765882
1810320117
1847123149
258991648
-743314955
1502160809
716544036
-539932433
-448074131
-1062720498
1706128893
-1980048618
788314130
801029545
1409439316
1535042388
510759485
16965153
-140505981
1156851760
1782199195
-1674002342
512610503
178773292
1822192981
-428795198
-1303722500
2019864378
393468017
-2136356119
-643917909
-1086741393
-523600521
1989975639
713258054
-1683832074
152531543
-1485744999
1849616305
304132934
-1015448951
1875193501
-892380668
1198248343
-736905866
1892392767
183252623
-1153277295
-1960589546
275837219
87228190
1889066823
-490772775
-475990588
469487485
-17920925
1537308875
1533088205
-1913383618
1173868705
-783477518
411974311
-330924103
1509097088
1364140282
1577367890
-503092141
51610935
1657626643
1862321784
1777160963
-793068314
-1793319654
-857451585
1073805074
-1191919091
2080494326
1568642654
1934188577
-1457318847
-119376060
2126456563
1728831344
1696984092
931285814
-142882158
-1067932324
-504333195
-1515563336
-329959135
-489641175
-1367108912
1425469908
1950512354
-180751103
1846364952
935002198
-535328944
1753706556
1185139339
-77020237
468301615
-1433800222
352073204
2124113702
-298284066
-858515091
1037981472
82487835
5452271
1085479890
-584538742
-110867248
584520953
1723513538
-1891654056
-803396806
-778190164
595782701
268359562
302379557
-1858245851
1209660935
-923755920
-498173282
-291466622
-1147796915
989188445
207837076
342804409
-1872924854
-52616039
2067370428
-1958120283
-1418895338
200614555
-1738207819
-1635968159
1113215327
346271607
-1717225363
1744344281
507426411
-1967097963
-127560254
-379509603
1921507933
991386019
-697952917
506689016
-556678730
-61670452
-1214688743
961467969
1460021278
1289682985
-377151783
2018066544
-1526942108
-1336636297
-28047684
633343475
-1088119613
687544586
-1551064392
-1564319550
-2003714713
336771842
-1404180016
196057777
-1134890194
1228692923
-1556226189
1203074564
-791707470
-1448632439
-2092284895
-524381368
-756683897
1106593189
372321364
-849637280
1738983361
-315065503
-691953251
-1673659170
-595970120
-1485811549
1629663756
41795475
275194894
-982111344
1735496149
1347862888
-473993231
1593123207
-1561480401
2090201455
564440477
-674665648
1274280063
1523185204
-1551558876
-1872336747
-1552390987
-860020647
-362229903
-69933424
163573238
-905743775
14921609
1153605125
-435005829
2042679755
452994068
355933299
1278619576
813217122
-876880100
1024560261
1158114240
1593435347
-2114493933
-843705906
-107274009
-1517412992
1296409626
-1266111562
-1301716056
-1463897965
773412992
88003502
-1071621431
-1602458027
-1331586680
-1880077653
2018636221
680161983
-1904215185
1348651472
-1755329208
-1359960239
496913324
-208434579
-1725995415
607391266
2047508601
-1992500952
485126003
-966776264
1914936466
1480927353
-1100093572
349051161
533367612
1239963227
617381883
340472225
-487180152
-12379841
2077178028
51002390
-1036359208
586401860
1361663415
-1092118663
1891965602
335737509
-2004675568
1345970206
-951164557
-2089190797
105955360
-51516546
179511607
-500095357
-105770331
-1002033844
397609655
-1815617623
-1695549482
1216534981
1808708194
1164774693
1961698505
-1439082164
-3490225
-1228684195
910171929
913760565
1026125954
-544489524
-923559229
-1640806944
-985919123
24006970
1750356560
-1470735862
-897450310
-1318337747
1493286201
1893953375
-333225401
-1153901153
719931526
-1526477742
-1548626575
1772323312
1294595511
769796913
-1220971371
-451898851
-1554480152
550934131
-648993068
462722866
-2005235921
-477940140
-964616683
-666117379
-1332669880
1668801443
524473167
414050563
-68037004
1140560858
-665976056
1239657144
171433373
-2030570897
68840984
1424397033
193151678
-1728791703
-1732877646
1638042748
2018610305
-1059738827
-1735503452
381395036
1622052393
-874047559
465695709
540247726
1964503729
-1024293207
1449641008
-1304783032
-1268001227
1993725210
384291158
37408098
1557991825
-2018720684
-761058247
-1243426162
-798090169
172359659
783119983
-1444789019
706586790
1234825488
-894282492
1063758978
1174298151
378204964
-1250374788
1535366196
-1641720295
1016839565
1762837271
631077230
519126657
-1346234675
149373526
1163626370
-1595521221
-615963440
833231038
1142641166
460930404
-1256722812
1396441819
-580156746
-1796835077
1088807599
-493188473
2086383123
-438861627
2100328444
-692639893
469484522
1449429106
358758998
-1165925434
-278540640
53292285
181197176
283642221
-60836371
-1625943208
102567108
22125330
-1974863664
787434823
1980260436
-196305464
2028704450
-1843287925
-1553842353
1698461382
1056604206
1019169859
-1480142979
785375594
709072415
1177962639
-1075875300
-1185267327
709599547
-1834353546
-567411213
-201763387
-848363537
1038251529
478742184
-402321754
1998859243
-871419704
-1304115890
165645645
928573137
-527641021
1084847682
1998032605
103349800
464774404
-2146353098
-399521797
-1482106218
816865708
-619382642
-796789616
-1066578354
-1849624997
600856810
-1864589363
1922758
775824469
-289703421
-1645811601
49399213
-2135921695
-132077638
1782957379
550634780
-1907978636
1511187054
-365785620
-1073976565
-630501617
-499474035
-890582044
-1927557114
-1286843163
-32265363
1750964160
-896312033
-2061888449
42997340
385550007
-2015050458
467853732
-423508235
852388964
1067736343
1432982324
1366097845
1213494474
162645971
-814066604
1551619533
-1828037991
665004307
-1840869489
141795129
2042871215
1304171417
-1417997637
-1299534319
-441917983
984131239
-1538141862
990768414
-1768473094
919113396
-720180925
-55889489
2059072259
677174621
-644952702
1764644525
-1613290556
2007428249
-27935877
-1836288787
1729657995
-466239183
-200352171
687459525
280271659
1048748142
-1617705836
1836856545
-1757038777
1037356307
-1868887032
1026892374
-872281392
493854605
-1073256475
-105144841
417513163
2089643369
1352557875
-1886405913
-1530503081
232584197
1799131496
-365534608
2077696494
-866239862
416474962
-1893365486
71134442
-1210638567
2060691002
-90824483
1621854027
166134595
-1535969466
1691507970
1742164407
-1723577409
-293468897
1357650599
-977051199
-500848810
586246610
1211138811
1913191533
1149522209
-1502472453
1567308427
1768469747
1241760247
-1803936736
22852051
285193155
-1323399904
-161157286
-1410569450
-1562646071
150938701
532487225
1289308529
-829836302
-2073600308
842497257
406273325
1759097581
1903632375
-1446616688
1747640661
-1262101706
1263003885
112019962
994631304
-666304177
1751687556
-1897654920
-2029508848
1399613008
-644807555
732089604
-1257021390
1912801442
-1918690567
2044554153
1379339463
1505934599
1719958316
-1089910495
728714507
1927762908
-1396687280
-50591041
-630110284
-376680798
-1988238885
1649294991
1949929542
497936826
-1637316621
-1096153925
-1695932763
1066040943
-320517343
101739312
1708633067
-1976991430
1756272965
-1046061184
1078954107
-1906466752
1758841289
709122825
916209494
-1846819297
-1131715815
-1894634153
-362767699
-254212887
975291218
992643270
684055990
-1099059856
-440065991
-824691348
-2022488126
689706691
899617390
-1648816587
2115122319
-1315055111
-506781728
691088462
-1165791782
2046985772
719649155
-262478650
1394573881
1547112648
-1722785728
575044723
1973761318
1220380165
619046189
-14240238
269900894
2097200561
665778430
-13263183
334806636
1554520114
-636551494
-319865775
-1856649600
1274775499
-1302440527
-1443495226
1197285764
-2086114786
1758957228
483341026
136026224
-331614735
-1845084058
-136083502
-1613710371
430981428
1894395707
2048054983
-664587048
968172354
1979235359
-1393589032
-892547335
1915647847
-1269707055
-694094042
1718914995
-856325214
-1172525233
330981697
-347967764
1787004843
-1353416052
977638857
-606239537
-1693992905
1586716256
152550744
-1824603935
2093689465
15083711
662706079
1758428754
1810461676
-274549203
-406902066
-101938795
-2104688049
282909553
213321017
1813736242
2118807537
867067528
-685017800
29952986
-148482002
475083484
1391680334
960890299
327512121
-1538667339
-1628800372
-2077870314
-234952677
-1277929489
-1115329737
-378639859
1258641402
-1901285907
1172280232
542385601
1088077214
-1033509171
406145907
-1056899940
-1467462095
924107228
1933216971
2114710506
47915077
1733534028
-2082416604
963682478
-588058085
-2116154076
-1121636838
-1946831437
-452947934
1215099255
195642257
-1418707231
-307912771
1952189400
-815180772
-1000065583
-1455435191
-2060174323
-1894631774
-345597022
-1568291746
1455270913
-1701734337
-341875699
-243528364
519570175
2008318311
-417956426
925713160
1602623517
-1975088815
207129541
1610085855
2097010677
593910674
2025137333
-1477318390
-1738255973
401241095
-1339970965
-15725813
-1356259638
1710961912
820580234
-1749618056
460561248
-323634311
1929518597
-1974476033
885497868
134026771
-831843595
-1212506455
-550587323
752206244
444769195
-1556838558
1483598717
-1308520317
2000928777
-825109320
111141270
1934647271
1238017549
875422179
-1525839212
1182547848
-1931535698
-104605691
311937428
2091773830
-978789397
1152465074
-1817246979
1177606282
561029152
-2101867343
1609899508
2091639338
-56543590
1231993604
1417259285
2108083090
-1436443282
-1175991259
373757535
-1585845665
811212934
-1946411630
-2131541393
-465538098
-2000431620
-1912190581
156547824
1430500373
788728746
-1652144358
-1734248367
1205327888
1711438337
1058047571
391315129
1695100192
76435481
-396620579
1685527095
436403024
810249482
1786205872
1020504638
1376214456
1826118265
1550057247
-1061736369
1986116902
-1217733515
-606767591
-289991176
-1187786502
420883075
-489732693
-667427332
1133988433
-2012011017
27503560
1235924179
-359887516
203760005
-1113879476
-1892740012
584129842
-1463087593
-1583546562
1308520112
-2143380131
1788223712
934674261
-1225583454
-1141010863
1224492720
1824849085
-1378170140
65349547
479066249
315709466
-1487355164
-686557993
1205618035
1598163405
-1423840585
1986205691
-1999297140
-264177291
93964365
-1659873517
-1238799774
1820182968
562385894
-585541796
-2119114619
-1972691902
-739473979
1300540150
452359766
-734162419
546999074
-847539004
895450149
-190575645
1614272100
-1344166250
1358844283
-1583026400
1761115791
1313185162
-1789783117
1065644732
1267507707
-1982259026
1194992079
1096038537
-1230520250
1272137194
813533576
-804473160
-1353760885
1853620509
-860638810
-803916383
40866003
1264378245
-295905902
1881630146
1480239051
1274397027
-724687319
-1077423608
-892749385
-15053858
1904124882
-1621314995
715618214
940014887
1316947410
-1266621918
75970535
-611417891
699941598
-221708339
113296059
497324723
-1104048399
135067541
-1972390325
-729954992
1196941919
1671987004
-292506148
408081270
1196318250
910771660
-1033512896
-162504859
-772791916
1141496726
-1022424689
2083538049
-1214159627
-1861970313
-1243982825
-1495015630
513207758
830076509
-1466219376
-1010798837
1947742237
-27636215
177724819
-150145234
-1028542222
-977619947
109891149
-555532051
-611156414
817463353
540139631
-1806965580
-374812678
-170469175
549638504
-1466467033
-776001961
-1140190079
362810070
-1737135993
-1524860556
136639621
2103307833
-1687503783
-1455469020
-1482556766
-1580161047
-1420669111
1752482817
-905224231
-1542603446
918093131
-1853230908
-1594069218
2033961533
-1468560894
1642536151
915884124
1201414617
-383924891
38384936
-1083879491
1908491866
1104729760
-867498432
255380775
-1784648615
-1095184073
1529812115
-586514423
-1252295363
-438830991
-1504172519
3550038
998526193
-2077731597
342937885
-433758767
460388054
-2049802070
1965532244
-894961013
-1421568517
-1990538002
1769258032
590235049
802081931
-1200609565
-653076106
-1777305237
1301794438
-1315283421
1549454606
1867261801
-2053774412
422818201
-985051879
-69211618
-1704684331
141805231
1315211080
-2140001622
-1281034211
-1257214293
465044587
-1753743661
-2085498658
-1520771498
779268424
-488807604
-1085704569
-905561122
1209802926
-444574150
981120716
1110353661
1813207753
233084403
-918477018
503717721
911920566
94242824
403741054
-1963004626
1926902617
72092805
-2007586780
-1214156759
-1451720594
-2116009609
1643416837
-675972969
1862086878
1183808173
2082650141
-783970626
-1983281837
-1754009149
-1319970518
-1299919733
-2123397618
2043933276
-910405471
1980116333
976609015
-1670347090
42613733
1212053631
1458890997
175368258
1667338422
1429743852
1705669760
114276604
-731317273
-1577912178
1256663411
1029130329
1935898451
6222040
-15626202
1222797560
1242155793
1367156214
-609740868
-1752589733
31354342
-181501902
1600957880
802458350
-176523013
215693209
1006222038
1069561415
1946788559
-1952193058
-2031511272
-1324211282
-862554770
-1904782723
968283934
29526240
-752405533
511073571
-2029200198
463426832
-859888918
-222188980
-2019179325
-404330450
-1067505430
-1973225938
88834089
1924495978
-44304095
-1245826603
-1252026806
-216893445
-1710277088
1863634574
-1766975869
1329026331
-733186182
1701305225
-981102840
1442356822
-1638302024
1923865017
1851202808
97405188
2058741647
403401215
1606347179
-1132820460
-973361324
656685446
2047256910
-138237686
332853167
-1208233872
288943794
-1804976822
-1447458673
387983025
-1862965152
-455011434
-221579939
1078076219
-341615888
18400724
65257843
-304715429
-895423334
-855711980
-1620619313
405477474
400758285
526704082
1187375619
-1540923001
1818446975
1877972599
-1516483984
-707520500
-1628096251
-2076460507
1342510515
454729630
502272292
-1023572556
1845753694
-770056959
-1061395289
1807604982
2017023466
-1840837396
1041265842
-1019783614
-913780244
579511601
-1380816874
-478545360
491521159
-152591327
1111027943
-467354720
1833840929
-1069682131
1572353868
1450175489
1298456153
513718736
80878997
-88854577
1464109624
-592193108
-1954664046
1171109725
1735388582
-1624648461
-951132382
-327958572
-149716194
-1474435576
-1858160630
-1516724101
1569080485
445126501
1986651399
-1687754696
37999863
380864190
12915749
1219776342
-993818620
-2058013082
1881438289
2131460488
231931546
-2064379662
1442491949
66716717
89278818
593167131
-1537172957
459259092
1654310672
1962430440
276075452
-1269703677
-860278314
-1264876788
1781559858
251342900
87461913
20293004
-709145021
536880415
1538456678
-1823106907
-852161208
-1047727298
-1789888345
190102251
-79230587
-1080507506
1746616465
1371945909
1738959809
-732902510
2072006496
-1610760008
-60159463
-682973796
314182854
-1129823759
383705105
1447913807
-668576480
-2101592120
-308055061
-311080865
-537374486
95729522
-108806853
1718465434
-924070027
1465678230
-199991109
-1749398484
-1178134314
1067829043
799364443
1573332254
-439129311
1751406784
621889180
-872605409
-1069312297
1132344212
-965720034
-727762809
1241738908
-1668681336
-150360457
1594004376
367132205
-1927848230
306848069
-721296122
397655184
-951479725
-1707066746
513990841
-483840628
-1690836052
2071152422
1442523856
703178331
587031598
621608153
29309673
-2058802786
-441139817
1787312426
-1429885025
-1846833520
1830329156
2091130324
1013831251
974546814
-1973485172
-1820582320
-377459921
-1852417162
-815253655
1218106031
-1559374488
-1556879554
1740645981
1457955753
1832739778
-16860793
2071680146
212116469
-1422570151
695606882
2061950275
1388260058
2138798749
1627926003
-1617622181
-1186790395
-2052367714
-1597459869
-70878629
-2065741667
-446871415
-1612973797
650764672
-1587464812
1088439665
-1943993554
-504697564
-1830382784
-2060514733
-680933098
-2010461596
-938048983
-1617578413
138904994
830687490
-463879900
-1727161012
-1252246481
-1021331571
-418856800
1403583111
-1283330539
-1358635585
1024923455
-339702839
-819252380
-1991001819
1663642536
-1724819310
-546821424
1575542789
1870276507
1830365604
-2009729815
-2133545349
-1564112827
-1033603902
-110219634
2101780964
-1899438123
57196729
1930370723
2068350592
-584606642
552781219
1575783169
-1957930158
-1010571362
-538981014
-1805358930
2035945547
-1992493840
-573695861
-1196303539
920158887
-2039197890
-1008186596
-1859373096
1405049749
100728105
-1131665905
-1385759093
213234973
-1987015156
-1781722952
-1660747741
-310662850
-190618546
2077701772
-1051712952
473640790
353554679
1530936618
-253593785
-448861242
27579525
-2137074017
1731501315
-984361515
-421881600
814920677
-1382246611
-704325676
-2023491252
-1107649619
-1653106510
1613614467
-244078147
464431454
1355051125
1498776755
-1982540304
1475410012
-978612930
1964287020
2052868056
-1440268403
1307495665
667524304
140274711
1402216728
1009421058
-919074560
711247758
569324143
-244014552
-424403395
-2012564937
-1020854129
-1115859632
-1688136430
-1677563087
-1400335226
1830900692
1813228338
95214108
1094466613
-694465300
165159900
-726691418
1287625559
-763967900
-2077398394
879880038
973162689
1951214223
-1057145927
-541903640
-1623032853
-915324549
-1905035206
186357256
1982303918
624724325
-1068169622
1911142531
1588090703
99951215
-1718032913
653627594
-1759666501
-914734705
973887890
392759322
1673082644
-649044278
16075626
2030893000
-1198885268
965055138
1328828218
-317061663
1661540815
-1065756979
-275126505
123877106
926733446
-434233817
-1321669042
1369524515
-113766502
2063103976
-1749397885
1225731210
-1308582505
-1855278567
-11246819
1244736701
-1352046959
161230659
1598729953
-912547927
-1257484181
155116394
218154973
-1860227679
-2117867690
-277697479
-1124754042
1291454137
620268184
965310590
480935204
1700174165
437068174
849474263
46889070
-1561944580
1785961715
87401389
-2145054096
990022769
1622263906
-434979230
-565356876
-1247621628
-1809633255
319360454
-22757727
1594442021
1053630207
2014622670
-407533283
625402425
543553768
591966343
-700553094
2016587184
1812034838
-1654234041
882879118
-299626665
-454591230
-1842446042
758136611
-1844153622
-348933284
1934303148
-2072887150
770755053
-1774721199
1652157131
1299505833
119347899
1769732107
1587058447
1194060757
414805214
-975573891
-1968891629
325262461
811116193
182272864
1088835382
1903569067
-1815138332
-914833544
1183388303
-1906563087
986213934
1352021019
-666311907
-887119990
-1171296760
-499640845
-562388157
-255161666
-479703672
-1390619646
-2126309774
660604299
-1021494229
659569894
-1406527705
-1829536383
607855592
169309278
500611096
-1064858387
1625771905
728251660
617596073
-94575559
234398235
-52127108
-1746971483
-1023679086
-1290521583
274730852
1466918697
-1916152117
590768388
-1501299667
1344321763
-307966591
1416549174
-1048780367
-1656993412
-602949250
-1960413160
1139969094
-827112366
271200610
-491959775
1479109371
828915818
575006080
1531243488
1145804577
884476837
430300421
-1699999660
1136414732
82277680
202498399
143592571
1379987227
1115605825
1554693083
1232563752
-1460234252
1777532927
2131896720
-904025063
515647764
1082632641
-1480349317
-543341752
-1842597754
575951483
-1599502101
1480381825
-491067150
-1123366284
-741617121
1770069300
-179797287
-222072260
732758316
-61158772
2126003742
-621826083
1942135588
212639167
1226905543
484574032
-1716108428
1466454695
-701165564
-497127886
1677544334
-279563886
1606962289
144515767
-1709393721
-1652270763
-2043569512
-564875810
282578049
-1667754329
2144474809
-184545050
-824763764
1192025259
1571420876
1441299968
1866963401
-1928219954
1119672774
-1077826491
-842556656
1617898451
258460443
-1692207382
-873346477
-118670805
-1829746044
-1307133007
-214655485
-1286507127
1824182274
-1130582878
-945366862
-41704010
1074029601
-929888005
-1469054727
-51403103
418034817
-498732700
308671387
1847130553
71462033
455297894
1609495530
1187354751
225695390
-1056643042
-1203118487
1550507094
-2104358644
-513154515
-1370201678
1071681437
2002854882
-602708238
503407001
-2096399361
-1203477877
252206843
-1775245166
645007881
1851065818
2118560183
481643343
1086506492
-1703978418
-1432362895
1383293613
1786633700
-971809129
-1330981767
125698000
-1049629464
449498712
-778945373
-1444872564
-1279416348
-1013017298
-149142027
-959800826
1176846132
-1673400847
-775029861
468969371
1578338770
-818302407
1187559966
-1604609025
997739939
-206922205
-500227627
101023401
-786024179
1424067669
2109881499
-1263325330
-230661684
1834282558
-918631743
900801132
1358978310
-452000606
-1643254970
-1256393175
1547519132
-194732971
828085061
1001949179
114113986
1339315014
836274350
-676369751
593515729
1697032639
-2137729992
954901330
168608347
-458791958
-1984242026
-1729572723
-810422912
1205141398
-909988632
-858841135
601407359
963330619
-113774476
1825158423
1963793551
-1384504517
-744170091
1142450365
-552233489
-611674518
-790692365
462356397
-1892964036
-1394148656
1108505075
589185470
967319810
372584877
-1732553359
678269529
1203530388
166502844
-1534837844
-1360859297
-200608481
-1995265348
-117705087
1257339466
1602088445
-447984341
-1937498916
627371922
232582726
-1560540588
-771947413
-1243434927
1486319021
-267435892
-708107629
-331398615
2000883336
881756088
1075644583
-1596888731
1302992688
-2126982639
-115839145
450511198
1614261386
917067051
-1425537690
1269561119
374645221
419725106
-1710557793
1806633548
-668929529
-1859617673
-1956489207
2113943615
-148687486
1361187114
2139619929
-832604813
-1589073333
644795241
1157458855
1439340837
539336844
-173944455
-847734939
-1968922824
890200248
-1466904494
1325415308
334799960
-1431970080
109235808
-1511549417
576061538
-151728315
-986519929
-424827468
1994728195
-1682378707
-1374343320
1321908665
-418703713
2110758138
90985186
-1263366828
499371379
-1364984201
-861759013
-1728028154
-2045141763
-1412535179
1463906368
539348306
1632799642
1330631830
-1777425079
-1941164623
-1544399759
119290472
-1769542655
-2052851000
159270287
977577141
-496934907
1264346332
-31564717
1715604504
-1824517493
741406597
1225344012
-1394073901
1047389094
-1172163679
1902058208
-1935675936
63581127
-1664527221
1928405231
-302524603
2114386311
-1341737843
-1347242569
-996720212
-1989744733
-187857774
-277723207
997850418
-1921790138
1724304160
1748965981
-566207106
1844959886
-424616316
281740818
-660709098
-2078885048
1711263310
560305849
986020333
167578110
1603694591
-1977603005
189385535
-2038951628
1656161024
193003928
-1245908831
-769095443
868589526
1965374906
1447404115
-634976652
1768285844
-1592757462
1327287000
-468114344
-954163056
90845578
575529416
-1440569673
810895705
-11498109
1906417636
-1978785857
1644606184
1114686184
1433886827
1589434482
-1622066924
-2138745573
-1832729685
-1784282712
-968083381
1676366255
229140186
405369178
1895807871
1198954830
-1299331802
-1577422819
-1556966051
-1245228323
-803367414
-819242261
1365530820
434171101
-217891614
1168842025
-1165368204
1004884244
87367105
-611203356
73037318
501034604
399436674
-39206050
-463046629
-1482654438
-2063973604
611808201
-300908584
-863985406
1081419835
567882322
-1575735919
-1819816359
1311454987
175505760
-825367357
-1304980340
-1739612330
-2066650339
-1674473656
1676325728
1051933904
809456948
-1567760443
1671208537
150167729
2019216604
991741798
-1659153824
-908910460
-1571877098
1547244237
1674469791
886718015
-797814478
-2078514617
-91727441
896662930
-2103046762
-1551371968
-1752832011
560560771
652794050
-1997676295
336617544
-581937862
1237451406
-740820361
1181714903
11519769
300910518
44309438
-382675382
1477932303
-498919528
964543551
-1702336730
2088014638
941830715
603944078
1005749621
528428410
1626448531
-228731561
58879909
-1116558845
753457410
1252645266
1068868016
-1979459531
-552211934
-438939659
-495912067
718807405
-936561215
-100624470
-1036031611
2045161168
156498476
-12358590
1749021625
-2023385000
1020876720
1968569576
-1616161117
577925423
1232963677
900252377
-1615361333
-1564031681
-1987162099
1658112787
69328475
-1447142391
235661476
-230070452
839812358
1325290678
-8786280
460290597
-1200176604
979988331
-1774972493
389599903
-1823665887
-1426122783
-2091479529
-1350219059
2031153176
1309148468
-708398717
1043242443
-368955206
483164922
-588779309
858204398
549319540
-1774340202
2018398669
-953742276
873312465
-2034467890
-511234790
-1742316002
1129510172
-272787557
-954364783
-174430636
-528436663
1555331136
-2037405253
928453672
-1371714540
933933982
977227923
-1437260826
1423360618
1065086149
-255907187
766551946
660905480
-1324159538
-931449383
1060824763
-1710652574
-1384248601
1708846312
-583677448
-1392472123
-444718418
-1629494738
-1451342576
-1136597825
697618371
-1641294806
885945559
1799620030
-1865703528
-997884509
1310155798
1042410486
-239639926
1403233843
-578966589
-1761610616
903342389
1400518409
-477928847
1593707744
10863363
347953129
245174025
1587528030
1856295430
1544214647
1393988282
-647687625
-1628715000
1365928373
-1777844690
757150365
-402792225
1004104650
-882145795
769365534
953511428
1352619013
-1805514138
-1930825655
1037240166
779349792
481879612
-2085090666
-2010221188
1028719560
-1998751459
312251527
-1698453351
559749468
119021802
-1469558262
1642549635
-1040881931
-1959487886
-632337375
311684933
1639526054
1510400368
-1147017276
-1594268093
-1176958716
-38332489
1271269125
747009167
-1911495448
-1548919893
-1522624395
-1188784261
1474019187
-1801794061
210909382
-137087377
1390172241
-1246534036
-2016949583
1969235708
-1033476542
1257760864
1094330649
1371332144
-590868522
1957586423
15882096
1192813355
-1934906249
-1055193363
-2134256550
-1175890190
-1746529876
1047660164
797766287
1419158915
-1517948773
-1961419588
678386693
790279208
-952301616
-1295137086
614671181
639836432
1283730748
700523173
251987773
325019675
-1134070657
-780053937
-1680421682
1791754484
1576531305
-1015047758
-223685816
71879268
-80415042
795978817
-1791867236
-824551707
-820608711
899145121
1557238800
-388305290
1635753683
2087266720
-1326119647
1197037997
-2088842684
-1042069659
593077412
875612690
2141672137
-1309918231
-65220051
-2025426007
-1112098776
1880498085
531048373
-2129744944
-1436204303
183307149
850236790
-1941659317
1282497797
889348412
785242137
937230749
-219582884
1399317103
1526312211
1374494617
1051738626
360729527
272001356
-440045769
510932833
909272682
57464321
-1005098325
1494336454
-974731814
1113552874
1223439539
-354547683
-293100599
1520149662
-105739216
-1092714753
-1170370533
-1885599178
-620763912
1774126830
706406349
-812020431
-1693861398
1101515999
915621670
-1762549609
-795251646
2677496
-138712277
-422085536
395199533
-1836494951
-1306446249
1064818197
421947039
-1524334432
1439878283
1980563383
-125774748
543133417
-886638013
-1361342240
-396900747
1298542099
1397250826
-2014446040
789838732
-964320119
480768815
233292490
-1219572998
250169280
-1131204423
-1095827322
-1243475784
-1880360771
-2106292329
540391880
2030192315
1801872602
-33219301
714738185
1053843339
-1164308792
-1154926935
1986461812
-225036778
1557488599
999841707
808845517
-273045823
-672308876
-485655865
-863318386
-979393089
862818035
-1647693228
1203938898
1635378854
1579634575
-168002551
-124712586
-1081153217
282448046
2051810295
369827837
775258013
1075583080
1640075961
-1494428492
1857692016
-797509558
1318470377
-1664020586
1559601306
672458838
-1248683563
97038961
-759033086
2032275022
2040797042
122829769
-504101464
-1019808463
-1500376688
1768829947
994790650
-394479355
1097231950
-441792347
1009780325
587311831
-192736815
-423413179
222666542
1155903744
-139201744
-2146041825
-232328063
-1699354711
890834098
-620837276
876339402
-423410288
29530939
1229957776
1355401795
-1497872117
797794562
1509382675
2053506765
-697437875
477355911
1570240307
1493838084
1547732967
1030012100
-2035488720
-545813875
-1339490670
1996343202
1780217000
966305713
-1746410197
411979694
-336571075
1264853039
-1143260162
616219660
1321507188
195981645
-1578588602
-1706635861
88770528
-1483424464
1249493236
-164996935
1252940927
-889441427
1193320879
828981593
1250232675
2118577887
-145309156
7116691
-1983160940
-1441243974
1982389086
1108848268
980825652
-1122991904
1069970912
-104699146
2020744676
-167335054
1209282897
870679753
334691942
482440106
-3405584
417116210
1473955971
-1263334424
-56158199
-1360141876
638072367
-31571190
-960453954
1409557005
751635178
192530176
-635803894
1803527170
-488802712
1076657310
-1557759485
-1268509890
1207991667
1142358196
280704350
55135503
719555856
-1307859365
-115738312
-251528973
1441897441
-141064559
-1158035949
1714336842
-1741652535
1200911624
856879902
-1406417588
439176661
-2145063366
-759593800
-265123524
-332721575
624448192
-1595414730
2103906781
-1202389158
1405551588
2096370148
-1591892443
602405675
-321178252
-1522182582
1764432432
-1285732006
1400146137
1560371119
-1580322185
567967692
1923204455
1712006882
-2031122879
-1714869722
1796030965
-1189683657
374904153
1304084334
636343216
-1874716208
1566180608
-1411133966
404182572
433043485
929314853
96698728
134422715
1687899813
-342575405
-1489311914
-1906705150
-1227874555
-798091030
1051301299
-15830328
766236729
1847027729
1222350798
984579345
1926604826
-1948570390
971949423
-1316422549
1968595239
-1402102904
101967931
1437104775
1640413319
-385576163
-864922788
-617475318
-887824306
79914231
-239414943
282760613
-745340417
1403492013
1231096930
974730595
-1324065455
2034439061
-1035938713
-1426826943
-1493758154
-1755086472
-941168631
-948805117
1381287192
-1165120376
1930109785
1609595205
930406501
-718324078
608450817
-315703857
-130101683
-1982319249
165370281
-1140694739
-1844209718
871419072
-819434084
-829191553
-765334048
-730345767
-1622817622
1360401037
-1128778202
-1063223043
947150927
-2025231074
-2025038972
-1712939316
-411550700
805131145
-1003919555
1436686585
1690712117
2040398988
833562159
76254015
517180035
-811324068
-183476647
-331506283
124836235
1643237372
-515876706
483312799
1813603832
1038531282
478724808
1851921768
1287710261
-359897738
1930243534
625287246
-2144274346
-1897773363
-317608871
-98826435
1521569336
-397346730
-1725016700
-33799393
2042886118
-2133083453
-1393446941
-1956000621
1886482494
1041051595
907036871
-466510884
-650752044
873815358
593492927
743945243
2002700821
-1587786407
-1010717088
-2097271360
-1615177553
-1490165669
1376027721
512619582
-900450000
559457111
1543098209
-1866388738
-1971085075
1642250316
-392085406
-323326571
-227488988
1553292146
432610203
609443640
-1185266332
1498411478
-1997113871
-176145041
448273965
-921006808
-98189786
-2075301368
-166667822
-1576607533
-516680099
-858316722
103698854
1314759758
348537309
1911212410
1084154199
-174670158
1535781653
-1006328726
1716618900
-1234167925
50087391
-665602928
971101942
1784684786
-1582673400
60369964
-1978470372
685666011
-1904131568
1482147261
-2058959336
-36835414
2068597293
-434454348
2142336009
-151414260
1315396501
1608742251
1071543048
-1169316860
-1626894339
-1387809708
-300426425
2122618692
-1398781604
1538942069
966660983
1403049662
-451671564
1058739475
480285290
-855611015
-355710830
423655085
-1278306566
224534184
-339491565
1392308012
-631178712
-82813193
558047530
-1654932137
99385223
-1596506328
-1513635487
1523081100
945702875
-323967010
-544654755
-1934020180
-1334162948
-1603623239
2056375909
2123462231
1414395392
1077492898
161660709
-1057079463
327640728
-2006565529
-1721403474
894757219
-1010580294
-1150872439
-906571072
-844030211
887996800
1170834260
-538312373
1610323643
-1980806577
1927654448
-206252749
115474606
-1064838341
2102722359
1028617299
1331418909
-464841814
1041423367
-34752571
316606069
-1293848265
1176829144
-883377313
-920477571
-1528867624
-973668656
-741121665
796724941
-316361150
1551211413
-287518965
-221349760
1123690891
-1549047772
315630515
448745256
1195776785
174730465
-1315900807
86390530
1165976986
-1884738834
-211272078
-35144086
-1817139524
636609215
791543757
-841639792
741471615
-1732628498
102200596
-784707732
1844764480
-1943810485
1614988466
1343856879
-2020028713
-1232692169
563917492
1845295994
-1673772548
1940663857
-985305389
1218891155
-2124320538
-789018703
1550171826
-344023850
1099123764
-920318668
1958086755
-197978072
-1318980336
-2098199656
-1358102225
-215049933
484184977
-1988874071
-681311082
994953485
-1113804959
1946251515
-367306860
1863277626
-1740935521
-1215801607
-299312091
1366235604
-303603962
574105406
-41944821
1426956808
2006101326
470795811
1420409294
-395728956
-1911034158
1511484056
745564932
1493602734
-1892163214
1996630583
1425159890
1420277335
-1277639238
1750315670
-1398635086
-24729680
115259203
739754972
1207576438
1641955772
-1081694375
1174290582
1544718476
-628395897
1420025310
-1131944245
795375490
589291862
-1178983315
-1659042227
-1396228404
-724430049
1240268738
-1851209647
-316336443
-1132889541
-2124506280
-1998005183
-1572457485
-545477799
1109347155
-1253401135
-1114901105
-8207947
-1736914784
1647052880
-1062602685
-350718838
-1049719974
367528768
-1588391627
-1215524923
1073669999
-1116007384
428635459
-733035526
-1740189821
-570039897
880119952
-1386806885
2103730707
-29232180
926372415
-1479879833
-300768035
928787877
129364094
-1116115937
-1766124929
-2032174059
-2100533050
-534881409
1818222174
-1952279062
-225886112
-672784788
-1936977207
-1689704145
-430421718
816774761
564456797
-166065731
-75665765
1647572047
449453482
-2131675880
-671035645
133595709
-1725380074
573423479
1701618967
1100462284
-729841919
1139342884
-1346255443
849337223
332360746
1153794822
672118211
-994617190
1676368
-830882437
627678405
-263518264
-1009986788
925062251
-1698588914
-1061100382
-193733315
-1381134950
415771823
1510062069
1803591380
-77179332
1619390576
2020566147
-654009325
-226311986
1380027155
833014518
-973326304
470617123
-1264273697
1323792657
-707983810
482576316
-1103696036
283809832
-1376417490
1762715997
258791770
-610939182
-235993901
-507779108
-1040734408
1972242908
237520404
-1904922821
-1158677150
-1350999936
436897029
-297270791
-1389618405
1476298710
1147651401
-513598556
1472809852
-8156791
163862705
2029299890
-152247621
-795561522
-958175192
-1976735855
-2109650000
1928849554
504932051
-1775483139
-369628779
-822089230
-1990225036
-489351792
-1067396595
-2013916688
1750789135
-978708833
-1615486105
245935970
-698009649
2062127171
-1580926173
1536627245
-1274705111
497919668
-1375711052
1108592819
246016577
-1294067490
-2109327225
642302089
-1816466035
-844582355
-1210100925
-426754451
120753336
1244562859
-1329304238
1750131062
-199609400
1868645965
631804576
1354376589
-1930262910
-1930604407
-743826782
-1784538853
625571340
-1027458772
-1522929510
1234975236
-353792812
110425449
1157143576
191671763
-967338832
-36442060
-1220751933
58345781
771881799
-1053384496
-940608423
1024793259
2144835758
-812157273
2057674228
1150184571
1211219029
559951449
1788914062
1366979047
89629732
-1849826282
467766470
1698894753
580895200
1616082736
-1643892253
-592015491
1737847507
-361360661
-916180455
649322344
617614764
2137583767
-1889767413
-37610600
1536322211
1288349409
-746105199
1971276804
-1256699424
1354209893
-1778532422
-358195946
-1125565411
1531601798
-1443969004
-466408545
-1126239863
-631489151
415961642
-517546997
1007096559
771019456
-1126023603
131985621
1231489303
-352716180
-1493591401
-2062756804
-617982356
-509265083
-447787220
-393295561
-131438881
793651125
535661251
-260147291
-1756825078
-1535776991
-630885532
1724811208
-66810985
2045870210
-1371414669
504103156
1547722210
-1479165388
1744706284
-832872573
783289052
933274381
172834031
-547580405
770752307
-28698447
-1925000833
-844010030
-799505489
1000726309
-256517242
1185217154
1109801183
1880563105
1732473628
-1322642152
1296247028
691950761
-102333432
1146229282
-1586408468
-1085791906
-814845818
263989033
-1613768206
-1072405999
125213770
1032926059
-950982652
-1462595560
-501406780
245817293
-1420506410
992568037
1289175974
-1952429553
-1538192395
768413779
900084898
9547585
982957359
-1027031485
-1864925320
655346037
1459344946
1425340775
1722289455
1810551989
585091187
-1419885219
-1512999006
1029730103
-356078255
-1577313793
-1031971267
1938737358
1794552441
-599137799
1049805576
312923556
1851091083
-178729317
1158525925
872577062
997775357
1124766959
911328277
1545524798
-1128628160
1687316494
-747890176
-422949433
-866605792
-1470446417
440538421
869841981
1737789040
-532422144
-1728720722
-2069361228
2038603237
-1776821320
1134167385
-521517301
1244356418
709814637
-1327296301
784957281
-1494550859
1041184546
421209206
-221414202
1877905793
-1275514077
-763633515
-567154635
579189980
2064278805
527425541
-1713943358
586663705
2028872264
-1973225504
-1209510385
1089179402
380941136
1475358597
-1175453180
695362975
-782319917
-1482115870
-340477506
128771538
2016677283
228544757
-268991032
1930094279
-2101740530
-409460593
846582152
1452665902
-1064358795
-1737190054
-1518374405
-1178093333
196562715
-1754266850
-665197660
660924409
591074110
-817808065
1506079681
-470962293
1169003883
-679868279
-1098626880
-1447742861
-93724914
-658152144
2048163312
1188168647
-93303992
1731327249
-420886917
924893377
-1342905083
-859438530
2130791316
1153164519
-80932276
1718544825
-328353300
-640009109
352067801
506850942
-2028293527
574068948
-1711044632
1136703686
1082790425
1715579869
731181907
398722442
1393116516
1501375644
626093023
611535429
655104641
-164255002
-1222496047
-866103042
1513998123
617395441
686626504
1860833413
800069011
-350014661
556761030
-1115011844
-1432621928
1927421611
-959954801
-1002074983
1554360117
2048259317
1642727222
561646761
1758129978
-85815486
1840584436
-1568349481
1011289918
726351631
-1534038725
594994861
303427539
-1352313516
-1840798710
479559515
-74632197
-1526106135
1366566274
-1326673481
335947995
1652189477
-754088775
-1845310843
-569738066
-1883363896
6688718
1712441591
-383717125
114326810
513142590
339209590
-1753842678
1604618067
-1750571404
-181284702
-1384936044
-1671651779
117705126
864396952
-1173067079
1450621975
-2067792674
-202698126
148297014
-2128255811
1814401110
1113468435
-864128554
501972229
-1916875255
1374997027
1611964969
-1860979606
172477574
-1183241640
-1600141965
-234724113
853662470
-583155209
2035881191
971705661
1229249217
1272034458
887590676
1885391118
-107193988
527834931
597272223
1791716302
-595377818
1706061136
-1073829838
-935255681
1131033124
-1856618848
-69465164
283032028
1642190634
1177788597
-2037766982
884408769
-2080125108
-1741381365
512157244
-1525428535
852097428
-1626899640
-1044075125
1632215352
-1009960107
45934533
1848002690
688455707
132256640
-1438626228
754494204
-1759054930
1553633077
-1042685661
474875781
-746044931
-451251299
-225909687
-953860269
1467044301
-937185034
1797563647
1283710327
-1758013509
17724143
-1642666615
-178777777
1432990118
683762229
-1435844299
-61121474
-1604676534
-791731
-384349028
2038818463
-1720160468
-296903004
673019431
-684871690
-522802499
-409797148
-1601901867
-1595142552
-195648326
-1706997112
-1833172166
1058484588
-1010692399
-1493161550
-627376950
-1539007549
-807791735
795423035
1770718039
-1608202075
741959010
-367873525
-564801833
1935110204
-651846597
1254904747
-550839957
366681941
-179403532
902911256
666071452
212997716
-163559597
1016956633
-1428214553
-2038324375
1127712299
-129019309
-1163493765
294677504
2002050490
-1185783204
-409373120
-1696900738
404710483
1270071565
-2098402277
2101353769
2048659772
-465994020
806919024
1681358695
-918934055
-1452984599
1396503272
1183378986
70464777
-2044066665
-5268365
369360554
587121871
-1349271970
846856592
954455637
1868662324
1009158623
-8040501
-213143805
1168650092
1754996024
165921159
-2104825234
1628308535
1259159961
1348415229
1942644961
-2057275254
955738903
1936796548
1269569326
-1402480274
-1901102657
290009874
-1350506524
-474537946
-1245317138
1539943426
709405633
755192727
-1410700833
1538048279
1391623525
172301284
722240133
1737381824
1837872201
-571642792
1184584091
-1381456227
-1183411474
144729993
-2042577160
-1880805311
178332761
796385721
2106124071
1136404025
1313340605
2046895487
-1362481865
913864781
1817694586
-465576282
1469846990
857150469
3939398
557469524
326647684
89921646
-2045231703
-1942932626
520227950
773915166
1733022382
2078799419
1495716087
1267405684
1375351255
176692807
-535716873
-1123451612
911754065
1207243657
-1542788099
720308978
1359161448
1913889735
1661855215
1551063229
-1227528644
2027612473
-362684203
-651963458
-1143502923
-382044308
18897649
1686965265
1464101555
-1539575191
477932562
1751718517
-781669238
897872918
-1507587799
-752345521
-928519763
2143052763
-1285444324
175380468
409584808
78292104
706493146
329360167
-1034164141
-1539687307
1686023342
-2095884832
2006284612
124771306
-294624040
-1481783473
1190898309
1824974273
1311060825
-1932098785
-1072797306
2026102345
1413965070
609774847
809456980
1912890478
-305451008
1177311325
-1536920309
-1175250666
849088762
1322047604
-621059703
-725083955
-1773539749
1504218249
503895652
1122298787
-337308628
1152806000
128704029
1160056660
-376087180
2019809621
-231010923
1135247274
610934475
-2075363656
1731560127
1967120671
245737004
-374861895
1589156502
-85970491
1671455759
1482362005
-691629487
1905140842
-108195401
1733966960
-172390443
-224163338
472410312
-1529153708
16878955
711159064
552878108
987028601
1476641971
203408417
-1354292778
1357557958
-170150697
1424874799
1769385654
-1843125865
-887140350
2146625677
32793262
-1824886848
1306090515
-1409006246
-459698507
1372997330
-1594543474
-1074957208
584621020
909984924
-1735259182
-2090347163
1045883806
1003615476
90392977
1961792064
1372842363
-2119088713
698774651
-1839506235
1500979655
535082765
227467580
-1445010806
1927836094
-682570767
-762171223
-726525170
-1473076004
-285507856
-738189515
-1827941346
-1750985877
952024880
-1157408855
1673011322
1138103901
-164152909
63978771
1197837497
-749378469
-587205923
1419894783
848707177
-1553814499
995062835
1953796836
794911097
-3145732
-1273785755
1517343201
-1408006181
375711429
-269152370
1592816041
-477962395
1901340111
930913721
-416069190
1238786552
-696543154
908527015
1148702164
-1295162397
-637949974
785282510
-243316055
1602692233
-1756808565
-72663643
-708003376
262161728
-976344714
529430814
-412589825
2121681532
-104229475
-2028113804
165785721
-1346401492
709799218
-134434778
-1226042171
145240675
759543420
1833311554
428519328
1116419899
2098492398
613779942
1267346483
-999788811
1432368501
162237955
1162289800
1051139429
-1496372463
-1470191516
1823653434
-2084132980
32754855
1099885550
560897132
1855278214
-253334764
5291305
-202107652
1033832614
582893189
1288135678
-1538628873
-1845164321
-1118009851
-1838123582
-2062393266
1209025637
1712426071
2083347315
1491454154
-1613215085
1909237253
694712384
1299396669
-1098833137
-553288520
2038936654
-392210439
-215881173
2141076426
-2051641415
-746131578
2140644238
618885657
1227694552
-1530606450
-207735533
-590889698
1572677829
-1978026468
-1715229712
-624520899
1774947611
-658252027
-1738002406
-1850035362
1045282305
-1363768411
1866418664
-1280690245
-888698521
1958338254
2045599222
978524667
-1652960113
-175767042
1420198731
-1805598080
-135931697
258743503
107091902
2028211452
432072852
-1470967885
-276253035
1781310538
-1104084822
1441998303
-768051858
1673250683
1340778937
698233479
613780322
-1443509202
-800264686
-1096626868
-329529754
-424087004
-366975061
1072570866
-146312459
827677714
1529522792
-1141307562
-1808623125
-339000903
-1961390436
683626910
1462614196
1878110003
1313742798
-1147300942
-1381410907
-562469488
6239167
902104042
2033722025
1424273569
538439083
-188975097
-708351969
-943307245
-1222463025
-1570722713
94773763
2032566718
751127851
1749371508
143715659
-787508417
-957131383
1652253277
360420243
1698066627
1792542141
2094615561
1597442811
1975493414
107682349
-416603321
-1264775088
-1652801732
332951955
1332892489
-1948729495
216834157
-2051377663
953017682
1609944531
1444657286
212046373
688686766
1582713776
-1656813362
2071148238
1367636451
-1052176677
1278515288
1287074990
-1998788827
-872862640
515472279
673345121
1446461454
-1131338805
1204338999
1076766381
-639718770
-1443716690
1731975210
1972072203
663660319
-1123157209
918733568
610171494
968975933
-1997354863
-2380677
513136674
-947289835
308625947
-1495879326
-1421092001
-1367209604
-430292313
174846869
-46091650
1000023330
410391796
-1590211999
-966790429
-952588281
902328062
802038805
-1272144644
-428121555
-691912796
-1873187627
1427823746
-337308530
470299275
1223069357
1234110719
-804110000
-1097920958
-448798999
-1733449073
-1891349706
-1835183962
357436579
1906345706
-181823399
824159624
-1492556644
-1179583839
217623576
-1854647412
-602210737
920134311
-2083623859
-2119492781
-189061565
1634310674
1032783297
1249314012
1146853792
1720045603
-594795551
955229991
-964598011
1682782851
-1322618959
-116951525
203131032
-1466046513
1273727488
2055602857
-387937443
-1078380970
283178204
-979134160
-2045847605
1908912929
-1293967288
-1906974174
1099984796
-1190304461
1578307116
1144219880
-281266972
251726097
-1073069684
-1160893181
-352579995
-1063452540
-1505235716
-1581014669
-1086292703
-496436580
-285043629
-826098085
-1734379729
-685271048
1230542238
-1397815067
252025810
-1996255419
1040665943
-200166045
62788807
-1731455485
519293399
-2139600970
319207645
159945103
1841742344
-1502456333
-718584885
-1129851811
-1614494882
-992587453
1870378813
1552903044
-1440298233
-200312566
-1642120912
-862732161
-1245266336
498424906
-570031233
-1767238863
-1372162389
2144308553
-145606468
347181097
-24161281
-1607570574
901296707
-1119811801
-793539713
392963960
-891806836
1320879583
429499598
-558406207
1737879233
-683517188
-372385086
297476865
578168464
1497711975
333206359
1695399716
1792784705
452318152
-1374526747
332092016
-1855114998
1600796748
557076117
1251848426
1706685858
847778985
-307740143
1303822329
1978800915
831128158
-1687262086
-664272311
-1739863596
1897847615
575240351
-1169392142
-607218666
873891376
-1376136086
497574104
-1326560162
2055752752
-643728483
1861486420
-1092341421
899348889
747452862
-1262597869
978223833
1339510693
-721709232
-1821626306
-913583011
-1317959116
-766974397
-400916773
-993480590
-343999029
711664044
726115954
1879794077
-2133257761
-1910532936
-583854605
1173550188
-1749083308
1322745054
1967718870
2006697676
-1067656384
-1869604013
1774193284
-361940836
-227301901
-1282020925
1191208181
-1934012035
-1145014725
-2047220163
-1111332455
1062236139
563704035
-1921308050
1967959420
-1984408175
115448957
-938065391
454560164
701965528
337236321
1854862502
211956925
1943544768
-2042485259
1482716769
1771950840
-1659283469
-894477523
-1765067675
-700899281
38686743
237768021
611758129
-1792894900
1593159267
-1930056434
1133583962
1770340843
-1207678860
1805747349
1824373882
1219264318
1988227169
-1628025525
-792849816
-744912591
906050316
512432497
617714345
-925697842
261937083
-2084268494
831147557
-1336343839
1908034790
-925505050
-863195363
1697597919
-1199886766
435860116
580611932
1805085187
-406642594
1517545657
-1884275284
925213625
-548782948
-416699833
2046084747
1116424256
-1197954141
1315975664
1903629342
-1433875318
1598130210
-1215398237
615479654
-2009880986
-629121224
-511086762
-392332111
-1696966688
-1111629309
1335777030
-1247513262
-1584182041
817208439
117722363
-1750609773
-1507234000
1900004720
1295760720
-479055382
686003290
1700756489
78118322
-1133387157
-1261295021
761726510
2124868199
-142064770
-1457469959
-653728657
186044306
-1991165743
-1684047868
-1203384553
-444915019
-81609329
1838287906
-678104963
-738930570
-648800046
739350115
1050996889
1414210213
1650419029
-215026985
-2014730791
1267630717
-1738055571
-53798028
1980989237
363764521
282506297
-1543210947
-1194656896
-1879990134
-949145320
-1301901919
484164097
1406320183
-698176933
-1493455584
-1029689278
464122565
999189051
-1758032844
-1858637529
132111175
-302157555
-1197218450
857567553
-963366120
391181235
-558725154
1247626340
281414615
-1679700651
870480056
-586428298
1668874674
-2093164463
127011635
-146681462
-1321013273
-1017683345
-1414917452
866749228
627173768
1528442969
1842909995
-400180482
489847422
802473033
-1189375043
-1906532221
-1545964337
1544674308
1146353571
827010618
-293810653
1482775046
-340623023
246527982
1234129283
-549777922
-615554086
-1502825908
1379084644
-1755246468
459212434
1742821301
889030116
1398777320
1350360820
1741637205
2125325138
741596342
-1230011194
-1269470348
388216052
2013354711
-2108201861
990498828
-1950517245
-548204942
158053335
-622257510
1751610106
-756435501
1736412377
1390139961
373335311
-858361181
-498904364
-1025708309
1612753409
-120660903
-1194015266
2058199866
816944660
-1400158736
1886546030
-1162261761
2004684377
148318938
860691264
-745309311
41689395
-368642253
-1401089156
60371137
-458382571
705011514
-1798467818
1911452691
539956112
39827964
560262007
1737971696
1737510540
-254209199
-578485667
872701194
383421909
-394991348
1979314431
525833377
-179863847
1386760045
1300999540
455676949
-584224593
-1544472358
-1473704364
266767803
1282530907
864337102
214509727
1246962419
-584853168
-93275631
-2039863331
-1754676359
1072961589
-1431412695
1768096903
-1909084676
291024364
-1250644976
-1783645019
-1269176852
-1836667697
-790494170
523629239
-63327592
1095514684
51322729
1014634201
1346468727
-1854286253
1259121634
689667617
-957311547
-1070474242
-2106562462
-1108341685
-600189103
962690353
-886200978
855528344
-539360619
840351602
-926916233
1243565810
983588870
-1818542949
1886483534
-503375276
1603737773
-1015829538
-1913815594
717639016
649995767
669021962
1188006906
-835986319
-152769848
-277094388
1012640737
-565599382
-396637739
-782861641
632609376
931921775
-604484302
1773862599
1369245616
-994633124
645641002
47101475
-729472416
914541747
-1055591346
-2880671
-643932788
-587712061
431265488
-1977025393
-1426250161
1707772421
1652155153
1349744176
1358003317
-225024056
870731127
789174917
-624975243
-896916975
587016580
80099597
1713330333
-2035115588
-1874658780
492239437
781653903
222780646
-986299
-771226669
1697381867
-1324182386
602308780
-399796104
1396073805
-323508103
-567548410
-386238234
-1816767879
811973975
-1267315651
372705370
-1400752939
833712419
-749809651
-1588102743
1734191383
-484214321
260269526
-1799927673
1370305342
1371539999
-1751013709
529564423
1264001989
-324722476
-626468150
578922333
162602006
1545348621
-1105079067
1802312171
-1654856131
-597853462
-1717537982
-1060407430
149853149
-1022697614
-1449403994
-296073273
-1520363418
1196413622
885504183
2074399810
-1073884536
300241206
1995060875
-1736628463
-1901152030
1713935746
1607421052
1750562394
1123687934
-1505050844
1035185725
-69566526
-731758719
1956217789
-1114730958
-1944348624
-1345186658
289361517
440587003
-2061143083
644091852
-1059360392
-2093641135
2043996784
-2123970632
-617001435
1817240853
-1710801970
-2024883333
-1804101911
-1437112154
-641099632
-326916593
73338821
-1747058318
-856558800
1189811455
1639608556
1988539087
-1165664955
989410910
-1065922648
1584439307
-2033158906
-2010377735
-344837763
813599425
2119870220
-1738235441
-1672598130
-1739169170
2133149787
886341057
1859829823
2115090755
1966328994
-345108859
1888531739
-1363135940
459971778
-1674544160
836324088
-1420149648
-1230614132
629656084
1147205209
-1194086485
1455773390
2106382998
971597330
-1897718215
-1669711216
-361217021
-2010862030
-2029260796
593308827
-363449003
1516092700
1875286753
1377268282
-1875322799
-548372745
964922406
1324077636
1057613635
987124551
2046465919
1233861977
1056139757
103921884
922877697
-732613014
1835191740
1896764394
-632985473
186105727
1747504445
1056486009
2078692380
744148660
-177481010
1264808703
-1869289439
-1065382012
-481688936
394637642
1095312912
-1615072183
912422844
1941495203
1689378041
293559299
-1118945076
1203397168
-303043317
-715829161
865253244
613923482
780775533
1663541211
806342553
-565059089
468426062
-686729072
-2070456007
1152334536
-796363462
1342727855
1165603379
-259959378
1056740783
-1866736728
-341337391
1595292089
-675463696
996221287
1641030084
-2031938695
555081240
1544199640
-136520873
418410010
-1295858831
902204077
1335744487
-1871815998
-73812474
-2056452770
748293522
2002332221
-710517898
99654513
1863330094
981310684
1831432971
-713763077
1652488829
45460633
-297320694
211980134
1506537374
723867007
-316494004
317325939
2039567301
-1764687800
-2115493619
-421594750
-1551547090
-1050840249
-1490827261
568033041
-8022450
2036559240
-370338638
635037826
1592004172
-1396748235
-634278914
-599836640
542227631
585595451
-1426078719
811277155
-1249946537
-455460308
-262604258
15927667
309576113
-2196890
-1894517162
1703036394
821653541
1180732277
-2065403943
-1640969250
865465043
1390850229
-1073322272
-450927331
1250362495
-491826372
2021828537
751268282
897258185
1246035702
1573907235
-166648888
1969932449
1551011344
66398171
699085669
240929785
1304700570
-1333335690
-547664134
540025531
-2107117977
1931657329
1538182080
-618466564
-2079614665
598286214
753359493
397316722
-1216203497
-744015296
460833967
-2060969693
-1865426680
-1385711407
-987695743
1310714719
-1645274657
1798984995
-469773412
-932974864
-1753323157
569357612
-387928375
1205034895
-389954596
998774406
708134389
708245144
-1605939358
937991998
861317500
1447516673
776196628
844392427
-91456086
-1942550904
-1750719981
-1331457278
-202940035
1504979243
321844207
-435944087
596934064
1235885021
1120709448
733254729
-936607756
-128878218
760287672
-404440024
-991918464
966327530
-1383000080
-1427098314
814464972
434151357
-1973615328
-959514394
-237452648
-2103202890
-926828388
-1324905280
-166337998
-45763630
-571874884
-704993675
-1203502343
-385767301
704664067
842825011
-1667255524
1832483577
-136131198
-1390322630
1117555623
576193577
545717630
1139296943
-934863424
1885217387
1256810832
541580464
-25038803
-967884064
-1669817972
-1798405720
1909870872
1346423253
-127088283
516482019
-1478885354
-1508700551
-1197553072
1031155044
28767333
-99492394
242679270
-2105850378
-646790283
-1339705090
280463886
1694719616
-311989335
-1960951164
1634937690
1494048157
1278707550
154242862
1890863537
-1941241492
1067723819
1381191144
-1301400785
-1695561053
1045101162
-1379796230
-745758392
236651754
-2018041609
-1353215363
-1600918477
-1805025178
-1818732233
-1005685237
445026437
-1997483885
144645980
-16614987
988474139
2125407318
565029606
-1069462471
1612074813
1939344210
-1526633620
876392052
-443491585
-401097606
1089539483
-1595658731
1270328810
325824998
-250131329
-745318509
-1409718820
-1815564822
763564801
-732130464
1449330220
1748204901
134853040
-955768226
133278993
1785924438
-94360381
-878580334
-2122335421
1725405620
1047324254
-420995817
-1687531038
-285461635
-644667116
-644371884
-1669969257
157592591
-1882302803
598958449
1498025465
1798029239
1149943592
-1045101050
-683414479
1343891847
-1316592637
-195064043
533388255
-1313291668
535047097
1139060282
179422015
1283259775
155208075
192878112
-719081593
-464497253
1312611715
113652791
-787374444
-1264025553
1642729653
1561809315
-1384071484
628062548
1172124103
2092650359
1151486245
1247264033
503223732
774861346
1603033550
2133475902
625885388
-1016401879
-84055411
-1772025417
-765748226
1046624278
-1291168830
-1858447342
1932311129
144974255
-1624180854
379448227
-1458179376
452755051
55048991
-907099107
768266813
-1295336159
1583755901
24727404
-1476548184
1383240962
90350153
114757570
259210440
1714940873
892877806
798887664
-87796535
-1909036240
1621538825
2068034294
-195085489
70810021
236729094
-1853896739
-1393073734
-1875342786
1837723659
-1544170813
531740843
-342689815
-1954748908
-742915530
-733971513
-1331830809
-1107362978
-526889019
-1257671238
364883834
1248596745
2054268628
127795327
-1082894116
-399552264
81536176
477906397
658269043
1695234043
-916666910
612729908
493898563
1791723056
-732818232
789404537
749069220
-32640091
1122282848
-819829122
1979494708
1753593666
-446977433
-101669770
-1988006130
-1460144666
1721913250
-819824968
-1003998405
1718452175
-657619590
-1624426813
-1864374680
-1795653570
-1673201202
1724033154
859374297
791872346
756873733
1517341904
1531235997
2055566932
-445949343
101570621
-84835069
2073200075
892534427
-114929134
-1334107316
1847066226
103208875
1216323474
-1898984287
107647984
-465671450
622952322
1195505991
-458444281
1361262158
-8570389
1456596240
1094630391
824149541
-1183741922
804974868
1760124452
699174851
676755705
-1349981023
-198650378
-850991703
-114502297
-87787153
-1173728256
-1693607723
281069868
512032536
-1300571036
-870212777
-397945886
212459974
1341737332
436221987
-1728166338
2137255981
865293469
-1586711511
919130007
-1563214660
-1976579712
-1574277982
1998774185
1829557774
1302742881
-1911945555
652927125
903811750
558314692
-421428198
-1691775700
1373791195
-2038642347
741364100
-1761482900
1255138321
-849849848
1001234852
1472959306
1492522025
-328395904
1292937700
-533620303
1110932538
1972137652
776442930
-1068771382
-242867328
806169552
-1018480105
-1958109570
1636438932
-1484648616
-1995768569
-1079491016
-1253025059
-983425645
114118650
-178734353
633553478
-2023280602
-1709783493
-907852701
1233365553
697156094
-671958145
-574026074
-372850006
-471132813
680913208
-1403570467
1096454879
1211963562
688160043
-2145951673
237437904
-1687573446
1995081024
-297396866
547906114
1650012177
-1636907880
1266121213
456887288
166886040
229983716
1729564642
1541618725
-977494507
-414695692
-2097703437
-911135972
-905109423
-789374578
737427942
-1703611063
468682874
151303553
284482268
2029911396
-1403164854
229324792
-1162184658
-1889747486
338443623
2053962771
-1594693524
1583562159
1820910605
-1008240461
1416430754
1936432154
-1288807447
-1825165419
-1557629987
-1570314223
1409295944
1844509090
-845176083
-1952074099
-1584493455
1725056132
894628971
-1242616753
-1383237298
-351595140
-1215795971
764571340
1739376977
-1705777806
212033496
1667870821
-1496632172
19311181
-1465131130
1652902874
-1536477374
645898628
1691743977
-2086100224
-18637771
508014581
-1739264385
-1574325070
-230978080
1080322805
-1463344666
-916480507
-1405333137
-1617486169
-1270142557
467368639
1547767852
-736795247
18308382
-915777272
1961841444
-379902612
-730271504
-1382665119
-74902262
375326011
900740449
1095183318
1345556058
139440286
-1267484372
-159029393
-1835262015
-1282311065
1463571588
-1603313429
1226243771
1780039789
1729650779
-360741968
-1008105346
179993248
1977916897
74930172
-2060689642
2009861981
212701770
-352998047
-842025776
-1243071741
1122261716
723548271
68053468
-2101245754
-1338098424
-1323149390
-1924997075
1498407618
-624527553
1489433566
-1495619164
-2127163565
1428034919
1149284169
-430672788
1416703907
509464071
-724215656
285596071
-1922493564
-1446368385
-808004419
-1742933430
2039576191
-255162988
1764226080
-30681532
-147228116
-1986556116
1717364508
-271947291
1630007747
1763605589
1149896108
-1162011267
-42446093
1927414923
-1312104859
-992640189
1209360370
-2039298758
-1145651033
-2018779271
-244588844
1538050177
290928143
-1499523380
-1463750112
1031812152
-1484251345
-746938624
-1673730400
-622369484
-386898047
704140748
-395015559
-955450679
-1975679848
1565417986
994599290
1892193935
-1086638953
-749239565
-2087564616
-289319831
956575719
-1998163440
1301244762
-722387261
1344258596
817576660
477983408
-1036696806
-2111078825
1687923937
-1178629238
-1790350655
-386956694
1417563241
-1303343417
1749638113
732888536
617178319
-1987228884
-53909824
980283299
144581005
230356598
421307206
-1325379701
574738775
-1805968463
765518525
1279661692
-1070221439
597662410
657553880
1513806407
-1146089571
-127496861
-1771165962
1689710741
-2094061720
-967891738
-896296793
-1574220521
-737561883
787863004
1853315182
-2038395134
-831668534
2138530943
-418308664
1674899898
175236379
-583031155
-1323840147
-1638132531
-1460492267
-702411170
1457039573
-211890398
842012492
1090999096
617837053
-1735884431
-54648041
-1789080862
1527678826
429038581
60572203
1025984631
1455570030
1580616544
-1737536123
-513502085
-1272254039
-464027377
2032318093
-1752968653
390443474
702270079
484735864
175007280
-1942792521
1641196542
-842957331
-283102675
-247825790
-1195609435
-2141315093
359086618
-853493443
-1491619451
-1667151127
1313867384
1226311319
-1624449505
-1092205250
-465217561
-1241179161
-158154727
866908611
37683196
1303396977
1818077231
-973171274
-1060834472
-2117992984
1972806247
-985489183
-1907824395
-1467917516
1505171336
-1479085062
-844490045
-1167988875
-1548185140
-948620979
651950963
-406088890
-116418348
-1467047016
-1948125807
1684473413
-1310467877
2036180789
484411352
-253942061
-1270413010
-968752770
840782529
-2053055976
-363903525
964741740
131656541
1699102793
-133115736
-219755391
247367524
-1420103379
-1782682297
307658471
1246287500
-907608868
-1829319481
1429798361
-1925931745
-67717942
767081548
-1537497790
-1057299513
1795784963
685705986
-1942343261
-1055010644
272778679
916478798
1599048505
188841408
1828330745
-1700900026
520462174
-1966383015
1226729667
-808263581
-830542801
-547875329
886014269
-396262795
-117792146
-2113885561
-1773829314
-482487850
-1774288470
1264954208
1498743570
1693955298
276812445
-720921556
-1421498499
-518981466
-1560861740
-1730568046
-1740050176
122110166
484486293
863268690
1879028058
527991556
-194676228
-987962727
-530516143
1182236943
-1912092057
-1389184619
306016946
1233712857
1643068179
668032844
1556518037
882470716
-820532217
666225321
2117136357
-1010371523
-1355809232
-333853737
-1828872674
2061045378
992219085
-1402578222
737061976
-1879783423
1243585292
2007219003
275174533
1904322042
294509301
1554483563
540346102
84921894
376707719
-1217526583
-657422301
-849425616
633573920
1225599840
-1223514453
-1549294492
-1138673887
-1887077717
-1010348647
1128545446
-60268079
-1029871181
1329460968
1777937572
152530305
1479667803
983089737
298224719
-2044479759
-29904902
892318754
1316446086
413441266
1749913898
1429889242
-1737582060
-1365547188
192604895
1028819027
-223613220
488126433
700483259
679896503
49405522
-2074449390
834999967
1423554424
865712173
-628292511
442167173
880853905
-1774615462
-727310250
-1088021108
-250553327
-133494989
469396647
1753687380
1167468505
1547850992
-1266405998
912262795
-1388923997
-2139772835
-1376821363
-1869720632
-939061433
-1021349683
-1770856414
-1840352361
-1758135495
-2023830706
-1265057517
2087280340
-2131695018
1118427933
982919620
105869372
-1547215905
-1268206244
-2064291110
760748352
-593014331
1135006722
-44357602
1015517212
-2099026138
1064584210
-2091271001
-474428632
-2041623785
1383006991
-959169224
-1810145938
-1787583580
612384686
-341525274
249170044
-923886316
509637069
592427006
1253578618
364358000
-198148700
-775370460
197187454
1314993222
-425372103
-605352769
-838483682
-1680126294
539415321
462018196
-551737530
753309565
-1139167932
-1138451023
-1428390068
144106481
-1650993304
-1366080884
-1545169343
-667325364
1868146002
263066474
-1319680119
-2014674709
-607816031
-1874382075
1566279854
2002979721
423811260
-905886360
-300032400
-834248511
1464423429
1055491870
945590048
1421682128
-344827826
930722443
176170541
-357413216
-2040988533
503863192
224271615
-1714194431
1569293769
-1913353834
2117909763
147202617
1970137439
1782843227
560631558
1293389758
-616317342
-1321647695
-1089672249
1166363713
788222557
-891755535
-1175551546
-1818714130
-827927231
95208170
1129309282
1248817906
-199503718
1099716102
340359202
-1926142659
1087921667
974200495
-1100001198
-1168630136
1600180444
-337665554
-1218653743
-1109517671
1398916921
-2024548267
1993813801
-1680378427
-970074595
-1029031905
-493678112
-617841226
-2098379545
61652373
-157612787
-714732946
-1874228212
1199412658
320435501
16245643
-70939898
1284460297
-1591584457
2138420684
-930174581
-646662938
893769965
-991732525
1201821698
-114247501
-378108812
1226409260
-588864718
1028722077
493023526
1547954830
1133236028
-39560585
-32780377
1812903519
1593322955
-1090050594
1348259638
208454269
-1679907959
1691410588
-1071652283
-1254570949
-1707896620
891073105
-100157366
1771021225
62591409
-1916801968
-972586793
-152927464
-14235392
410666694
737889256
2091072220
-60249359
1728728097
-117073029
-766096045
-1220314442
-711813458
624687718
-989751514
1215885177
-110967676
411413604
647970766
796963984
1979794848
1881983856
783330906
364034287
-259954607
231958102
-1702525330
193102302
-1006417962
428045446
-2105085554
-2146405141
-1208909499
-2069253333
-1474840420
-1104065247
325767853
540589947
-1986137697
1331375993
797182078
-1372388784
1213416901
-135589232
-302981847
-2085666569
432346026
-1205047910
-244797693
1834280776
-574754342
901276310
-83480466
42622710
-2065279596
2019612610
-1573947846
1818298408
1157784017
3093585
-1652160440
-1309694136
1905205892
-565857189
-919283600
-981115879
48347170
-739407851
-336837724
304903695
-149997725
688599617
1044021589
-124405286
1594638666
1087756775
-638507755
721022019
-203450525
944079685
1328453245
-502745540
-609013685
-2005441533
-1532189872
-2032585167
-113012619
-1350121813
1600360416
1212273316
-505058518
-414437033
-727496272
-1706941960
-749350959
-1973697621
-407199654
1568865164
-1425447056
-1078525947
1935583411
1084098059
-1460435342
-1674218509
1837280812
1176459009
1745229482
283833317
1685280378
2118711218
-348676713
-1626776029
1007541113
1271489318
1726800617
-14214912
739671885
-1542237816
-797443260
1119010895
1799331530
-401185615
-2143896765
-1242581482
-811268587
1174243838
-487139649
643730049
60124043
965813609
1692807248
-1741721831
-423742239
875059671
1069161747
-997447371
-563352949
-940178770
2132844717
-2056636496
1708391777
-902614358
2117789072
560799708
931316352
-1250800655
-149916291
-160688715
626182510
1988298084
-572590519
2058187609
-1023348607
-1677659849
371355363
-685919305
-1430070400
1345018051
1114527892
1324278919
-2122600310
1597931930
-1292894071
1315488633
1132805942
-277631013
-1124663922
-763299152
2042754555
743340488
-2006401508
408301681
319703506
-2110570347
-623873387
1310711319
-160533479
-1163140478
1527568333
-1311759798
1354738362
1115486763
-1196317236
-205258128
-478005620
-1577107682
-1756715311
1488047970
-1815868423
190176174
-469058918
1825349987
1854523872
1112787974
-1538176542
-837869747
-1248968005
-999318912
1762979371
-1005648628
437187588
1296436535
2129285565
-606200496
-2049044524
-1021208358
139103213
1435804286
190381261
2013637827
1345093026
-630441241
1164734522
203041863
1916334613
487719995
2008909428
1061464399
-1676048425
-716611009
-1633583737
-1769851865
-1797347816
325092541
-1123813868
-278014826
1417216549
2056444092
-1644831112
1317863470
2047310130
1250220273
-560108499
1421648356
-1803402663
-1295519371
-35534992
-1699838238
-229065502
520907447
-676115164
-1877982053
170352324
-1701670989
-193230090
-1812861920
1291814764
617317219
1884182976
-1902895439
437467836
-1691518602
-1826112974
-148220009
-1473050538
1816544831
169367471
-1953005776
-1683184871
-1991083536
-1292053132
301472587
-84087573
1565424391
662325759
-718360394
-1565492551
98194439
1522306221
-1814287852
-721824581
-1432344469
1176058277
-982034445
741668604
-696744745
-2054909963
953409052
-184297959
-779682160
66293241
-2087050707
-1389892536
-1875061202
865660931
-1204351131
1140396700
802591120
1822487864
-1461468226
1889151622
-1195065073
-1192620360
1070758465
1964006302
-104897547
-1166615295
1469007509
1818880419
1984340016
1329078164
142112216
-1989286208
1078640962
-845972775
-1441027919
-1289861616
31502971
200685631
1048705701
-1192619420
-930650006
420570279
-1555641686
-234500797
1389751696
2085548290
-1912997639
-834913743
-1431239081
-857360072
-267932120
2062162484
-459104190
1408013643
527236983
-654599277
-1881374620
-1859462980
-568195991
820675041
219342102
-848894931
-1214828138
875055673
-336392477
1037675847
-483586881
1347407818
314893511
-1787272995
-110457309
1143878805
-1056561255
-1741454511
-249052400
1902842485
398518468
1549611830
2133296572
-74172321
1346779197
1163817527
-1628152235
1456568299
-149865040
1929222198
-1669209771
701056787
-1675218692
-805940041
-598401253
260520505
1736697314
734388863
554432695
-742286738
-965353736
-728477320
-2109444603
-1242850319
285219811
290327255
1600272636
1515583733
612177604
663679872
-1849537977
-1669860186
-988175118
1731383464
315685653
-23655826
1516351210
208982716
1550911533
161729907
-1228147837
-742233471
2054072900
1753660516
-295548315
1711524987
597385106
-1132458635
1619466683
-2090940781
635714210
820623015
-1951403225
463391731
-209859991
1406875212
-1023898634
-1867031756
2103308186
321052618
-1678736236
-813423941
-1578290376
1509994654
-902188222
-12810401
56521324
1481306532
-172759547
1732669775
-525012072
660940948
-229748767
527336243
-1402062677
1089871311
493229383
-699785328
1162224310
114424412
-1222857781
-957751184
1843477183
-1353072084
-41418471
273245505
9581525
98676389
-146170583
1616091901
1378679396
398732637
171520946
136372875
-1020599094
-1528854746
883054811
2038872420
-158803670
-912755894
2069646648
627492986
-218006401
693902103
-2013391628
547716436
1389543155
-146779747
-1478472119
-1450274435
-379627152
-1358363723
834763576
317727775
301076599
2143691846
-1812417930
328944106
1760677937
850237635
-345117787
2055419705
-1909262909
1627974135
1934514883
-1348310921
-586982938
-1152991996
-2115596569
-1168151361
-1168904011
-440641368
930301993
631322306
1010569929
1973664450
-883607326
-1839392787
-583023742
380043796
1109599765
157731275
-1702655833
252850250
-1093067988
-1225971289
195929905
-1294956485
-98917146
596937333
-1898063517
-605352850
1332299663
-758529807
-1205743074
-158211618
1351591026
1777815048
-1822547598
1595054849
-1365966196
-889697417
-2029498760
-977686778
1016344193
1673199282
1854421598
-1749180066
-955521581
129971718
-773578558
1630969214
-789692079
70964225
-2034513596
319654626
303551181
2003905809
-372457898
-1392911020
-668046831
-579855510
-1182622379
525706606
1718793490
-97522387
917754845
788768092
-770756762
-381579066
-237216168
-1491374618
35788019
-402087019
-970105896
1556858797
-999863320
255149776
1105300262
706997428
-599623183
1829494438
-1179384549
-2139597278
-1858553690
-96002136
-1252538323
52437573
1055694147
-1992094108
1235478860
2073319130
1789298590
-924461742
1813085678
-1463123061
-996250539
-1666870028
-1083862168
-247953224
-1931768250
-1621585352
-869087360
-511211911
399629123
-1989187808
-561818049
-304597021
-1658068986
722409892
-977948406
-254067062
1051428706
-1585759018
-1314721037
-148626873
-319088453
-1281458105
835176012
-1639577285
-806671944
-981315159
-1784836227
-1967821805
1714517814
1819047093
1373303063
-1789244787
696768895
1466152271
-1439695576
1987224633
373934011
1481316326
1401137104
119355780
-1532879194
-489346015
-2063773932
568383730
608312963
914843063
-2021757966
-1526416214
-843721648
-1440768098
551403700
-741163977
2096718394
-1624494745
-1418291063
103044748
-617227438
-1765204248
-2001474480
1009244233
-1463572863
-1434740197
1063813303
1197154876
-134505287
1749970757
-1438494332
227398697
205477485
1038175066
1622728242
1066721229
2050251842
1565404319
314256319
1064683552
1303719686
1591672209
240881604
-244313893
-894018847
-37258747
335845573
-1531993543
-1215493687
-1162493296
178497482
-69524224
-1813526213
525222440
-152367314
-547513662
933328679
-405943798
-929641802
-1418021280
-895382997
-1235810338
1807492325
1597094095
175909124
-1004619239
-203563635
-152381922
1186448705
-1979955549
1610851753
52913847
952446264
-1172662343
732759146
539846884
-334345922
1776247571
-1117455985
741021333
-865142767
-1545781431
2050814201
-304639136
-662782311
403123057
1523243902
-1973291320
174669520
2057465101
-340819715
1859139265
-1515804163
-1294079964
-1771610191
-1291602317
216310311
-20687442
1752804554
61963582
-1848426808
229702708
-1539421639
-1728554498
-781113151
180670136
-1599289909
-115378545
1298727310
273946065
-1707887239
1454120851
763464122
1378027290
1723401469
1453704306
1044724373
-389419315
-1478948696
1405842338
589121315
-486551638
1367566706
-1511106777
1164392534
-1810588387
-1250804142
-1244072611
-1093953408
-539855969
-555161904
1583561205
1989108226
93287259
-621970728
919571260
-16702135
-1934614251
-1727470641
1368223651
-1128392197
-25923257
-1127812373
-247298181
1150979948
-102243956
-235861825
-322773249
431779926
2037335106
-502062571
1840110743
1932381641
1274356329
-1568383489
1693798235
169387360
1751111633
-2077667024
1088971221
926701237
-552940172
1521990279
-374049525
-1707049962
1689155104
766012652
-672520261
-544204168
1253634393
2055045727
-860549656
-459055957
-590120836
-1143985074
-1588011883
-699576881
-1737557465
1543157030
594480592
67520262
1005881304
-93812949
-1584643855
226690154
-706971180
1893682316
-928720093
7574849
-2101777079
531725489
-1577276381
-1572562065
-1972207434
368831192
-874144952
-529494485
-893750646
-485152289
-1722965822
-1869220875
2106033675
-1989224094
1297911590
-748501049
942297721
-963235832
-1654230743
-1850442358
-1461723022
-519940326
2088730539
1565481419
-274876008
1882483541
-1387596809
629608622
698142320
932591360
-261211575
-2023890910
-1072540019
-1648232129
-458864497
1463720278
2144603885
-1985032535
-652927628
1539919211
1402436258
1390579480
926526361
74551658
1934756276
-494717759
-1738230491
1596493175
-482719163
1580146819
-1499374721
1295797062
-2109175818
-1943744637
724592474
1278801870
-1659404919
934794744
18975985
1529875517
-722731833
-291884221
1770401939
311726635
632598692
-2007084222
-1670549662
-602212591
1329683872
-1425583899
-1903071145
-67230980
-536656785
1589792256
731529608
1693632125
-2137093412
1228731490
-1470446163
-416476189
-240202007
867857447
-1011845664
1886148523
-559986629
2135528266
-2013856861
-1170004937
1268325300
1704174206
1586292519
-737540930
-275724959
-1276810435
-1963522613
-1974080636
1487256727
-1097831648
-1341907742
1437257546
-963266984
-573312911
522915001
2025204742
1463233018
-261952514
-310796329
-2098963753
2047147018
1268026415
839551622
-237046478
-872451219
-1415908005
1012752018
179418977
180673736
805088086
-715950256
-852060626
-284786655
524451918
-666820127
-1589576741
-1985688378
160767191
1118995896
-938778540
1846009709
975336771
-1518857896
-454446937
636995228
466927671
277245794
-109692493
1636444490
-60177798
-781039666
-761918945
921777094
982680592
-636464776
671940494
-598610216
-2052013433
1447458782
388559632
1065772325
424195216
-710731480
1569634523
252852951
1351807696
-1290035097
-223680710
1658231677
688101880
-744226783
-1342990140
-1803771345
978909714
-278605555
1900518865
-1118068747
-787126498
-378660582
-91565782
471000168
-1972568355
186711734
1969652735
-1654330214
2011789291
-1687491508
756036893
1415322674
714296851
1385228301
