-1770241515
-1811438329
103331512
-632851019
1755833096
1587872805
227907442
-934502593
1161680021
445063052
-744636861
-484987313
2029086472
280312631
-2024039357
-2112824289
891121162
-550730627
385356664
1735564907
-1033219310
-652597903
-301952920
308118392
-1768006885
-921130357
-1106466577
1031752279
-1203760233
1412144775
538858579
299678570
-927065437
-1300332403
-263909227
4326695
156153467
-610633583
1690142985
-237657829
-1695748049
-518492676
-1018392024
1032193330
-301980266
722166923
70094501
-1127570123
-577354109
-424066185
-958819907
1790249107
-873975498
-386503978
1802359507
618068067
1969414677
-606422207
1892501051
-1437660759
1005021852
30208949
-50172075
-1835202601
-1063328880
-2142533186
-1608269858
804520855
-1898000774
-1045930031
1934497922
-1344796217
-512910765
1885273593
40779444
489801413
-1539424389
520302774
1640717250
2028116459
1790256880
1195389473
617732387
92790109
1157091515
-1220624044
-205574637
952395265
15461805
961203208
1589932641
-464289842
1017241675
-1812492674
-2143368569
-208082358
-1154361082
1804291491
-1845362437
865442125
433193391
-295039122
-324869948
-1419690486
1952410665
264828301
-260823729
-20652977
-704989089
-865460673
532812674
-1684869109
-957045384
381366147
-1777987567
1092478737
-1537867191
-2136018830
-108214511
-658661
571584779
474780905
-912344886
-1692174320
-827936179
-831152278
1541685200
1000577673
1088645931
202210627
633037908
1866510993
-707093824
-1363394320
-758705993
1027122860
1361949400
-566747459
-1100711073
-1044417766
64456682
2073530287
1395448270
-846438052
1088261188
-1209516380
-1753829136
-863718409
989661832
-1805311047
1496012467
243190391
-36891818
-1419218453
1668970717
323289526
388305482
1675377408
1732164889
-810560418
-299680215
1337388455
-1870410158
-383582293
1663916118
255791582
-1982895293
-2026786699
-1963364470
1755572115
500451918
-991298451
2102630851
-64042098
189720205
-1400362074
-768550531
-483686771
-1841722841
1968608855
-2081512929
-924587344
-158979612
-326690082
933343160
2079154967
-1335761406
1126133768
189670890
1221417417
1575961672
752998287
-653383130
2145621975
866219868
1387263203
-1395954407
-1781005376
-1607186607
-1635922899
-75278491
968581655
-186552444
600255888
-162214508
1289813091
187532711
769265841
1142013769
-932097467
1421065758
-512973703
553514423
-1709950752
1341727113
2032015129
-1324886697
1309871220
-1396373599
1357732430
2086602453
-801515444
872803143
329344998
337132362
-1614243622
-668537894
-1831679358
-1412661328
-466355169
-869560376
1191079580
-1323969646
-494451632
-1758684057
-1794768949
-1447954685
1278161078
1479153413
-1308469691
-1339055152
-904916779
-1328299203
160479397
77178360
1883727312
-2044022132
504100335
1171687260
-2112113141
955496739
-240215088
-257244494
279148306
2132532222
-1549021911
-843664961
-1546243655
1336740916
1361083598
-1750553915
-1018608509
-1643986031
-1080618870
-1720778439
-66328505
64181857
1777578086
-2000888391
-231974128
496766606
1228916266
-554688196
1353340229
-1085578259
-181440220
1217775498
-1875301111
1491461588
1420030503
95255791
-965325852
-912807441
689591254
-911975637
308206242
1953322067
-383397086
-1928724052
35243899
-99808045
34196496
58883326
400132723
1735980434
528428735
-374689406
-1578415101
-1469450535
787333289
-137609891
-1824566791
1701508139
-1457410519
43582899
940627612
1204403861
923414588
838198037
873573907
-1728817079
-74036597
1784619319
2128633350
-584163987
-359602776
921224678
1188400005
-67918288
1521338776
193450808
463463209
-1340443105
-200459119
1752234244
1072947064
-669463371
-996914684
-1020499564
-435744371
687188792
1825830364
-1748646503
-1411067912
631792578
1394204680
1333416798
1428451298
-835369571
-1427563465
-508103360
1298623605
-1896334636
-37600798
190485341
1686642810
-1232917754
453900431
1984490636
-926419389
1484732285
-932346798
732234380
-19516982
-1822612354
-571926889
-1664510593
1500952858
-829258782
1386997535
-1786158440
-1121812755
-1394182939
192567624
-1666704877
-1250856042
589958461
1812902288
-250068891
-1799872479
-991576210
-196272293
848916149
1883328440
-683257252
-905437452
1310041738
-550606009
-601276895
1947891665
-522998588
-443585693
-456031712
1009539866
-1937793072
49120359
1120618586
1842177644
-1200997097
-242093856
-552211968
-1008365863
-1116567114
-461078998
823208264
-719636429
823448180
-2083274918
690205827
-991101814
-598395152
863177310
1675511407
1042409458
1139487770
1729667939
851441609
471542921
-1820925468
-1756841354
-587885018
-943811913
1155520568
1868570477
1706497027
1247881655
982052652
-1136930808
-192715238
1502477398
-435990925
-1656175534
246178295
167562747
-526483434
1083809101
1588163017
-1698094106
1725594212
-1403643443
364982653
-1808130372
-23341785
-1900907100
-1526249208
-1150293950
827432472
-270854401
-861071356
-1772897943
1648328851
-1054659057
-646379906
628341898
219559054
1485515499
1898024717
1413763057
-47224633
-912380492
-192522713
1876192415
-1587438532
-84683527
1133699759
-1063570101
-2035049760
882249309
1731972049
2044785066
880710027
1969278327
1002467346
1621490160
1242098993
241945849
-446133854
1762547349
2006153558
569163283
1972777972
-1400825764
242577857
-1593669095
1383741072
1612098704
-1266975889
398494306
1782688039
987869584
-1048004406
-86320525
141640935
710021006
-491229925
-1664931747
-359401711
1890212243
1865540412
1930930019
1705478343
-1032078651
-3699823
-818149153
-1727303638
-1667435540
513115447
-1475436699
-1419567452
-1873466062
-2040330626
-47575000
1394499713
1606131754
1573738645
-934922596
-1133534780
1960402451
125459075
1431379549
-1834931144
53130844
-1577336994
1342388046
943174340
1089601899
-1226081354
1547708421
1365360131
-458894439
610080337
-943201690
-1005007340
-18817919
893833245
-707666291
1649558958
1926887034
-1874798750
2053545969
300642934
-1966134687
-14157258
-1578506043
-2065873260
1261874075
-1458271178
-1953874015
1475975043
1395986521
-1309838478
1634773857
-1338182104
-351778274
183144617
1372965197
2078110758
-1106566531
-992414027
-1764777606
904915568
233652263
1260823880
1509809519
654480671
-1678247899
1826798296
1534084362
1671764100
1140354913
171594199
41788836
1489191809
1189859434
550075687
-1308653709
1043931924
-2112710281
-90499123
835278128
-816039116
-2049161556
-1708565532
-210249223
-929105696
1869405340
2086434003
1126185336
-835669644
328341262
1067679938
-751581629
181257021
-82427900
806860105
-396338555
1561897808
-1296370952
-1688167574
-57993506
-1240587113
1426477160
-821324095
1769843592
431203372
229729685
-528995335
1522307002
-717175063
-1104229242
-1449280894
1551813456
419005503
1017956435
-1996055168
-1306118485
1895316038
-1016700513
1755834374
-1423878955
612624150
-1320466587
-973328253
1343106025
1887445844
1597929464
289087356
2106048433
-733367793
1923610180
-789662341
1014895248
1244379596
789974873
-708674489
1804783778
-1564017953
158266410
796399444
-2014115551
1183160060
1610328977
-223352964
684235274
516636173
933339285
-1628719633
82063872
859493445
942690543
-1340302744
-1192555409
-882383500
-1677926454
-1368616799
-77476877
1675327900
710774987
-1526238967
497030907
330899141
-1389138096
78528691
726588073
-943047667
802203131
-2078602096
1473075196
-175963646
225331825
-303381536
-1074307279
-1376416717
-1085496994
220579301
-1987486363
-1428355068
314908348
366417626
-1375395713
-2009860926
373663317
967667746
-3902132
-1469722377
-2053058426
1084268484
1393886186
-1587689218
-1298712764
1581837079
-318042518
-1162265895
37359460
1832741049
342816177
1115562817
-888696298
-978745915
-1459378018
-350042114
514194098
177809988
681730417
884290425
1294605495
1031680227
1519015274
415651214
1931662863
-798415386
-1375126864
-425337433
1735582103
681214301
210487412
-524738042
-426324513
1538314388
-1368156842
-1115117471
-292742099
-318012721
1342306311
-2067455053
762497992
-431928010
-1233269201
1128135504
-45689486
285198
-1212920432
-36655302
1030445877
1337833257
894649194
-201740877
111382626
1691137951
-1398970847
1277455891
-1799774762
904805566
-270557923
1734468827
837289599
790305342
1410884337
1695130889
-1747562466
158075321
1890624958
1916486317
1085338702
2089083225
-2093495847
-763704644
-186589756
-487587374
-2079673685
-1493408733
1869018583
1676554131
82310616
920677919
-266041790
1557023543
2112986275
1289924555
-1197378775
-1927045823
-893446255
1813277946
-1184001703
-613897975
1042827339
2120381510
-1538614060
2114435824
-90389048
-500860312
1847628683
2124522970
-1536639317
-1593026870
1402370157
771646429
763043305
932509018
944095904
1838845493
1834407342
-767422047
-887161587
461365371
-1642892159
-1039593709
251288098
1296448278
1055877285
894730920
-1799929902
-218244879
2016974274
-475184725
-117829664
2040179822
24518853
1222969809
-1295536035
-779872359
-200763900
-1766123892
1446156399
141259681
-2145137244
-1968949343
-2025495213
1354701699
1784164926
-1914356488
-1584186460
-1271468537
-1290318400
-1178088526
-1063880484
-716014864
435798161
-1516310400
1351252251
-1938796690
38471416
-103677134
-1762298585
195630551
-406736706
662286222
-236733260
-1341096810
1200680721
-259770525
-1524248348
447289443
-43344726
-1911340579
1912021776
1719121332
1406608434
-1156133863
1871412168
-688534158
-843388703
223219451
1985826328
-1578495760
1110906216
1074818623
1022851853
749289752
-1366428399
533578958
395921783
1446036710
-242140381
-195648942
1018926575
145732378
-341648246
-1074639348
-613777637
355091241
-1816698953
-1554930972
366416432
1177475444
-279787835
-1077208895
-1229407304
307438267
1600616412
725454618
-481394540
-2019364140
-527382566
-390288179
172770116
93444759
412683055
1745021231
1375770982
1855695132
-539668216
684888675
29619580
1691307048
1356803247
-1204787985
210381042
1480770531
-556322511
418875532
2021360222
321265103
-136248512
-1594882499
-502592503
-1609127179
-382458533
-1802630238
-1940672851
-206379680
304800299
387026829
484326528
1837283535
-1771374288
-266130475
1385080945
-984669531
853143964
-595312534
1318514096
1010785572
1204369278
-1707756631
-1221432460
1270942170
-1562089693
853140466
1859434744
-1566306470
-953259335
-1773429130
1805858245
304750127
-150974924
-592629931
-1967072713
1414861069
-708383372
1339023079
-311948231
29269066
862642343
151351385
1799781458
49741964
1008749292
-1217235588
441143013
-1626360638
-2095943880
1292995545
-2007493196
-1982710953
-147247235
2063914760
2068405669
-9267547
-169551352
1104432193
1473500361
-997191513
812575018
1829544755
1811893401
1867401715
-1337681638
-1264844780
-2032591742
-1938045978
-932546535
-561599751
-2004113246
1364875808
1944474839
-1705023386
-190770988
-1695457486
1601122069
-1030469847
1477659626
-166178666
1889078923
525989731
1445737272
2061784543
-273882101
-250806554
-27508135
168951600
-642066203
1031888582
1113001773
1185412850
1081585805
-1037140438
-617562592
-1062823231
-748937093
1034841698
103282354
-1436307546
-1282981294
-1964712898
1652300850
275817867
-397179836
1754481309
157798092
-2032329237
798997428
912601668
609482950
764324296
1623473692
-170343696
-1143477242
-1685982494
910566448
1460961709
-262188073
-312949723
2128157507
-117608344
-73990420
-774134430
-2073925398
-1913328957
1011729828
-431161790
-575273762
-1529904088
-1517875057
534180982
-135205594
353579808
2035335984
-298026701
-320726923
-1080271387
-2000253180
2039036381
-685397296
-1901159371
-792137021
268658690
-928231309
-1955642776
1183738341
-161641335
-6102283
-132838971
-728133529
827709994
2118958250
-1225168368
-1073266994
550744865
-156934584
-999458713
198435435
1751864861
549735116
620584781
-1813539359
1664804478
1296579998
-1326791673
-391332380
1888699328
-239264013
2035789094
-705876413
-1491966927
1312971378
-652165531
-1595008217
-1006885142
1206746137
1677647284
-1702667620
-2013671172
1958688610
-277506668
-1772701103
-1606964760
-893436767
-1818965851
690515355
-295998635
-1103789905
1122601597
2023348159
-1572505604
289266380
308490682
-1469827472
-2126901786
-2091049791
1756297050
250671254
-1238439975
-1332934331
-1847740599
-564032176
567083535
648465569
-179526085
-1552836804
-847415767
1282005910
-771551045
830271477
-1898732957
-1864934274
-1371244668
1587107805
789975047
1249410736
-482894577
1817849371
1623903526
648569897
41441389
2109844711
977481094
1600160103
2054373718
-380426748
-881973546
-1668245608
1690798465
862847886
636992552
1257876724
-253978827
-1320054539
-198234977
-803887258
1503540511
749064265
-1667966617
-1089770127
-785683610
-899293257
948704997
-1740000943
-1519299076
718058323
331111727
-1704932768
107777079
1789732631
1919978430
1364607163
258010527
-576017109
1727673442
1479733029
-654252023
72883302
604643701
-1053368533
-1736799516
764830484
-1957786797
-768851065
-403571758
669327865
2008723721
-704301879
-581558150
1911780246
685951051
965088307
905286044
165634986
739408043
-1468483355
-1794692251
-1535714565
-2022484472
2047003449
851103492
297075541
-688124348
528216688
-979621508
2112055250
-2127020487
264681613
1650103227
930501980
1719935468
-1946597247
1403412460
-1926217872
525767683
-1219401081
-435869688
512765220
1759973492
-1774099759
126087603
-968134038
438611583
1159304804
-1303954619
-875349610
1892566493
-525526465
6702630
-1175805667
-1228197063
1619890370
-1333775778
-1923452513
-572035105
-715327154
-766591125
-1541689306
1661792435
-730180056
1650706005
723685552
1832878179
792218786
964411648
-1014526742
-12613408
-1524948100
-543100224
-1083923650
940277769
-259144825
1660945970
-140967409
-37819479
575905419
789066825
-1509579965
852045987
-1544052630
1199458471
2012847105
1583718763
-1160343932
231413549
-894622533
-773750856
-161121955
2051225301
-1810457234
332653943
1799038077
816780734
1028985384
876005634
-210925417
473414280
-845151286
-1886416751
1111675885
-330447135
1566865679
390654192
1866960114
1466273632
1295227852
155636594
-1714308304
-88318831
463955577
-472309979
1947417196
-452449968
-1532615185
-1799372474
1381735431
-969641382
-877276301
1429717239
-632538458
-1520178400
245140210
1094625839
-1798872043
966274014
-1113874034
-1733968911
-1903313560
1037937900
-546889639
1282229696
1561019747
-1729387692
1624483679
1165224017
1762105627
118264484
-1487864599
-368267902
1443061468
1293789188
31968512
969550731
-448332979
1371550346
-1697293008
1090266994
1564800210
-541471540
1279801485
994077380
2067048753
792005558
829233147
90095745
1542470007
-1671575906
-1708422487
900943191
-731197412
1978748053
-1880743203
-2031503597
-4020891
1863064320
-997577994
369020756
-1690016247
-1308366490
1064773295
564508033
1173086231
-1615454582
-1786338144
-1987533828
726145558
211813052
-419355638
-1095967593
-1217972115
-57195669
936710867
1589930054
-53422843
-61957121
942745551
2041552406
-1394889428
-566511643
-34366144
-568613538
1075169724
-1137663509
108269472
-1890949325
-297499268
827086029
-1538915171
904110880
-1108077115
504054030
-1980866972
1870011158
-1998292632
1534712844
-1050263774
-11859295
-1088687665
1209568334
619323591
782064988
-1002083743
1646364448
1882989836
-177645401
1820553771
1423340386
-1637031497
-1759466346
-1253659716
847570331
1605250333
853155884
-700393649
-1739716268
-1461211416
-866956088
209443631
1286540195
1543321882
-1383195425
-1876005289
-2087904507
-1204605615
-952434197
1667123544
1533087857
371028556
867964322
-1644560001
-1135864407
-1639334483
-191063445
2048062006
1956633810
1704867328
-535064819
981588138
66731335
577876219
-484488791
-1916336722
-675460695
-2114776569
-690795030
-526300706
-156617926
-892760833
1066455674
769982471
-17396117
-1204825802
533047735
-573646394
2140720306
1550344382
1419018662
-1130081682
-1006501983
-225863705
-1641763033
-1590825937
508049716
713304326
-498665366
364223347
673586538
-13692809
2021135009
-336198517
-1133938410
693126372
1772144374
-1408405622
162787830
-464934970
-1082199361
38901361
-502389756
-578422229
-157165840
-837832308
-1308704756
-1220945478
-979932463
-32086502
-1965260930
-1379333644
193963504
-1516405965
-1339358843
1566608828
1670772056
1861843174
-1136663209
-816163560
-1898950654
-137914975
-428952114
1426555705
1530306187
-2044684843
1104116280
63606968
-2077464025
-1641578022
144506986
624610850
579995349
624121359
-1570425829
-1583412554
-377377580
841027909
202839918
1537565548
-1488964268
1263387997
1973366992
-300253639
1177579121
1754172975
847020548
264418705
51591772
-2072603987
-1094361989
-1566836691
1540222426
714699847
1773446888
-1158192882
-1349279246
846909585
-682792940
-1807365184
-303731486
-1899906781
-1255429394
-714938141
-2136426926
-1068415551
-1065938971
-656501017
-976086324
1934992570
895262586
259818262
-1844014486
325537172
1757065744
1881036503
-285487408
-1579402775
738394374
818738480
1589380188
-663140213
-1895549689
1826196620
-1493134692
288632558
210601376
-1671987010
1807368192
-1680302905
1928609298
-709070523
-1533739824
308901360
1101806441
998498257
1290821983
-146717042
1856092108
-108512507
656759681
-226273931
-770443497
412832127
1265942329
-2120156982
-342513498
-1090227948
-1199460681
-506654487
2010190451
1110095455
-1577710208
-1754149495
-503621277
-1927917443
-1457622290
-1084546786
247691996
-1461994223
372133851
-2071296386
910085018
-1011859314
380910489
-1110508345
2015236035
-1986584908
-1311663068
310795646
-694976456
1653299034
-1136124518
-1264881413
839078189
-1644041362
-2136822550
19293445
1864207867
1725754938
-504960564
1464568248
-342270412
-1113069848
-2070461456
2018408623
-390658056
-1652931000
-2120403078
2056129118
1328497542
-765135665
-2076812116
360693183
-1416907755
589053154
511065828
84375088
357407204
48207188
-224776503
-789400677
-872083056
-1867182035
-645168191
674015447
885814436
-1104776787
-205520731
-1733110707
-574574730
-569756784
141512632
61341406
-1387749328
-473761646
1796196820
710788356
629855020
1493447733
-277087003
-469037513
-91082619
-1680667968
356885915
1718097553
1217883882
-1402557045
1238503515
-472977740
-1192337483
-1828997254
-366537354
302618091
1685284924
-723366458
-133225316
-739962225
1665580133
910625027
1705907090
-1087165269
-1335349633
263383645
-2046319581
-145051934
1570744400
993976613
-476842669
1546670480
1716232554
1111205004
923620314
1271968816
-1351604542
953607597
-345629232
-1093269251
-1242151038
374545872
-275993180
-825600293
-357237987
1442282732
646873170
1499559286
-203828060
187808877
-1576334636
1846814635
-1109846184
448518712
-1124470055
694679591
141688959
120848363
-590373196
398834765
-1748149637
1102387817
4608151
-612703907
1669967127
-1964841579
-1262403328
-1398806575
-1763074268
-20680612
-1599968142
274772234
1536056644
-2114691847
-1857877912
1841922860
-1267656187
-1856085644
566875014
-1425676475
-294913231
-751448982
1276753169
-584268364
-1076623261
541659668
-372875359
277308616
1319825117
1016243585
-1348211947
-302568025
1174974105
-853040602
241277382
1308121968
-2067102563
-1129772648
-1662042882
-788662108
-225073517
-1503356521
-110105429
700829377
-1307466856
-945914290
175375951
-1626788817
1361542739
-1639095080
392144698
1088005216
793760842
-920210938
-1685973509
-1589170638
399222384
-160374433
112578323
1910457495
-683108607
32395367
-945280788
-26546825
1261088914
-1634534876
711115529
55298772
1237518947
-1562646819
1755329661
557226543
-1621369353
-557362140
337161633
587974186
-646454810
618191127
210403585
1131736686
1898708465
1149569762
-150091882
-1728542258
609725527
1075078535
-1719561158
648218284
-1796105114
851803361
919890520
-948499045
182676052
-1846363675
-1496257566
701286981
21528655
-1518327765
825422472
1608670863
-661556014
-182839380
1868072998
-1705122822
223246905
-1323985203
-1792707971
-2103206068
-193416297
-883947364
1743210021
1407797870
-1824816441
108747608
-193776446
1561958552
1589388224
-48717002
1402342005
-2127996758
-915461843
1295719778
-1065218411
-1179526691
-1804554691
1061805891
661502879
-1766164838
223170999
1956034051
-1907260822
1624598953
821513808
1124399694
769789086
1850888590
746865728
895704153
1355264615
-1685387729
-922384366
-792204251
-1578428572
-1082809158
-225047877
-563224060
867836645
-1561266747
148254446
1938352988
1757923158
284070326
-507568210
762970026
-446935819
1240491876
339508260
1158545865
-1464658997
-1534752514
127167666
1731113332
1727922392
-1194564821
-2070710969
-1594707703
-1172960624
-859913613
-822961931
411149199
-247228282
-1536275748
633578176
894714
1476438631
-1835121192
-1978095689
-327962963
323090985
93448798
-1059514807
36209215
66293123
-1883995306
822601424
-919575423
-148346209
-164423623
-672939662
-1204050240
1212441613
1727364088
2038639913
-136139706
-1570623493
98493981
874257439
-1784667609
-475578717
1427929648
-12097218
1926262585
442106883
130703707
-1937368313
183083107
-274290477
-409052592
-1403551837
-1785768678
-1840687436
399565674
1485600311
-1319473111
-1022061659
124543762
-227182212
1399099568
700276922
1438380644
391004046
438540142
-1463939058
722054673
-1339882749
-937313214
1320945145
-1602834042
-241645250
-924649490
-2115249794
-1313529779
-859620859
1880147486
-1984788473
1829691827
-1580737455
-1659796568
326742099
531231403
-1330131867
-1816072939
1419249839
-1348111886
-100253918
-229408416
193889379
834194035
-1080858984
2093403389
-1578247057
-1364156436
917015520
199024924
-985698441
-2068094512
-474254808
-658408658
-477647622
-2093897617
-2019797234
-212098904
1856470986
-609959852
202581042
1211544326
-1270518856
-88078355
-517626362
-803586030
2101236366
-449838223
898227175
1998066277
-1020718015
-1970517251
828683633
-548649426
1266122343
-1066420480
1000788238
1157850673
1098006246
79458009
-1923215408
-1565076206
1374997998
1707064766
879497857
1938818772
-525761752
-876359201
-981535753
-1893249381
-1378530769
-2015639094
-1926572885
154879161
1623566910
1368962065
383257484
-2140534553
-1930750677
1998349609
1998786577
398845138
-908807788
-890681451
1535668620
2092110553
-1478355881
253528642
1946709958
-585847531
-1345151673
548557109
840108231
-575993703
698444571
-1119237021
-70873100
1172701434
1251482281
1423530207
278405727
-913180655
1114752341
1025577018
1176407130
-1309766145
-1089801533
-1062442458
506295373
53106033
749892051
-1122380708
1006100169
2033125412
-1308996402
-831953729
-103915556
2069757867
-1742254884
-1115551295
1971228070
445970031
542163129
288283909
1268680748
-1144040201
1210677928
550272070
-211244436
741904234
-2088355417
-386364298
444119216
902322001
809824739
-1827419350
-218292185
499754400
2088478830
847860276
1694768049
-1120280330
-2113087954
-1529613935
-709504519
-1644321757
-1708489192
-580598907
1791606984
-71505685
-298802530
-1289986300
-1768486504
-66020599
1423058533
-1539683244
1728344936
1942476662
-769907653
-37969937
-1332333106
782982122
26008136
-1906057299
1009049938
-1064703325
715932802
439195170
-1431701256
1103144548
1433854566
1398421572
-1270607586
454994624
-339565596
1211711825
-1218607224
-852269929
181481882
859875567
-2013386567
-771002655
-876477371
195237780
-150907260
-1101531222
1573519220
1508539688
1383039969
1278800221
-1455586434
-732762649
-187491836
782406724
1641360053
1811671436
-162653525
1692070991
1885644251
1824813227
-390655049
974434067
-1547801644
1879608414
-1118226434
1777858069
-856280931
1555901475
542945631
-935626423
668948348
-539918844
-1466335211
-880609835
79942776
1821058296
-1276609712
47279386
-1759301364
1342501257
-47495423
-1791408141
235972631
-78774090
1400722165
-984290753
1489145109
-954112742
378353445
565607068
1414820500
-385040819
-1942027957
-1457134986
1776337888
-1906417015
-324188232
292571711
-1523726848
1805254288
1554519396
1912378879
-9096218
29151181
-1993473209
1955374607
1854728673
1133042873
1364005606
-2033491936
1646941269
-1499410560
-593617360
1120126082
-832465490
1823758051
-1402539894
-748842077
-14903406
-1701367456
27024679
-1329575979
-212501675
-1810151793
1270802077
-414881965
1537416625
1042838222
18992053
-1364233595
-178413130
1393748256
433425794
1726673538
1972123391
-639938734
-1737735500
-537695273
-1674801370
1846671455
-664843219
-338806394
477607545
-574037739
1447247572
-1473670063
-2133900307
462836471
-76540247
1095649847
-63368110
1180979557
-1567553766
2113333823
-1761671992
-1511574278
502299796
-2088277901
1667981425
-1554507467
-393600164
-1874035153
1911682407
-1867120550
1362495390
102386331
1285620976
932893082
685580998
-283773067
-2018213136
-908094095
718858766
284059155
-740730722
-1407347633
-1364938153
-729536344
1297456762
1389378426
-48169668
1900104645
220594558
-659166158
2132149092
1617277987
1164953491
1045174549
396627992
-1785391969
615130950
958748100
1629848085
322945157
30992059
-727827257
1190102434
1800396304
-883067423
-1100984403
127654883
-1692877519
-1467811865
779105655
190268271
2099140239
926740462
-831063242
-44739039
271005391
-1026063105
-1664337165
675541035
-513058284
1758695742
1874939086
1889891440
-1814643767
-31985568
-1022630295
1050313233
1618910877
-79380135
-835662714
-535236792
1624559823
176983898
1572174574
504831349
-636194645
2135070202
-2081823084
-133170570
-1088948909
-158559054
1334427130
1521828667
1518370754
1150936463
1351011284
-1511335016
-82659314
967363362
-1270587414
2088718173
2142092013
-2126632518
883286594
-2101161821
1938086777
595795925
1724970109
-782284952
-963822281
-134270510
967165313
1021920862
228362837
-1994588949
-1628013736
-2117404417
432425522
-1672305309
-2018453673
-1800970524
-480666588
1520858107
146503810
174418007
-2101781900
870012586
-830840785
-705181658
-865801811
1125660812
-33252120
-1511027014
774387734
-1583848167
1867464597
1983177319
1976414588
-1843238246
1496317658
-2078119676
236268340
1508257753
1230777534
-1577765186
425659487
2017079576
-1381047668
-481536471
1118516847
2042304579
-2092202243
344997271
-1988136470
198190184
-1847586154
1137427885
474047342
516559974
798799439
-2012908238
852249844
-1510373148
195872885
-171887062
-120905896
-378203771
861346768
1765787683
-387735528
-468297383
531244296
848462798
2001184603
79242902
1761251908
1106199504
-804406731
54403463
-121554669
-853965094
2080539945
-1417767229
-1815118193
1987256054
2042165998
1501407394
480222655
1150812708
1219959670
-436821011
1509453885
-1953624027
1442424619
1747938260
-1485660904
-1345658474
2078884475
619786532
635916795
618591295
-260059754
1643702457
-1750144370
-2034841428
587527286
1951675696
-2112345572
1381483773
196426527
104249313
-924390539
-888672006
722930216
958332172
1010002709
-1876107414
-1862959239
1658943313
1525780357
1881102500
1680934741
-761053595
1593431040
301374054
2031223194
1698006274
-387729062
757547237
-70650041
31324703
-593764067
-1895879388
1150559295
547850593
564016885
348716168
-894543540
-1390793008
-1788949427
-889789012
1466923622
1525666253
166873657
1734217330
324082996
1900501827
1085349270
-2088194214
-1877603374
993426205
1855897967
364288022
1435480020
1974325495
-1592734814
1082714461
-1105155702
-240489449
-760766526
1406081023
-1388636283
569038494
1432677439
-1044869831
821908058
-871555078
1959417284
1812953162
-923262811
-1453417826
-1934822176
1784063301
1934993232
1929199861
-586118681
-1125290711
-414672364
-629803629
-618165478
402264878
1813999680
-83225939
-1044156155
1812734817
1875878329
1132068043
1918035240
1198368370
-1970720703
198814907
-113133863
-483180852
-1356660485
-1982896952
124303976
1200128742
1446300206
-1628699348
-1669728636
-1665718056
-205809335
-1009798206
-969423908
2134693681
-1183697626
-1094399233
1946927881
506244871
-891887470
-1062845405
-931345238
2035737422
-1620295411
1048973483
1213284304
1099034989
1683713485
1826297609
-1407364452
2108051214
209283849
-1723480426
-1294776025
366387509
890410355
-311068985
216381089
-57945964
-1425882619
128451999
-1645597508
-1297248484
-959900160
-1629460124
-659751606
-148561193
-474817743
1636313493
-1249054172
1364298228
1177080950
-537201894
-1358946482
-611234781
-69282176
-1866810435
-1433324712
-511210205
-966940455
1962813656
-1078531578
34026648
1633383208
825371984
1339917619
401096481
1658272435
1495470785
-434868239
347638954
1060123686
2047894010
1196453877
-1518682114
1606020498
154295979
274008370
834339743
-1294297929
-1301345699
710801347
-513095719
701554054
-1402477919
1573643277
-2089693676
2115194080
1139330700
-660228828
-1359735446
-1626149980
72609634
-1074649746
1630633081
-582507032
-198358896
-586973819
-757257095
1494014597
-1213959457
1426692449
-954719856
1060691673
-299249946
-1478714442
1025205348
-893224249
1593830080
624227227
424921330
-160194302
177278719
-1280599956
75122334
-472324213
-1235474720
1697095664
-1269744246
-1584298889
919304127
-2029219139
-211796694
-1826893067
2021317581
-472964390
-1064493033
-210328433
-258313217
-305387354
-1911910108
-223354192
-1250556599
-761787911
503401903
-1191361435
-1946651380
-1329926264
1809496376
545528935
-393865012
-1439667059
6854199
1975616345
1610599717
-1975026521
-1769015255
-975936947
-1402206209
-2014708738
47366891
-1241570932
115497472
337706410
1669352268
416219030
-1322708158
35497045
239267037
1068717159
-1808007355
-261856994
-465590006
-1280359172
-2131858393
473087168
1817322349
-1586189548
71954706
2132152051
-1658024095
-186698437
-1251039244
-1255421934
-1005559082
968033027
768659061
116011261
-1445010844
-1141751404
2046493222
-2049260224
-1935811935
-1252946841
800820213
1453165428
-662824265
1066079822
-1709805847
-2044784667
-1237941200
818732727
-1430442486
-1973361292
-1906326509
1753118512
-412582496
1523503295
-408286923
-1688265427
377443232
-820444802
2038909896
-1765463031
1966738275
1076756016
-1283851721
-1210832054
690458777
-1284168202
736173878
-183567063
48612732
-1089147715
-1793567468
452981072
-1757571000
-719440477
-1101850029
-2012692507
-236553239
1562931091
1543527290
-737627961
1765554166
2122340401
-2097396184
-156798186
1332560862
1657112829
-408700564
-17340167
-1017700000
401683122
-1623333036
-1593152614
-861312448
-1014846737
-1134167101
1581271925
1128236343
624209945
526900359
-70872878
-64211414
812156798
119559850
1010122895
116489631
-425567810
-1222488824
1303161123
-837649556
1564766566
434617378
1100250079
114575536
-1687339043
-353458384
-564349323
266206471
-1934209917
1242514044
-1566236482
-1397271816
-791645674
-799412499
1547199159
-1473732686
-1998844328
1554045665
9696972
2021003768
539101166
-340108224
-1064928167
1637575768
1220333195
1539725261
-1593692563
307015330
1007597901
-208516673
1087996624
1540579992
-1529518234
-992164976
704132422
1646755810
864028415
1794274068
-318029035
-1541530812
-1486313896
2083260108
-458319163
578245906
1592718131
360022907
1902085158
188234466
930417778
-662905094
-1512110953
-330002301
-2094708225
1085207624
346014596
142062638
393354987
1711744229
-561040592
-369421829
1387231705
-1071170721
1916928436
1577835158
1933002653
-1250794708
76027462
870904114
-1652491233
1111443898
-1595105602
1027425468
-2102508155
-1461535548
1978331478
1546258516
747457937
1435851239
1844004529
-589857032
422784326
910959477
932614174
-761639294
2102884049
264572551
374926877
-819556908
1405352359
-2088378792
1917750049
-1675034032
1337599210
-946020143
1866129047
-399359858
-94262256
-1780981665
1591122983
1315349576
1047155142
-1105010932
-1114057927
807490457
-1824195311
-1946194227
1702101690
1609023846
1760984247
-486360296
-1737874145
820929308
-1731683108
2128254906
-1853425495
-1522102885
-1941671185
440346854
234883050
-371675791
-1121254458
-1304037232
506345096
1103973963
-993023993
-1975481093
-284371391
-700799577
-1450585398
-1261087599
-853112785
1779668174
-1674961284
-2103772430
-1852281268
-1062185471
800637958
1785428814
-312970953
370690290
-243146707
2099610615
-1770807753
-1900572043
2027301691
-1024983247
1925570944
664961911
-1020459297
-1807952564
1006411957
-869008594
1421805137
191183860
1170864558
-1728890734
-578923335
-1974786361
-1857640070
-2122264821
1891933649
1572908328
-69410905
-15617429
-110863160
670005586
1828094400
-906326499
-431639191
-1352166224
-2142395626
171760543
-476759172
1197352299
1667642563
-1272288211
1141722220
1705111875
-811322900
-1236575810
-615981271
1557445025
400673861
805147443
-275190193
584434925
-862102311
-1945864242
1975771271
-1388631779
755965195
850540000
2108199725
-1250120818
1643310039
-1413750586
-97195213
-1387509226
-925719715
-1016827371
1807355972
-1362771623
-1738423648
1488595476
1470543404
887071836
407072650
1449460586
1985091702
740153687
77600051
1681665560
-1928819626
1261342670
-2139086238
-1195129432
-1573598007
-870841374
-181031853
638793382
-1718655750
1378788068
829880762
-793245873
-252715801
-1670355670
342374919
-1473251448
-772699068
1079734566
-1611469588
-1563382767
-1554499681
203643827
-961692132
1235376378
-985736252
1770625458
75487572
1595285333
-555922590
-1848445227
1784085150
1691882028
-1302887698
278734266
1559740116
-1266149707
-2066491705
-1007370949
-1050412957
1948521412
-314351718
-1656932604
-1765077935
1285629056
219826439
360825701
984914816
-958872999
2045503108
-639695256
2018901043
466229817
1069068929
1193480742
-2079897647
410976505
-1879401523
264385110
-1747648279
652688150
-1151449800
-501981914
-898132618
1123290020
-1310844040
800611661
785006947
2036940418
1356752208
-1086912160
1399788880
-747101746
2134356462
2010258533
-521788010
1250697883
1578060180
-1307606107
-1539693176
-2114453279
1899201659
793458118
-1648037124
-1146237260
2091658227
-324606184
1119016457
1763389113
1032669646
592457519
-1659668207
753305044
203229694
-1769278543
900979969
1692472358
-1287417219
-2005455760
351063511
-531814090
1464202604
1583764666
-800744604
752281453
-2110021249
-972677648
-1300030893
-2020521273
1505752215
-2098514091
-21548695
-1775212857
-2057841488
2036350759
224753421
1658130348
1914532605
-318099213
1091937035
-380804383
-725443248
-1321933531
1173674132
-890182983
-1591983681
2058319326
-1162670967
1568020827
477104260
-112616182
-1076229128
1552611066
1340549157
-2038407248
1118824166
-1663541431
1897387988
1358535307
1905181518
2091686446
-104266729
240337882
767057001
-1441817675
606742955
-1882950028
-1840532944
-1698736313
2146663078
-1755604450
-1654149858
-1614704102
-444550693
210124064
-2014463430
1729882347
1614493825
340030230
2114167636
-1978008341
-674332138
-1791832829
-693885042
815070198
-2115255680
-1632420181
-8251362
154073098
454058614
-433158879
2088369489
-1096302090
-837495267
-890445154
1124763602
-2103952559
-1233143307
-643939436
-1827909076
1228690349
1391679990
-1181277950
711308940
1740842253
-1177942282
2018030601
1241496779
-1574968429
1146609229
-791654721
-1290967892
2110624893
-477173830
-287117757
1292292193
1067630674
-986927736
857168401
181277524
586257496
426160876
736257175
1888200995
-1694226616
142437553
-1614929656
-1741891349
1154209092
-2081185770
-1825693073
273582280
1083565832
44190710
1709185030
-2063383140
436664416
801079337
-968271160
-477396208
46256601
-1787771094
2014789700
-167553064
-1187665477
-1444411911
-120502605
712587834
-61145035
-594282941
2087284300
-32145200
1441106650
769367743
-1436003369
20097931
1910825804
24014298
-383262592
-2000504580
1144319286
-1616323947
-395795731
1415449550
750397311
-936923218
-591714926
-350444394
-495625029
-1130208003
1794627139
1814213583
-1640143131
-641258719
1670730506
-2032809953
799341131
-1571189413
-95014854
1111497951
-193090615
-1451307591
1287949252
-277099302
617129529
171007862
-1971125816
-531108525
1291371305
-1249434720
-2099259793
1309005132
-563021105
1577864187
1687185655
-742583035
1566924601
-835778523
474498063
1395188162
1123292872
416702714
-2042601628
1549400529
1034881502
58937
-84384133
-450607925
421935062
-1142025625
432347329
1551873049
2039342900
-1205892877
-514058529
-638048326
1922770205
11375258
-2000768685
934304578
862210057
-1136886771
1458211900
2067275557
-474322506
-745096496
919612532
-1095343563
-313783201
-1714815900
-1803763229
1156304745
1127243565
350454696
1634059026
-6618145
-2139236882
1112176763
-174445058
1294967075
-1853487100
276630950
-75070930
1347272625
-428078433
-1528848135
422955015
109544888
954841646
496712115
-1647625889
856614432
-1163155694
930810150
-241868977
-1693070386
208837012
-594620005
-875251379
-1007733466
-968564455
-1940760718
-2141372039
-215481391
1298719380
393756813
-505716170
922125503
2076547643
1115227631
-520474372
-1781795729
-2074278788
1626135455
-164494741
-1899789458
38773298
-624839982
-1864127580
-161571044
722963476
701282888
-606731052
464945845
1419561325
1011417334
-1703902959
1850168463
-72622575
768286436
1013378920
-2080812128
41075599
-28571560
1681373494
374397251
943178147
-999592140
1897869750
217461563
1455479278
-550742372
1815595739
-279799305
1712962280
-629883685
1537753952
-1626355945
-3052011
717455238
591274524
1310453807
-962054794
371056098
14946970
-2069091895
-633779134
879246722
1917384425
1255372464
1320386261
-294382284
285590191
904202091
711904744
1934041630
819819396
138178055
-44265214
1287539491
-644629892
-1704015334
1681050670
1106302602
-125031675
60043523
973778158
-1528900127
1462567668
193517174
-1707777425
-1136661473
1327357913
1106884919
1351206141
1341510152
1043068314
134797349
-744456007
-1191691051
371366463
479277945
966506376
1522928403
-629130486
-53273008
-797815218
1723980747
-1948447030
-1596611482
-1652139685
-409046046
-1738925712
-1135474653
953244709
-1503554109
-289123102
-154493733
1701335095
-1177931974
-528411889
1069449554
-825972887
-699334237
34991426
50331261
1063173457
2127112259
-1267739461
357273231
-50762759
1712857333
1194465403
-2036740045
818264017
-271369464
529495135
1854335509
142657255
839553127
-1128497808
1406018214
-1323460779
-194515718
606863225
444641312
1051666681
1514817612
1505435608
-913636152
-815853973
-2064861842
1140611481
-678683790
-1282959061
36826394
1210951360
-1388935094
-1832381158
714855962
626485989
1353404880
-2007185621
663269354
399962886
-1514482140
527147866
-1606040676
527474328
-889700221
1032973788
-1960722693
-1087175201
256922385
638466967
1168580083
-1456098945
-6518568
1168475604
1992902192
1171470162
-1682451440
-837204686
-850052860
-1079521158
-550863712
-353384483
111214477
1620753594
920052452
-1750124800
-880593642
1506412289
57223857
-1665204361
2119062461
496336711
-202894699
-1423273527
-1843288234
-377553508
1692760931
-474239659
479988367
-94158210
1538352109
-1433294134
354079316
-1175451542
-2116395757
-1866565156
-764310668
1701911221
1349695996
1623803444
1739419268
-1252555365
-2076049245
880932775
1010937347
-1216662632
-528589163
-1718615638
-1037565249
-1119319050
488777208
-1847970299
1062410870
672196263
-861038897
76320455
-444150593
1238231380
-1150977925
-2024004743
-1232848342
487924149
1008945028
1157152150
548813222
1962570019
2094267289
-526467015
-1402161117
2054495594
319728085
917722904
830205560
-238773532
-1208187069
-1702879055
-1157721723
1150247874
-1503653980
12765122
-1186439012
-1371049812
1176589423
1763196925
1258862108
-49994099
312588312
-997025284
74645087
180538791
-998663787
-1186749838
-1740818219
-1628445203
1348908061
-1737113437
1889724272
-1611338607
-598067406
-84948971
-1868754877
78997210
1023531745
53981575
-714721947
-2002303429
1108833352
-1131188446
-529832165
-822871647
846646872
1573277678
-264645579
59293708
-2102277412
58500743
-1106608968
-1723789215
1977028538
1463723791
-75240771
196029053
-392182665
1474211942
1399068056
1723082125
-1216535552
1457943704
1178784571
928649116
-1203312986
784970903
-188777508
-1250430355
483903594
-1629715671
-663575594
-976170614
-990531718
-1216986333
-1356394548
-1780746852
-810076421
-511060777
-294959340
1182144765
-412048887
-1802590518
448751697
1990216075
-615613701
1931320746
1538860129
-1402301505
795108075
-1251997826
-944635014
360041213
861590900
1604193823
-1271768945
-212270291
-1051794243
1444764902
244156152
669814665
505622966
1968696742
1883930193
-1287284040
850502817
698233052
-2026008415
-565531620
-566122028
-1028192988
535234238
578465383
-560007492
-767348241
-335800592
1459964788
1701387045
500259187
624304596
233615700
485778103
451581410
-1210164861
1993741478
228117187
187643358
1598699251
1102021674
2127827007
-736211925
1658806684
1587995032
-764405233
-1063647578
-1568936610
-1269361746
858735494
-723124107
-1215688031
-439499385
1217678123
268174207
-623590210
-1990375629
2121525695
1642523934
1621412509
341009283
-1655024258
-1113937389
990133662
-1478017244
-1062259291
683376058
2004914876
-1774349074
1025952308
607520894
-392064528
881058686
-575190027
279757198
-1915887662
-2045222911
1530251452
282515408
750517638
-1245855150
-80871441
1563930133
1746461397
-1170784697
2042430280
1867867790
1308333722
211435080
1886298073
34091391
1615817055
-177687776
1033491280
-1209838798
-539707834
-1285550825
1958269308
-1823206099
837963309
-115985856
1291673103
220337830
-2138050291
-432077298
-1876263259
-255872970
-1009485406
2081052205
-1261909755
-1584374067
-1238851759
1924350095
341496229
-1539937818
1569288773
1985439428
1418428019
1247295739
-666634790
-339901810
-374849070
-245298118
-1729790658
135802804
492143074
482872439
-1144869291
-364183786
-829706236
-1113332124
1244745437
2114266881
-2083531620
-1828690688
581910482
-765041468
-1098738919
-875643059
-1946989804
-1676156029
1649207857
-73364155
-913660090
1326201930
-1771948943
1105762318
359683576
1672930148
-1413272332
-411305620
1228521479
1471977197
874904690
314654326
88486979
2335398
-1125936516
-542998132
-350933933
472124680
1082838789
-1338855544
1405189077
1629815195
-859946972
-314217422
-86127159
-1552544633
-1995868137
1581009401
852562991
1361574763
-89702518
1682131168
412601837
1179809645
1359095833
-1704865610
-1145485578
-2125419375
-1152564461
-261842295
-1970391383
1800442446
1227554945
1308114268
1827168374
456501598
-214664602
479416855
-1778312505
394871509
-325865401
-313892162
613343260
-448813963
-519604499
1788287206
1933594232
-172319168
-623894423
952065891
1994209531
-337156787
376447063
-1725928634
-2009813040
1876871135
1729900647
275570694
2030641736
-280228173
577419545
-450067716
848953159
1481645976
-58031417
-1379978732
1551661022
-1982089915
1011151592
-351530559
-1855240135
1758773350
663771538
-1574885839
2144316091
570967543
851120960
1251396546
1799608679
-1892987179
226525909
751682227
-311311999
1044561042
518334432
1498792478
-2051617420
-1745676408
-624470751
-717896155
-1709184778
-1078547920
-555332788
-55669396
2145330025
1242135988
955890700
-1163724346
395220100
-578810942
680524106
1029261362
-2002098382
1840691618
772363438
-1258073080
-639226182
2002088074
409695077
1152080239
396356127
-1941706959
-567305691
906357521
-1594533431
2078306465
2111518062
998313746
623283044
1842635857
-1973280239
-722225347
272285703
-1405193358
-918128139
-238024576
1032523929
2090631049
-849221352
-1829886566
52982896
-77347267
1837158100
1294758162
810094138
1037006449
-1984450717
813529706
-1253907680
626721429
-1176520283
1003162260
190341160
31376441
858744096
1620640677
1744654810
-543505181
-1364169657
1355417544
-2004798938
-958087135
514107134
1083382644
-898240380
820753120
301959517
1036695265
284727389
156535807
1261587124
1066597047
158562729
345559583
384104654
354810888
29865944
-397847876
-1474888838
-1954129024
407266037
-1981534591
1036373062
-1622828069
-373326071
-1810966825
853599885
750054294
1970249149
-1778790210
-1338100812
351032809
268103234
1992118496
1773303728
878677747
1747904373
-1948580637
1067811274
1064750903
-1338904515
-402481666
1974609318
-971673018
1985653303
586936526
1499349121
1465863358
6210197
-2039300502
569855673
1319693682
-1675399869
-2104657228
-1201384046
-124895766
1098378826
-2114345998
730211638
-286378483
-1583032967
1823309724
1472935677
725718812
-750727103
1011372151
-1221809169
-72490526
-999934496
569858530
773730182
-812319703
-2123189822
-1521007505
-1034763593
2004171120
-852709341
1798223797
-2049658061
-1326138662
113275128
-1554498205
873415401
-1775347096
-1799297777
1946075544
1531757519
637900138
276216181
-1498332046
-871093278
-1381357006
-326486761
-955805467
83715435
1758158091
-474297173
1138429133
-1924931710
1904613481
-635334448
-927730107
-1898765609
-1038590879
598334067
1312596537
1778478768
-65556133
389929333
-2087612359
-1645698515
982487557
500885898
2019452816
-393349677
-246939510
-778317468
1982149013
1712146759
-1027359997
1896173583
-284269248
772082009
-74923219
-1195139938
1467324415
919335492
-1422054052
-674382841
-1102059574
1590309427
-28480849
-2117217973
1959162484
1776529415
-730824059
1610337241
271609412
-1954973097
-1666060497
730470452
1614657476
157590200
904925670
1553610451
2128341208
1907165501
507081215
2007588167
627920145
1474485313
996293469
-272398941
-997570749
808046691
1322168358
1070436375
502987860
-2123279151
-49905224
522017502
220223319
-1371191351
-1301265186
-2019494822
-840910120
542568285
-1999407810
71584636
245232505
-560579978
1211284502
1867973225
-469811267
-324039142
1215786535
-794146982
-692879069
893559537
595752176
1949882307
-1728255370
-496290043
264640287
178885047
-317145245
-1568892984
1439650884
-1088473206
732625227
1700612187
-2040739897
-1613870665
58647898
570443789
-32749796
-1694754044
661327832
1867365665
1854385972
647529187
-315092801
2024081363
-693332682
-1881812453
1984892300
-1606516323
-1028534674
-264704601
32375898
156462262
1174995845
148222942
-34786261
492230618
-1041644813
1493831635
1610757769
-1024296368
-933837136
-565420290
-1423794611
-2027500503
-884645583
482872603
-1133432898
152952517
-2053487214
-1764914606
1581123037
-197871205
1462640399
1372127127
-1890371330
565657400
155167672
-1262131885
508353178
-922296697
1960857189
347594819
1968462435
564434003
1547914214
-265713504
1468311705
2065367306
-240703617
-594280576
-1883395684
-1957849404
907268755
-836274564
-1375547711
-931257470
-1231051874
-453571183
-2048268184
-777372742
-1818736536
-1561154741
459048269
-1309259501
-116643977
451130143
-1941998818
-1158397588
-956046140
-1407959527
-1564920754
-1846523358
-1870463566
2124331446
2114551593
776850322
-27152325
-1679945454
-462349785
-22824740
629252460
-78330810
-1463113340
1341067242
1375860498
-1595698677
1063928335
-1038166608
-231810891
1267636130
1625478466
-273870156
-1489794107
-1365636360
-72496494
388797393
2119540499
-1615465724
-660448760
904622903
385014146
-1904049548
787446801
-2042188363
383967230
1647114375
-64716143
726353978
326682283
192883772
-1459507395
839240088
-1066401439
-1564858964
1166760745
799607947
986933080
1530292660
997163936
516009466
195313183
1766513622
-1770598349
-1254384772
-1611497517
-1012573600
481781268
89359901
-2122919796
1850636494
617684132
-1662632608
1456592666
1564736620
-52435127
-1926482296
1419504880
2100035391
1917487237
1628423187
1001085280
-1134764763
-1637817788
1580253574
-1532589048
328486715
387872628
-728713360
1079708300
1048205694
1805316826
1460583336
-425130619
-1498222924
-503593181
-1685417512
106875064
-1291096436
-1906885575
1492832319
-161580406
1434411524
1881832920
-1405481807
790355635
413276682
-2079752352
-2046077469
-366538702
-1246686106
-364328724
370572517
-1756076416
846023382
114196898
-2086604049
56687111
-686305158
54086476
97533791
-1510573099
-875536014
1751171880
1318015490
-68660084
-1889875771
-1340294149
2097165714
-240173411
-1707458428
696092011
1928849023
-2134388811
-1637863378
1366348942
2090488305
-1007966858
-811733674
-1384898115
101237006
