1137301235
-700083854
-76343335
440978630
1158653494
210256897
-2009874238
1666326606
-1438092132
294475152
-1220339384
-375079369
-408230630
646430433
1752898466
221104316
-412858658
1373269949
-296448717
-175836628
-81077886
-1684664040
-49348648
1754695081
322150527
-686930574
-1421405055
-1025591253
-504530465
-170390657
2081805058
1058702795
1003121718
561587977
1361914667
-19751106
-109355054
-1960135659
-1911360747
1483287454
680638257
1921992773
366802622
-1969528208
1572698803
1734297212
1743121624
351551970
1813384080
890521799
1327260893
415098196
-1186557429
1422312570
134873703
-1831649255
1851169511
-1359000423
-1262315075
1015824510
593139738
124720762
-2133851728
-48586998
-1864419136
-1516657496
589868712
491642375
-1214395310
-642532343
-158569735
-1172751039
-1388894953
1788479298
-1165770629
379495949
1721085401
-83620775
502523736
-1993485428
-177297700
524179612
1895976487
1876376368
2036710923
1812006593
-1809838278
1160149375
-1378519436
-660208818
1321658163
-57653481
1718751990
-1521175750
1593213149
-329500175
1310980153
-1225858860
-1810224584
-393029911
