189501279
-1897389199
379015703
1579530387
1557236126
1001929307
165475872
-802968058
-126261546
1206912930
1935911412
1701567750
1778032717
1380025358
-1681628776
1122678909
-1419707987
-1827241938
88765508
1178192003
-38077453
-767412685
-942566788
-1062770465
-1707037779
-1407216101
-1606121119
-585274419
1349709412
956674065
-1594595516
277390593
147280726
615375123
1399117179
-1107320597
1551577960
247309781
-928793736
-1761145795
-312189862
1415591908
-2012250346
-1992912983
1128577852
855267598
382760502
-1788271633
-1031161312
1069871361
1501519242
1439703574
-642300656
230777138
-826546000
1609602041
38382146
1162130176
1645461378
-100235004
1457047945
-2071657448
-1144292180
-1329433793
-1376106737
-513354470
-1323269762
1729155212
-1224231615
2021531260
447984386
769434668
248048137
-435073105
2033874001
29459591
-1521355966
36347007
-1533775326
-257277652
-815309208
-1834599233
1278874531
-576363243
-1548564593
-1812823516
1793107083
1577654576
-1438850154
354478193
1735298160
76819226
-1170114148
-1405778988
1948985173
-439206867
717553585
513044880
-1480911994
-2132452164
748342992
-985452837
858982568
1362597788
1812341261
1605237256
983075851
-1262800409
-1810934518
-1073765911
46732867
529048316
1363809711
-199465106
104168950
-1525315383
1147174169
473355665
-899105802
288365644
1904362451
-33574026
271473809
1134488150
269911363
-270502707
-794938840
1761399953
-788412826
-188625798
-543679234
1852153541
1488532415
-1261025928
-1986790319
-1677226922
-1871230324
1962608122
-195617618
1358090768
-696950469
-1296097070
-513689727
549969959
-347028709
-1320937194
-218343445
242337912
-1443277994
19954688
452344024
-836090603
988998431
-32000746
295891023
551101184
445769511
-599228278
-575210484
-1011280587
929994836
1428529123
-1484258485
-1521994771
-640513100
1279440092
1966006758
606776353
1503518127
381249163
2119618722
-502635700
-984478596
-288803643
-1754906940
65442677
366149078
-1038705216
-1453117205
-1359830164
-431608850
117733882
1069431065
-850149549
-1585238621
-672353702
877419538
218166624
-569897488
-676612972
1298757609
84007648
429336229
-1673246255
-272498729
646184318
97219161
-1332235378
-1646517938
-939547452
709593502
-142069053
6661709
623421410
1192410998
127556936
1288513781
-1762632786
-859107066
1217127796
-1727894436
-945169172
430562441
1788655623
-1667043679
11680462
1240241030
-1817078711
1989478465
1695696317
590470213
390431346
-882561881
-2019031463
1958663807
496094284
1239293961
398598335
-1417185452
-1968546794
-1047644559
-1393055735
-87281535
700884396
930672665
514532890
2022594257
1775074788
425035516
1699732378
-1153434668
1220314169
-55557719
527727679
-1423233330
-1175846226
1984798553
1527180110
1364711666
1504339948
344699204
-663176095
-428431153
2110832557
-2039532241
1235516522
1640677642
672386397
1842300233
-36698377
1634934349
1943514366
1324069175
1864919991
-972035969
1450581579
-538487699
1893214268
-2100354251
-568467936
-1738474049
-2019509758
1672442215
436449816
-1845838793
-1108554577
1300160614
-182056329
1732814120
132155548
1493626381
630087242
-191010941
-800995949
875970103
-485906995
1857831016
1416242650
741061488
67344140
-1008917248
403791216
-519184658
-339310388
1424569737
-2116146794
-741016638
219946922
-995963470
-208618352
501016906
-1251399291
1909311016
-998137428
-982001431
287394585
-1784562832
123493763
1360110330
2031444971
1780051447
346902142
-1359022335
-756429716
-112226457
1464766876
-233645277
1143984729
-1454730949
-1237848207
633876183
1768953696
1939753109
1559369073
-277601058
1462351368
1197701966
1093508974
1607592048
-1398517551
-210589106
218281310
1082581431
498167706
1473293598
-2107227806
-12432000
-480522429
-2062486853
-1179778557
-1022223313
843679634
-128287828
181206206
330451956
41954138
-1208360618
59118786
356201019
1569212121
-1204027761
-1939158537
-1209636759
-270540702
2012351856
-1755814846
1391022020
-2021531845
414797423
881200903
501178546
1698856136
-1775399764
1264232687
2100148517
538911720
-103869558
174672874
1852612181
1117938334
618260865
1247793527
-646257232
-1721576973
-1093311438
-89991390
-1666549490
1487804443
343959995
1611073358
-978032087
752838870
-667946164
-1630557644
823544140
-151836647
939173114
622248747
1432466249
1272943341
677744338
37961257
455232175
-749432171
-252482767
-1082789495
-1953656772
-939319818
1815670354
-1675724786
-881635696
850316595
1278081832
628434727
740068644
-128810089
1721553262
2007475572
875708025
-1798614088
1108183291
1482286472
-291234412
-586481192
312307290
200640752
-803508568
-2012886898
622269594
-698486924
1410111253
-1968880731
-2036780959
-1807780196
2083897489
-1287346877
90673223
-1735086731
2139618212
-220686003
-2057124255
-765165419
-1017408167
-1759020278
-178759910
1298702939
984060978
2023538950
-215580342
91992955
905941084
26002232
-1463028864
614657977
-1147512029
-1704181914
-2060647774
-2038471948
-1948833369
-1328463928
-572705352
1848568421
-606193968
1682524139
215300868
-312113624
-1739255682
778759128
1525324373
-2129936644
753796101
1229403509
-1352681316
-650697658
-1910678056
2059500586
322437311
-602003877
-1078562685
2056950471
895829421
1979240702
-1461872930
-1100583004
815837617
919874087
-2099534465
-797854967
1578293003
-1552533242
405962608
-686903344
1444132284
1137506630
-753286623
-552084920
-880489823
809680534
-242893665
1089454429
1809087427
1006029924
944383494
-517671435
-1361349139
-192862741
34424628
-1889368932
-1413886082
-455812496
1356303295
-1245977246
-740096897
-1203482169
-1789481432
1642956291
1894064119
-1461756644
-1666518192
1343836745
224962174
-1181020177
-1475860182
-2061967698
-2085874161
-2060475040
802905265
-1678436028
1284968226
1452864940
-1983808740
-1196579623
934181626
65683447
1420448336
142099029
-554417349
-672248757
-1538874218
1732439143
-1219334465
924396000
-879279218
-1580627616
1742387113
-1730081379
-111253918
1966757726
1159786169
-1410853666
-1483493571
-546146644
730316769
-776408969
-334588930
797849193
280800280
-1703625735
-1147003351
337577831
723078255
435193139
354432541
1293105492
2053976673
715474939
778694028
-1183193569
1645541742
1337811502
907377958
-418402412
1165516266
-2101951500
260696471
-1457048759
793931025
-222207928
-654605388
1212831933
1187258975
2020975031
-1179404304
-1306534467
-1805449698
670492519
-826154732
1945289993
-1837457088
710037082
1675235886
-537949384
2144393838
-1926608140
-1996354614
1342522840
145395808
2042877626
-2097426337
932647128
-942733969
-1164822948
1063291916
1896640042
1713238120
1554684917
-2057976956
-1542095964
-734706014
-782685808
-336462267
-1620958425
-1411312815
1067784174
-16424945
1255778562
937488413
-1104542331
1833821588
1347566744
-986451218
1065923020
-1754908565
-2036437185
-1563089655
-418273099
-2009510326
2009118059
-790636704
-730815877
-441170060
1433622027
-1481349083
-733504611
370360432
1228237874
1479232927
-1525356247
-222491909
485744378
-932349375
61852989
1751974462
-1183878236
182873592
-1654960182
1151954499
1173315076
523602116
2133286811
-847762779
-740166885
1296659082
257195925
824870023
1459839493
-1037456345
-34700224
741639111
1102878485
27237832
-1709759099
-1315761294
-471159490
-1322142088
1371629753
-494420615
-1302228556
2096656634
-836032806
463990181
-578634286
-1224846888
-1603128553
1789456328
795552574
-2091306309
192341397
-248439500
-1932925366
658271997
1930825328
-796267151
-928849251
2099823996
-522152705
1872092713
-916982254
-849869903
-199800996
-1423415705
1854676447
-724578816
1242930722
-1475516160
-904695303
-1335355055
-843155336
552655440
1147431607
-1865995810
-2077617074
-1339126487
1160076469
-1977734322
-83573018
2040355593
750472954
-879839741
-704497258
-370664566
1919782749
-271395409
-2067714357
-482730210
-704403164
-1605999315
-1783098543
2032935162
-369516051
906613646
-1786585136
1530520658
381722833
2145625713
-395374951
-1126698809
1178624965
134696343
-2035635806
532947485
-80730300
-1472390219
910669007
128122673
-400301014
-2041546612
-1986693005
-1465447383
-2137716765
-1553555402
275083285
-450982931
956041924
-2144238653
1474945398
-359177003
-1669166920
1259839236
1396203474
-300933982
1294712862
94558118
-430260378
-1834475598
-657745166
-921323135
-1552073422
-1901017233
-670915030
539468850
1836113664
-81538040
2130156386
1927134694
10833828
681266532
-135438150
-92291207
1009630084
-701366446
140419839
738520511
194539866
-1452079868
-2143916536
541512736
-1332131016
-302901315
1246717794
806130793
-855432244
109941961
198807343
-941957151
1653398501
-453611858
-1612666038
-1046352485
983741493
220822944
1395376303
1243873802
88932184
-1790385351
626016026
1115970522
2000777236
-1644464791
-195443987
85432829
-993753118
-2023529302
-216952490
-1534333181
-850073171
-1172532872
486486704
-418335314
-344812327
-37337856
686673706
-108381499
-1334817658
-1096597225
1230516646
-900214744
1851633429
1024875373
-2083023645
620723492
-1510161942
-881780734
-1680892195
-1720459256
-1801587341
200079064
726937203
1474172152
-773200535
-1728091927
636215114
-299977216
1347443030
-524050341
1570531313
198592620
138955094
-264982543
-639879611
2113317718
117762849
-677007932
-1546195433
-1461429377
-1325397176
-1903375053
-1037521397
826777698
2012886718
1418830872
1108229826
-585435514
2132113561
-2145513668
-1958309829
830819091
649572378
716466700
-1463539338
-203170648
-114441494
-532345460
1628663386
-1773087381
819539878
1005079179
-935010344
657519200
356893853
-2130619625
-1602700721
-1725707266
-1105363240
-954087629
1209767473
-94923777
-1244867238
810342599
-474353945
1627020407
1242166440
129252055
-817187854
730872872
-1433031029
838356983
2117027922
-2003377132
-558554605
1519930366
-1138125782
-1370195374
-196124705
198589689
-1838216028
2067320357
-125137252
-635555998
-452340206
1846884682
1836602314
-247537262
-1943575467
-1528774000
857310406
1135983219
1023819138
1308841390
-1476566012
-231278727
-315964734
1014768720
255913627
112608722
-2103630983
-136018829
-1024000506
-1849476389
191946409
529653746
457851432
-1907335210
1878554264
-1859221153
943085456
-1909275430
-1811006799
-800421354
-2050654722
873680650
1057311655
1524809103
630502182
1969894921
1701068256
669896180
-1405602381
-877632339
-1245905392
-1780226573
1647752334
377073906
-1727275997
-1188090924
-2030981537
1676025648
1497489503
-1027581491
-1003109037
17278096
1681706697
786696085
-342488288
-1413669700
-659456824
2032826678
1466009925
173696725
-877437688
754779943
-2144171626
1719721386
986604961
-1600556135
-368352521
1057660709
106345591
1524416785
-521351577
2082363144
-605841949
-926130634
1091438656
-1079476007
-803090030
1197849324
-358661700
2127713563
-746364499
-1104569696
2021861051
-975317570
-586090438
-933644315
1425308610
-229528105
-335284543
993299776
-1831266234
1993791635
303414322
1340364607
-959200981
1003832169
-270832379
-980180017
-63264889
922476430
676567459
1953170127
1479577514
-441198930
-1287821564
1516284896
-730143646
-364521768
-450421352
-1879298690
76495482
-864835143
-358858133
-1967294124
636946564
-340292852
532258435
-302521909
-372205864
-562171311
-1863329652
250010851
-870290468
-1916419140
1663272119
1993056326
1326889092
1390287984
1524879070
-1556092262
-1331656420
-1531433492
442442475
719031830
1473560133
-1632183099
1984919418
940544087
843649596
-213051755
-644997443
116585332
-144986526
-61402317
-1617346144
434797647
-46000904
1361704228
-2041353939
500566574
829842217
169377104
1760016944
-1107078263
1479028557
165856760
-683423970
-875619291
-186218645
-495830809
1765940274
1255880801
-301149184
1117926631
-525407784
-363793969
-455826690
300488310
-335384241
-888364794
1770692375
733779897
725817225
-754413387
914700090
-87573583
-1556397483
891977211
-916473251
1656207532
525165503
-755480074
1625615229
-1983343107
-772614218
418230426
859853282
814837998
1704490991
1735792835
-1145189977
-1709466379
1565919753
-819277428
768809081
1062146854
1026288626
1076318433
1420266142
175236329
910467720
2135574354
-1760961479
-115366420
-1418842493
-1974231766
805630668
1341718874
-1764144239
708619456
1615342333
43707981
-630522430
2066304524
-459260260
1198536576
-1580265178
807765884
369755876
686246472
-280989773
1741486088
12099328
532775108
199651692
1932938883
2096933585
-1412408493
552897216
-78749132
-275593746
2093505862
-1716781777
1332986021
448487148
51937494
-566923725
1138541754
652116702
1546679896
1715636317
476023556
1419926815
495919790
1590037181
1641305943
998469454
-644476672
437447303
-759152743
-345389671
-1615475796
328821490
-1669386275
497462078
-1437446022
1921208163
-1107190865
-25517233
-687991788
115248074
-2119995215
603695541
211634356
-1105717428
-706273690
1848639606
-303408097
1669252386
2117650253
-1095627462
-252714799
983582656
2055925553
1752566538
1822119545
164676153
266287807
-1567452069
1473217959
-1789948959
-773647272
662260043
949248707
1300367923
1206995496
-48425431
963488833
652723445
-213452425
1851252283
364951570
-1225189222
-632595649
-893808966
-809163683
-397137178
1655653885
470212129
570646382
-390986280
1528985804
-1202832474
-954254610
-2041054013
447349678
1088271112
-472121772
-1755856963
-1601937107
298633355
-1406489445
1832042813
-1992485598
2138673472
1273655605
-644099585
1968891092
529042314
-368154562
526128939
1899035716
636156892
2019243509
-217137483
-317942586
-60304953
-836624025
-1397156346
-1770131245
1482643763
545695340
595257052
-1340817123
1598176236
1379316439
-1444069778
2044020452
-625436832
1313669864
-226229549
-1959999608
167652006
-510111483
-1716979037
746661214
-2101026622
1912163497
-443733282
1675669958
-1858127065
-399209316
1410838284
1930726524
554197116
-323686300
-1943572570
1990796335
-138947677
-1097980677
-1697686860
44411983
-1169484042
-455720767
1435173558
1810144299
678412243
1885907636
-1310472248
-1584624838
1079819866
-1768701731
-1344475392
1649016504
-1282286219
-279580147
-1996534758
1507851380
-1799307496
1525038793
-2008850089
-2035386648
1368578249
2106545538
-1180493407
-1188370807
-2076953502
1302576649
1628078323
842572896
-1732052715
-2134587327
1643192055
1309923802
-1774190415
-753061355
-648292368
-782558757
27065635
2009839788
-1381926951
837875480
4780606
1019807963
-1337308210
120597413
-832305218
-2124954917
-1325044309
1904354765
-942671990
1942259003
53782002
-1710158303
-1427989448
-1121504489
339347442
-1790207277
601121750
-550114934
-977228764
-1216199612
-514020633
-733128608
-286511913
1598729946
2039104428
-1277595120
938526992
114253335
-771314268
545564392
525357483
285148391
-455687852
2034442122
1830175941
-756021448
-225192886
1035119254
1496300381
838992079
423926111
-660647512
-861795016
1301308761
-72531651
1275578756
606949126
-593064512
-1939693791
-1208209008
-736751934
-1906915648
308565472
-865806718
44298846
190526649
1186877742
1013312601
1201216670
2059444422
-1410199778
-873434224
79723587
1053328141
1827438052
-1939882607
1827629420
875617880
-1571458590
117851240
498677049
434487525
-1907230751
327403960
-489058383
50953849
1889732510
-957746959
-1421547547
1048442810
194927241
-1756116797
622602837
-152403266
-703108408
-2132281395
-1045200495
-908113697
1932189313
-1534820199
-743310045
-1653592624
792650585
-1462873908
-112573780
1320063989
-2052112841
-1152512103
1642769740
1107988974
-1396436148
-1142497417
-1413120185
236547444
-1308710313
680199955
-394786332
583561064
800568101
1155380614
-886968424
2145412393
985583191
-1464838710
1940644964
-416324827
-77373849
2084382058
-1123053445
-302801742
-448076564
-924319111
1298692391
1870357790
-1661374435
879338692
-256896020
94088708
87350419
2044245578
1887791085
-1008757023
1639182162
-213418260
914547086
-982982170
-199848951
1860441952
-1985266598
-2069732849
1949600665
1995724651
1017161511
476231283
-1985677613
-1276775601
-1477998984
-1120999714
1110944133
1715371137
-207062751
-466504292
-197680713
1522416030
91980593
1702214295
468483890
-1731982944
184582923
-1656906844
1714812737
1093649996
531059926
775353881
377766075
904124910
625756182
2029637026
1763490880
-1226965944
-1435251813
1846514772
466246849
-454407481
-533040231
-874897406
1259181126
980627448
-876823016
644096207
-1193817877
1814285881
1292646798
-173413116
135960107
-1673928269
1862136265
545437219
-1372365216
1740590471
24659730
742357820
1153429642
-1816999865
1906611087
345394302
2079409742
883579815
2060141289
1506128912
1799200322
1022471028
-572047314
-1522182111
614692455
-959367228
661118455
1830169149
-1044174090
30084718
1751555277
-1139427358
707607903
-445866052
218657736
266170451
1537181582
706521695
-350716040
2079323051
1472978799
860320418
-1402717431
-1283211468
468119220
-1380271902
-1505777759
-1873032455
1155941077
2082874173
1964639756
1259596953
-1673471656
-372502903
-1502476645
424678238
-1670009774
-71697784
-687697080
-711282291
-1362099411
-1969289895
-856713186
-726669569
488213418
-1245042128
-1068732969
297287920
1583775529
1380005705
-1647588666
1875845910
-165128152
-2105757927
570646007
1348349429
-998777847
1667500231
631994516
479737457
-1638957801
619250650
-421172854
1643356836
-931440438
1599603506
-15110293
-1624424463
-2137762230
-1654742212
-1566088043
106554969
-525326031
-181862560
-1112307308
169770252
-456639339
-334931266
571150788
495662147
947243588
1998921754
-877504965
1217398860
1220649553
-1545769708
-295120155
332259814
883582671
-1420256100
344805871
1726539726
-135512100
16090276
-913381015
-1447701095
717310945
1388862230
-1380077786
1139108804
251809815
-1328777721
555239142
1164856585
1132686668
-764060883
216116918
-182002445
1107352806
503108238
2057104791
1879438260
-290719192
7532666
1086490718
-1281721546
-1431757901
-596620613
-463609638
-21542545
13828432
1452920074
285139771
-1789801479
-1642014228
-970399549
-2008111695
-1385735967
-1856494109
-1281238052
-564404653
-1280952130
142866817
1947069203
-1717677246
-1663779323
-230726716
1655499622
-1677809394
-1648231012
360250727
23520968
-148753577
1009843372
-1473125349
1485580305
1074834359
552101819
-48585193
1944984117
121893599
-1558305031
487907795
1967810232
-1735376897
-2129173543
-1530356209
-1247475871
-2074779029
1179309027
-471294439
533020461
-2024801925
903634120
1672558160
-925585786
711706290
1042703798
-924752669
-1067518284
1181122081
544631277
-1557777698
-1042046828
2049227021
208117906
-1796431513
1997748870
2089873103
-106967613
1125033796
501997995
234264571
-362835733
1611924127
-394745264
-1756766268
1721287766
-1559764211
1077582756
1374586783
793952775
-1972326452
611922609
378986789
-1102208567
-251171252
1008967817
-939654595
1263715459
-140473104
2026583999
885954425
145899728
-426764779
-1814905575
1698298048
676463823
-185626798
2020970371
-1697029074
732741942
1842088193
1074060101
-22183113
-2140409427
1185358334
-1595388808
-1615946222
-1976986023
-1071774802
668136630
782377300
-577015114
892705347
-864790512
-401581606
-1825380951
1878756669
720950596
-1786803476
-2074497323
387955763
288087343
432521886
-534432467
2015511506
71413120
-609939335
2145329865
-1058123994
-1032486226
-1142685093
-1973720579
-629524200
-1794869973
1675529115
1677789096
2022294071
182220249
1270725232
1374426825
-1858642246
-1646649923
810999698
501549399
-2051678011
-85506830
79760417
139598416
-1794374933
-2080926497
371853766
1510296850
1033869044
-117470804
-683658984
1931120106
-2088870689
-2049599759
-34028992
-1690384406
1940833834
901014448
-1865374754
-2081291265
11741520
-1391439483
-1709200338
467920194
-1911674478
652329755
1190451302
1420498574
1212110586
-559360542
-1384901021
-150110894
412830364
327582462
-1424718717
-820492889
-2133671138
-1508746366
-1213707308
-442229852
-1791982213
1767068637
218462317
1238574577
1322124803
-1162521964
-1632013284
266048922
1954225573
-331581903
2007435073
-1404379355
-770355344
-892189062
-1224145927
286978278
-1764793769
-812104474
-2125332610
-575407472
-1280158924
-907112372
1577303500
1368037903
1890378511
1872007133
538915720
1538490773
672613791
-600516268
897073693
1170402035
-219892720
-1324562837
273060392
-690000855
-753604602
-76321392
-268488683
-95092416
-1567374623
84603353
555273994
-1670488234
1255515458
-1650303436
-1994992125
-1909988103
-513590578
-1401061406
190159677
1706081208
-1888502223
-132418523
-1244368424
-471597321
1119943014
535551287
1239444919
-550700029
752911924
-168955266
1431110058
-538517659
-285076741
1848893438
-870982705
-629578885
-444420176
-1695012593
-1441291212
-42380221
-2120128731
-57015729
1061388737
-1490224006
-1286494067
1487984345
814451029
-482226203
-2079570625
1370909878
453278510
-2138970387
-1500772678
-859153261
-140807539
-466804879
-1565581079
2080952500
-1836815463
1451423448
-1467546457
2098839336
2087764867
122122596
-30124412
876417854
183178986
2061411022
1908739529
1735096887
724050561
1178577934
-2027487303
308987708
-1116567057
-491175303
312564505
-1490017646
-783177482
797905937
644601842
215578635
-1175858474
-1072128744
1176674197
103471295
-2129222669
-25214234
-1857933088
-32259076
-1801041483
784517116
1724302526
143362938
-1641618257
-2004325032
197064435
525551315
-1457166077
-1851108086
1163507481
-400618959
265265411
348256774
150193637
999248968
14759452
121753916
1378435758
-42014841
-572660753
1331652581
-1942745808
-558333303
-1676068416
206607136
-2128085108
1231760337
-802255341
276006077
1797932179
-336919370
278005908
-31270569
298929731
733468572
51242551
-1703677017
347025553
-727591580
814570399
-1372636905
-337615768
-663210459
-993478205
1245119381
1284847345
573878555
-1300449073
-1567925078
-1842583275
-950927393
2064715079
1868944842
1624884031
573235416
-1607423118
-271969811
-985947802
740445425
-1055367947
698143838
-1192314038
1294783628
-1434022723
-769873710
-815813379
-2090969163
1770089762
-1280018245
1141769124
1872661914
1557584969
1288806878
476893822
1608126267
-1853117751
2079089187
935924773
-1305683619
-1851381616
545959083
794713108
-220300861
2098863111
-990725081
-1002005399
1607949216
2019198836
1506014823
1081738218
985261895
-2055741280
1359082801
-538953651
-1371444956
-235430215
-1836660652
-825986893
1597240303
-17022343
-980499205
269628533
-598494691
153304198
-1017022906
936952355
-2037425510
-1678748132
188777238
569336521
-1300710219
-806060056
687775016
-109761164
1493407580
2102930231
-349319835
411762420
-822202488
-61894320
1425387895
-1739675166
2077776378
-729707235
-1885897057
873112292
811920423
835709712
-105980475
1207807279
-2004039568
-1300606141
1536947408
-665695411
514455957
109261281
1651781943
1477834784
1739886955
1691369924
-1029920808
1182559270
-338542899
1979096415
-771088888
448492285
-2106274096
-1992525346
1699745770
-1869605590
54725946
-1537675125
862537732
1900419605
-255150029
-736331149
-1078338545
-349755817
1722907452
-1984757175
-1586257138
1808202296
-1509546655
1608167561
545487009
-2064214925
112365226
1534645728
1270800794
1887452475
-1608392490
1034459082
2003756496
1483390338
1547056971
1358250877
667824947
815941240
1239665223
-366187771
-975315424
-3551919
1198987612
-1387122513
-1353362698
1205854027
-1829844710
990143659
-1582871319
1888367087
-2144786419
-801154836
-1520507371
-995396714
-1137668375
1413582675
1203049686
-1494540242
-772730876
1819911691
2104502870
-13672898
2052401667
926688822
824452711
-1230165978
-143756840
-374007607
-1996229486
357778859
-617977877
-2040298061
-85924241
1793644979
627240087
1705722180
-2131296458
442533964
1310525399
736865228
-1258691434
-1708558094
1052768320
-1102035070
1505724613
-1994933999
1262075186
-1418049368
1545789911
-1726889272
967151690
-1922006037
-1836432813
-817288209
1465647642
154492687
1428301571
-1046429349
1956359708
70821835
1486261772
-633171360
-1888175645
1523938545
1059203901
-645091178
-1701801070
594179538
-378794581
1671669728
2014487442
1235047391
1461815933
1046868650
996533631
-482342253
-1748795133
1584131697
-1986618270
106518928
-201634803
578032776
1846973989
2084549896
-1203964806
1280539416
-725765565
1925732446
1472297231
-780213657
-1463836738
679632652
-2076360823
1942016605
644548182
-1911552058
811860724
-386560956
2048233207
1663993312
-1299393731
-420621105
1155235698
-2078341908
-1495401978
-1423582627
-149889680
-500579673
512874681
219003774
1001213090
438199060
-916253729
427127221
2128288829
1145234153
1480564658
-427416449
795162533
-1806382038
1917288944
1305421972
-297341336
-1269395180
1612012785
-1785909396
-597964947
-1675808453
-1969481733
-1615435004
2069681004
-1875866378
600193237
-859919903
-1204014432
517147386
-1397177702
2108862293
952549819
2016113732
-1989890610
-1518711808
-1468063206
-1730794948
-1204859466
-2012939623
-1339780806
181476119
-131385629
136119534
1670071145
-1039656836
-572490992
1708750121
429077952
-167938966
1463569965
1080514388
-580539568
459606104
137193659
40308510
1978714522
-179959139
1811135322
-1868380706
-1810102204
1872385554
1216300959
1538208984
950495242
-878180363
1520644651
-1772597313
726836466
-222521328
547316216
-791702661
1023989699
1153355545
-841727754
464125228
-1985987913
1333739356
328823254
-367530643
2055538031
-804969577
-244740316
-2136900644
-1784572890
-1701853148
-417183845
-380240166
1246055977
1457709661
3763124
1074121615
-1007747194
-688489925
1673314432
218722864
402037251
-2071377344
-1678005321
864680580
-497184430
1889450390
790039823
1433527459
114050690
-723528584
-2002462510
593949185
-264882505
-731322671
-1856354390
-962004310
1795547421
1711512866
-1383551041
-575515954
1582077977
392679336
-1822008573
-1757772672
-142495295
-1239721027
1876815564
-1979424326
-987772018
1898688382
-382453598
1995223716
640030032
763489197
-1820494758
775881749
-93399199
658292697
-1999085725
497703513
-1322538979
-1819712324
-805917345
1636289588
1928004753
1780963555
-1545621003
-1631499737
-359513999
1381548948
827544549
-87616015
133300559
-1900305941
-167731876
-1863930280
1581955338
-1129962938
757366152
540947241
-1938173052
6476258
22712175
-139229828
1927252887
1582268614
229833212
2114365500
395877192
1135345631
-574767782
-7658267
-1415169219
-1089200788
-160628347
-1853065073
-1907219092
1651671963
-1246414306
152948012
-960262379
-454009484
1307259774
-397049075
-1047179791
624944630
-380805876
905531050
814521515
1373521279
-886643501
-391647582
1754477199
-1882496656
332429390
-1546011136
755933825
788300304
-1128546682
987866815
1524249903
817427120
-554442914
-928237424
-1480084854
-715259888
1649323053
848488409
-1327575439
-151389951
-1557185139
-311052031
-791008081
-352053941
1500781170
-1498555414
-589549529
1769039568
1379417214
-1701839938
-1908078259
-658163471
816809362
-2141370641
1630975960
1337819696
232553128
-470912136
1324020661
1948404757
744904671
-397130904
-2067123906
357119318
447992279
-396538464
-59624277
1447850545
719329342
1655246554
1221454024
1913057052
-1822102101
-2098428178
-1605931800
2145221025
1571678378
1502406224
-281506279
779555714
1584804375
569970653
-817029224
-1761291229
1075008687
-1888292138
-1815222649
719060009
1843720675
-209321684
386010333
1143676765
-884314129
-1317517827
-1254076515
733841622
1023210795
450355294
1982356554
-280085161
1790788769
-887167397
252711321
1344159733
-701870113
1870918715
1647810408
1721236733
-1685155315
-1397887993
-804093457
-2147221741
1740605505
1516611917
-98339788
-990817634
1946934033
1841868065
214627780
-1808385181
-1813377687
-1054079388
-834572385
1167335536
-1998404449
370080328
1207927923
1918095931
894369220
-1787743981
341260301
-1881305335
-952908740
500722466
255040012
-626890348
1191853457
-2003959248
907798487
1826813415
-472113533
-379798824
-202221104
792289421
-66462365
-1717851561
1739984841
-963947542
-242141792
-1730464617
-1642934090
241848295
-687877982
-1353357720
1526763940
1177507797
-2002311210
-2003619824
1314912234
881400458
-1050414071
869024773
866142877
-419301168
-1399013894
-1549820424
-330397880
-1149923840
-1254071255
-1273039339
-1758163492
1455660777
1153870325
1023911049
-1532323867
2022216437
-1966988315
-626542268
338456318
226614158
-1900800699
2056670207
845616775
-339284547
-540536076
-1236121472
554359956
-1687834092
1780907900
2102082332
637077032
-310669618
-588630941
638312829
-1524397406
-908955596
-1078530880
1534493605
-488074633
161182529
-793557744
1803508018
1394257185
-749267320
-1937611702
-1328447773
-1769868714
1117066581
923181616
1552891994
481395325
607408402
1316470503
19315235
500177501
-949130004
-940802103
1732253685
-1364611561
-881262666
-1507801734
1784345398
-1404354730
55345165
-1774293191
-1610312252
852058820
49761979
67149688
719922418
132458687
1323008864
468596141
1587411152
-1924506292
-90939569
551653738
1378067375
1516065611
1981188789
1323365035
-2113770013
-365056276
1639219200
-777254034
-2016654902
-351870111
930335101
2123929225
1341883405
-1230088236
-3803837
-2136930377
953529381
-1888852069
-612211889
-937056013
158249249
277655978
187453936
923908361
-1621127515
1148021577
107138149
1662738281
-1199446475
1336715782
-737255484
-1410430658
205516979
753522924
-289752548
-411040834
1913533478
-1990144780
-959932451
1019701187
-1867789892
635382971
939959160
-235689318
1074954257
-679731339
-1073337534
269969435
-1496293967
1000830753
-932523619
948386297
790120411
-1161508355
717396825
-520769445
-1066413688
-1898303684
342229079
939376555
-2068023637
673288950
1723196015
495302572
-1294809159
-1564027552
-2063102317
510793682
-103921302
-1358157508
-2081608652
314627277
-811529023
-1565432430
-812957980
2107302758
-290045110
-1357758816
1989287484
-646767473
443765666
-432367090
1333561343
-1675178316
-183029188
-1049660826
-2078101377
-1719300009
1932526177
-526516798
-1228704449
-219469861
-1243921544
1393167302
-778332711
-2115003233
-1115353465
-1313878320
-1321396446
2145305934
790571001
-363035538
-1470679925
-2065045644
101771681
-1027297008
1807844297
505101397
-2119350018
-1139416322
1034104504
-2126745863
1712094656
887959691
1220110204
-10590325
167447691
8054154
-2024899863
46266340
-293062150
1764692993
1856316708
-1194967711
1289365990
-221119460
-307098486
763022332
881733351
-1767473308
1194821328
297858714
1414532634
-2090593488
2046168170
-1211578207
800799524
901310043
2011561520
-378829619
1967476855
-1948504521
1972740415
296664388
-48150572
46386880
1460696349
332945639
452933392
-988818924
1315129376
-131261974
-1065052902
2112971554
1663217167
100170150
563432251
-730185822
-124797687
-1122636371
1313216160
421320004
-883870555
-2078217698
2094333461
-2030797269
-160074918
2096248123
-2138251245
-1208971108
-1412178399
1281777720
1699044604
-1250675214
-1540710824
1439856981
444637604
-1045938987
968874473
-481735890
154981907
1608211115
1662765483
1931787601
-458804088
-954167219
-1125953016
1047276049
-868545343
1092789758
-936312353
1810480537
1035417465
-1424035176
-532374614
105787971
1928904242
2137580039
-46166813
31686186
-1284392140
1308290811
-1809385565
-1924905475
920630740
565248985
483013260
-912840426
1465188089
-116164878
1991697129
1730820810
-1612918308
-1537665546
1834095891
-1539556094
1798978830
700052650
2059400982
-1031376886
800987071
1553199832
129636755
1039338409
-1305442500
-428003961
1309563623
1092203889
1586419897
1517277036
-1568743284
-203650985
707179344
2097018016
-748830017
320176517
597943881
540251538
-238727581
-1628608914
859199387
1639427390
-570949339
-2056095709
1263130291
-719516002
1250010079
-1047099420
832690035
-295264927
1063593793
153174266
625432957
-1865818662
-46586194
2140978115
-2015920208
-420081605
567227747
-166744562
-1398432782
-69907710
723540446
-1732653911
1577825072
2115762
-1678025860
-230936009
628145570
-915088186
-1365784988
1474355014
222046035
506086370
1710934436
-229529697
1365398752
2099102539
239686552
171974880
732835967
-1520088167
-1745547118
1048929864
-928513213
-2038623573
1483222967
442090961
691674781
23091418
1722683943
-1011766652
-1204282843
-45298320
836061280
1557026824
569747866
2062763611
-475430429
1038502779
1130778407
768589597
1529500440
1974621572
235892199
-1869753594
-519178898
1995030952
178946219
-1241635163
1810720198
2122915549
-1108510470
1198814331
1000965393
-396067492
-439645608
715993330
-1972429001
1044329915
568387019
1473575309
-138806214
-1901032134
-1277154918
456868703
1964335003
1438501724
889227608
-1461912383
-816145924
-1635281735
1071116832
-779413954
1209307398
-1125015790
-2097369311
1295787730
196698508
487133862
-1669442980
1532469076
148471792
-849400637
-1459755604
331104559
-998901051
248706975
120170502
1093323864
648397750
-526505112
1642126082
-891742085
-355720539
270961816
1418224794
-830403209
-836716778
978738062
-1503573712
-1987956979
-664032306
-1387026086
658391509
-169627693
601817271
-1902664232
705032904
-1435484306
1948258054
-1075561729
-1270643140
-1425799169
941796255
-156792454
98545501
-1430745379
1621724087
1782717048
-1523033707
69299333
-866791493
-1885480256
-1301444598
-947384370
342481008
147927815
-1122096789
-1824260000
-788411814
1332400517
-1976048660
170939494
717644642
-1799882555
1076436366
789990786
-649787726
-702519364
-285948765
1827688705
-1167973661
-2117062883
-1013212015
-764956849
-1626778022
580454379
-750316843
-433918291
-40831506
377093967
-153231285
1352764704
427612622
450202539
-613746005
1925017004
614896802
-1723113746
725850710
1555653826
-1785759505
-911439319
2137086035
-1404594186
-1140649793
1976944226
-600725357
-949377804
-1233720448
212137640
-1720961924
297255860
-1442912724
-1493420185
1033230756
-390375443
1115378090
773197565
-1813098275
-304306746
1796774771
1251185549
-488455823
-534077997
646863993
-1863935470
-100678482
-1321274305
-586812861
1061634742
-452878940
-1242564796
695141980
612726371
-2041992916
-1465591581
-1685411858
318515610
-1981003219
1865965521
1566301097
-789219196
-335882726
882979760
-1405696536
1428942918
1424049598
-698992514
2106970902
1812371865
2112335419
165195090
-126975410
-1779263336
-1838954929
255132228
188069441
303461852
-2010711079
-1931044435
-547508132
-137861947
-411443813
261744784
722868778
-302900454
-1463952063
269199959
-71778058
1059196372
668642722
-1174725695
-53221452
-1800198346
-1272135355
-1810861798
325931808
-1200535007
-1157714651
-1460143187
1629975591
464664229
-1158712392
-1325026697
161764486
574596059
608435245
-1329851876
-333960783
-135748879
-1790821899
1993115678
-1783123467
106798981
-694630267
-1160323764
231522272
-2024042185
-222429351
1754289016
1945999328
-1839189383
1482539579
-397251988
1392116777
-563457880
1268617669
832339997
-1081392420
216435040
-529358813
-720191455
-63819163
337250571
968748573
1429739102
642867236
2053250747
27178068
1858607363
295099727
-776423111
-1347707701
-428794436
-1288438251
-514121378
-1379430231
285077025
-2035325177
1534166432
1011818044
1208078190
-67105613
-479515921
-693650623
2131808633
-127530607
-1599318335
168453986
263821536
-1688179165
224937579
905409279
-468379519
225275735
609404851
-1873187280
1813245486
20223791
1450854050
1396278282
939021985
-2020549725
-1235983203
-12073439
-706286419
-840253499
-1022071626
-1315034034
1214752694
-1565465818
151271743
1145916594
1800654179
532652920
101539488
749604858
725928593
1953412212
640266090
677635556
207824778
1929761278
1196387755
-290505216
263457654
-1647841147
-1461797501
1869105339
888603409
-120156240
-321180425
402015385
973930142
-970648778
1788175621
286776257
-1694713061
-1848752627
1612077047
580212158
1983384245
94137286
48136444
-1673682557
-888622979
-323582921
1319176435
1243315120
1933755228
-1704221350
315352202
-1797245677
1489357892
-1556115596
-752140409
-1017782928
1244992424
65658745
-704132763
646108804
-1142762963
-1859419218
1208268578
1548030791
-378455903
-478914928
-587493801
-741636238
-1654160596
210568180
1113656712
817400640
1026067396
-770204561
614450621
-450873481
748392422
402356983
1519008081
2084699561
-1263592062
-1342742327
-103836663
940376247
233397046
568257421
-226799512
913502614
867704767
-793327176
926506560
-1182436267
-1721332564
1714770226
563977868
311841118
-1782243245
-832349128
1984350333
1163065083
1777103625
-1837920126
1235356626
-1336406244
-1454238836
-1163627352
-1131019156
-582865577
-1326827836
-580651072
-1649355999
1192024367
-276287829
-600748212
148795344
719419544
1583013000
1596215123
308906164
-645144902
2088866402
617586893
-480607491
115507957
-276228173
396720707
-1033015140
214737957
191350108
308068023
-1089400994
1366350886
-1567953703
-1135696192
-798087876
263907226
-1191772491
-1146923015
-1969762832
-1089493527
-543218624
396758684
888835531
-1628269175
-567263106
1610595689
1210662341
1573933182
-455701407
-2145302580
-1283185451
324390180
876888635
-283854274
-433597821
2129946412
598936685
-1384176406
1733725883
-1766918941
-1040110748
-1542259564
-630689054
1632398522
1269204678
-28498506
-159678418
231792386
307043815
-27980309
870205234
1894107126
-1348760703
293238673
2110059704
65469950
-629698396
391240616
-276703278
819576882
-1879975189
1914340864
-1233668813
-421025508
-2039776784
-1809330285
1586330554
-330331710
-711411711
-172418257
-1420808625
828010722
403458579
927103064
1432950514
469983871
-164558090
1474433131
-1881434351
-1310424164
1715975626
1692189190
-1411438311
98876999
207705009
-1883337049
-228628658
-45276712
262557893
-1017004397
1349856223
2090697594
-1429902260
1458167544
-1916199372
1005331178
1667561514
2129526357
-771669621
-854304897
-1826350186
1524615961
1986025666
-273381015
459345168
-1653376886
-875089035
-667157699
1188329362
-1666806296
959789131
72165296
6389509
1061290961
304529549
264353698
1484593142
-1802087449
-880469768
1995002974
2038867593
-1644798289
-714785837
-1939023328
-2104026963
-899658820
-728786878
668184278
-1762988143
437372940
886864604
-1119796949
-916525994
-1279834447
-241833093
-203623488
1589531653
-1380177997
-507964332
1052178620
1511849666
-700716748
285115974
136372614
57058881
-1452095787
-2060325258
1100539601
1827678073
1536060248
-422112997
2127768792
812559256
-1247438714
-1784472170
-1990424598
696511542
-2136479405
-902910011
-1207532247
-884078900
-1299901889
666243736
1912912782
1918669671
-1948433410
169955
-1918916305
1549005464
897750107
301013365
-1646157628
-2052913490
1059950936
-1783171222
1978043239
-750859226
306537114
1783113661
-473988454
-1785035422
247340291
1918249761
-462977394
-2109051495
-1827263328
-24577264
-698952542
-701880561
-1113196346
856704291
-1122590167
-104900475
-1023203721
-373520476
-972079248
2371057
1701518601
-1128995999
2045175550
-447958926
1916711177
-774392126
1852292381
-164288131
1456675164
690050590
-1220033639
733414748
1803195047
-1437239991
-1735014969
178579673
-1259776784
-589490575
943358152
1487269430
-1488863355
294916650
-584217585
1616067935
626843420
509512902
384943647
-946179230
680702523
-2146439958
1457867161
77237534
1939328985
2108827485
-1020449163
509102394
-1807985595
-1982499805
-2000315505
-1425918631
-1909311417
-1199718198
-1547506587
1682692747
-2101381500
1673819139
-229052641
1726659846
-660430042
-1952819597
-1391886642
1807164181
45537724
-1216432949
-861143560
1520293711
1699620190
280891157
34829652
1353669132
-1073232108
-1843664559
858872529
376190485
1314520695
-604991168
-1024506659
-1992987494
-899860327
-486740610
-1948643869
1304636520
232835361
163817942
2120035348
1626556506
61837754
-1856482095
1509245289
-1687936752
1751989166
-729136496
1504520169
-1033374241
-707074099
-1470478117
-945226201
1227346183
920418451
336046201
-440993778
-561216725
-326772087
2062661569
437647328
1928815101
520744683
1079059057
-1004653700
-1690583496
1457192074
-375074115
-193435169
1743078611
350669556
769382315
-1269535508
-1343832205
-1562981423
637983901
-958921873
-544217056
1340012175
-1108277713
1544251231
-10468293
975977025
1755924547
85517411
1966619311
984459716
738363737
587815575
214489447
-2029926877
262285091
-880825969
-583664129
-972846276
1973006424
-963557477
1625675197
755573411
-2063472696
1710917964
1957947586
1889558725
-1747295056
-590258889
1416438908
-239898544
500327503
-943620104
517839198
1237471186
47489208
1560898681
-82845741
-997980768
-612810518
1629457524
-571910033
755805688
-1340197347
1700490550
-632439961
-1228683414
-1701340578
-378078044
967289667
2034786675
-1083251619
-478670205
-1369751855
-1743318678
-1010760571
-1546466829
1350743644
-1918905953
1496891213
2040098620
-1096495074
1538797248
61069517
1553401292
1662480370
1798858622
-596187756
-176313728
716738125
1616405105
-377695048
-551397854
-976051601
-213148103
170690349
-212614094
664861652
854163429
-1947203494
-361594391
1731968753
1545708439
-162645015
-758355590
1559918876
1792152423
2107708638
-1138881126
-2066251829
-1584428921
51358187
-121579198
1884131072
-867296600
1814346497
557115315
-1144235260
-405077604
282033194
1948375226
1417152850
-201437891
-1121601131
-1663425227
1571996886
36026252
1511762162
-2128562219
573497687
1827140892
1591147520
-1666658780
-717536720
-1883101263
680003683
298083786
367196230
946296611
-905111366
-483018229
-241939659
1846809736
-1403962639
2002556307
-829251124
2111220625
-442949677
1228962933
582614459
-1898019276
-972693534
-2071661967
273809034
1307289227
331266410
-1234869899
203005901
-1658758405
2125470675
61498470
479471254
604868760
870290487
-1167951329
1446179370
1021863880
1077505844
709125305
696198134
371584806
-877255678
-2143176436
1394692803
481175720
-1660756793
-986422666
-1596670680
1907211523
-591810519
-319152422
-583618752
-2127298227
-1695850459
922564331
-1774579811
-621202716
595964446
-1688602966
-770553988
1861356942
54441017
79997485
1407711801
-503046175
-1604418585
256647841
-1344454651
377520613
776366530
-1689188463
-200386603
1715524087
1361927837
-355829657
630654109
-1281582097
511135189
695517747
-1133246019
288067205
-158488339
655306155
-627344709
-1599397136
-2072698790
-375772814
1495126579
-1515939121
-1765436006
1423398044
1288504331
-86345652
1919326858
-127849102
570818282
-531442561
851710457
-1362597775
1745637610
-716818417
441697655
-494849128
1328472971
730913311
-897710989
1498081763
1692926699
-1547802266
-259481468
1751186194
1570382899
2007417759
1598348038
-2090071122
-1884414124
940850980
-264890391
-1844014771
-286339085
508717781
468740549
1016622868
-733392479
1728997438
-1916056784
314660477
483937103
-689945608
737548627
-1153306535
1318321664
744943695
398533563
644878872
-1872229696
1716962853
331834732
-2134736056
-1442110508
-277565419
-472761540
-1979377829
-1392239310
-445226021
-1911444643
1057890220
-821358541
1549946354
-1411837382
-389383740
-978549114
747639678
179914887
-1526350376
922738792
538234476
-355559789
531124630
-1566479855
863266775
-307623712
1048404768
1144247409
-1222396755
-542967308
36638808
-1800141540
-100845422
-1797855887
1699167838
623210881
1787081475
418044003
-504896170
-221480606
-604775746
-33352999
-657075090
512717952
-2033390751
295349942
-191024610
627992469
156625233
-1641127992
-230212430
-1836280698
-718684195
1951047961
-628289787
1397119448
976919970
-1648434299
-1830064754
-1098836637
1601385264
264016268
-239607904
1493827142
-1680164883
901905513
-610821907
-189519333
-1829119687
1688110691
-675481781
-164286102
1652357075
1541316194
1935186106
163784546
-403548294
-104636220
2012695973
-9578299
1648960727
1137897841
-1537840280
-916945372
1302361497
1363927852
1204568850
-157774516
-1891391775
2123841580
-570769301
-1999587840
-1113342495
1853491179
-547457736
-1612179993
1257483967
-1467992515
1001166013
1505148871
-2096648770
1495836579
-250174590
175223283
-193597793
-1459982624
-2018320550
-247285758
-201755067
-249466931
-1095457888
168833985
1174266519
2142851945
-770683452
356778346
-1757066071
-1328862924
-1898289659
1335880469
-1459115746
2087930300
459935871
1109483374
-251835705
-1276490121
1380125288
601710503
-792958064
-2021313837
-1001670762
1222170800
2079055771
1953362571
-1676147644
1215355813
-1739893075
-753452740
1767513876
-685151864
-1481388087
880998199
1293307735
-1443838416
1496916762
-442699880
-1790481524
928024192
230671893
-93875305
-713706458
1558498778
-1410847266
1875558174
966399634
403009238
1902343147
1471752858
-1111221128
-686562514
-891608857
-916806123
798559040
-660844803
-1982840360
-214535804
992409559
1973879592
-1619776637
1094338141
451859122
-1468320996
113217550
-248519059
-273371118
669700537
-718091545
-1493416985
-405417846
-1001731699
-1158379804
-467626305
-1680331330
-2051406779
783426220
-1800998088
-958427284
1049425247
1509390164
-467061317
1911581872
-1344627676
-1108744884
154818539
-123134589
209924309
-1062417540
-915963147
-241295228
400027940
-1888236375
-712543444
-200378117
-2087796763
1386841886
1248067796
-1401853670
-1272738811
-824728953
909304381
1907297413
242528954
-1872275425
-317719789
434738963
881250556
1746917645
-1224946444
-1344980010
-1523599309
-1397082357
1309531459
-1392967592
-2110817743
-1321684151
614999099
-770506713
2100936801
-1842767984
1061017927
-1317084012
903930432
-1277428311
-467980145
-1742367561
2071424781
2064591102
-1547117098
342450613
-1240195396
1191925378
2123591810
-940428476
741301807
-107141426
-1121723140
493975663
1578166952
1163593356
-1811495110
-1901207402
1756835960
254687512
-775593319
1302536377
1716084988
-745576093
-1374946577
-847099659
1572893641
-1132403429
-1282966816
170094157
1166182182
-649140728
-1629191312
-1102992211
1483690938
1187024313
-1326454566
1994835244
-376199290
-2081786017
830580895
-1661215599
-1683678188
1199440888
-371675935
-381084136
1975942128
-377568081
-258019088
193349237
-2111272105
2147067778
-718087387
-1497736423
740436014
-1460680155
-1270095889
-1270279757
1570108725
1382094629
48087594
938519545
-970259332
-1316941488
1988035767
1239632807
-717146859
-1243451052
-909352632
1968374472
-924764150
856455590
-1467197317
1635263539
57897105
1958159525
-1611452630
-1785882536
1325933438
370774270
-459739904
-843630020
850307576
-2054664111
1320693840
-209551167
1543543663
1096252437
1600514849
284293163
-404675891
1540273336
333405581
-184004641
146797291
1614507785
-267591350
886046828
-642609594
487601114
70081161
2015940047
-1012017678
-725240352
-595107330
-696997390
-1873472563
-1021517346
-1304789953
1892793206
1802695672
-55620350
-618925486
2116521137
-1400626813
1437443471
825237376
-316037382
1141013095
-125695557
-502642577
1775377955
1067126456
-1878628134
141184879
-1963274170
-1536663782
-1319284037
1880152595
-907780668
837652084
2038290769
-1841841148
-2065293942
-1020888348
-261527403
-240796911
275943830
1875636722
-1307789141
-1926102903
-498065479
908751879
-113557949
-939734068
1520308894
2027764511
1984347457
1558723103
20588298
-1834583875
1051386272
1077229504
748366181
-122093793
-1470168429
-1814696390
-1518770312
408340915
2011067373
2051556346
-1327105417
1122703561
2115635649
-438288095
-184668862
2063471753
-1853115827
-661426789
1803059943
-406115546
-842053101
-1881965457
1293754731
-1407017389
-1246622136
303552600
-636246838
449967094
1457279346
-1785010795
-1458790853
-27902437
-363899316
1791560957
-890420297
1314287146
-869567252
-164830123
1711805372
445851484
-1781469657
-427489307
1263890766
1004323947
-642772684
426080584
-1916044226
125273225
-1908172914
-2070964348
-266032722
-1956572270
-671458529
1229522010
1951981779
-244719228
914606746
-1297413410
-502980612
1866988846
1665450024
-43426999
1647963603
2045797927
-1829724602
807940109
-2014766365
-706803199
-1784883476
476524585
951031642
331669695
761479410
-1970822466
-499097329
1150737539
906616751
482985954
2038549957
1483710603
376242403
914778804
-1447119439
207696734
-925707050
463929520
-530496967
1400053825
1344136384
162523716
214263038
1239202800
256248683
-1797936989
-938656996
1985118346
1960170519
-2117133096
1992417456
255374540
799302557
1705255965
-374376294
1207751297
2061651926
-656857748
622029955
687497273
1880230204
676160598
-1591727839
-379112903
199932626
1563110676
1833556665
705578673
699319361
-1012519461
-989598235
945795380
91042371
-415919756
-2133895017
-825276060
1530386756
1069330187
1307963229
-1327296276
1573779014
-1896979642
709839590
1374520499
215316996
-1922799975
2083520964
746540365
-675585446
-190499624
2037135986
23003829
-1997158941
-202876403
-412952167
1183643449
-1545046557
-1978517365
-1852387186
1019493813
1213684327
1163762755
-391098337
2068406019
1331686571
1236971349
-652745841
166359729
1369797563
-816831510
452573150
253464308
586278748
872720192
-1784704180
-1755986979
-1220043477
985920005
1106526496
1787696586
1719542791
-1164703255
-1679067739
1476209438
-800656980
868517998
-994742667
-557342412
-786643296
-70583550
408277753
-559793008
-1016402863
-1107513266
212441391
-1249089449
-848842369
1367836368
-1637879122
1114552577
-34617129
-1861185369
-2044295705
118646348
526806496
1064870061
-1651935316
-1581125517
964195354
-1263266614
-1274279690
254960799
-404839324
1050964359
302435554
1264055454
-954332002
-642276639
-1004225795
-1564486190
-150264434
1023014495
-936861248
825531243
-272698617
-1702550938
1446559069
-183402536
-553942457
-385356084
-779716932
-1946398342
1542417057
-490253654
-1274769728
352646810
1008612443
187898741
-616678963
10796189
-1607611943
993358159
-1937379442
1745282677
951539450
1057344666
-321195277
765931099
1010580161
-1682100018
1632687737
-253088070
1715859255
1483915404
-1212907347
1075766894
-1765667952
-1283129613
954103026
1603783725
-1508260724
-1574612431
114975873
343745861
-1063874784
1266719580
-720876623
-1109290105
10209621
-348588159
266051448
1908215427
358059375
-2054029827
-1591652559
218217461
-116714672
200413195
1560125086
557931390
556614686
1064340894
-950068175
1318140310
565208099
575800177
-910936186
12967360
-1914833163
-841963941
1636121652
1124001792
1925857750
1218490343
-1838369595
-1357983350
999493725
-1719308253
-2063304190
-1630436165
749969237
-247125832
-922881421
524288076
334615012
-443087557
-16759259
-1757513276
-603515665
1686619329
-1756394835
839234350
-1737911107
713484472
-252957843
1843361804
1824565466
370638068
-1710616043
1861842315
-1495688643
3984648
582177644
311484919
396371884
-1452500265
1164076112
468494192
1911581791
-2057983382
-878961925
163775966
1531841763
-2057128190
-1236139897
990044194
887541313
-1882249871
-950421837
-2067257203
553974623
-928774235
-1966180889
1808146581
-1132970843
-1203157627
-1459755147
15294405
-1564359197
1237319423
1540481057
1184814581
2033909361
2119727969
-507724061
-783532869
-1489238121
252131816
1011250154
-1923503071
1908000047
1503786902
1035236324
-1359788393
774458505
1401339464
807869308
1990537259
351329678
-2000924409
1294681892
-916241161
-1249064409
-1078163043
-412671212
1840333529
-1609502753
-737248405
-319457391
-642295191
-686446650
-169906310
678622578
-631612633
-2069278568
1210518991
83183327
1764617972
449697567
-220968958
1046210652
-376792893
-23338795
541448465
-1075376635
-747083120
-2103739188
237661809
1862342939
-658856304
-746815790
-1223569818
-202677826
-1940406359
-2141787953
-1799778412
-171484933
-88314588
121505394
1488270804
797001481
-682637920
-1099489524
314230859
1068640720
-2026269367
743367099
1054487737
-488474710
1870357322
1637281739
1668748302
770689644
1234164351
-679007912
-733895614
1777579687
-1798600337
794075191
-2048586907
-198552790
1861561721
-1433774826
-1695664139
1329280203
-1824850612
1431184097
114291311
-1070603674
118335132
1501461607
-1256328152
-57735898
532738833
1631313981
-1973282980
-1195124478
1163741315
188425954
512488583
846045578
-703825820
1500253987
-1607696141
162211555
893358717
1968286912
414483090
187858704
-1185763619
-887055024
-1777996531
-1555716238
1565451021
529606497
706051100
60338833
-642132344
311535587
1868242712
205950492
-1033524631
1290269125
1436879309
2117969198
657139814
378962912
2143977108
610132690
-710710020
566540564
-587684447
2081806537
160792812
808933040
1764033945
-18542966
471832037
-1034347241
-187272856
-804930423
-1913988478
-56017249
1714323280
216037308
-902555274
1298129084
1361763652
-401567398
-698181627
1719077725
-591980938
-1511510299
529131445
-901207403
1385995821
1657757291
63610693
1222149758
719860700
-1614173432
206647006
1542149465
-315034512
203552174
-51297400
-1367716870
-2065781527
217355816
-1957728802
1260703842
351420972
-2008283045
1349648389
-751291731
-2132000234
1778690510
665671386
-956329938
-1712655916
-386905235
-328269206
-1098103592
-1575326351
2063244169
1487831462
-1974890785
-473518928
-1550078941
-1895725737
-2102114146
-909606629
-654960278
-1195577777
-256254789
-394534565
-439184255
-1586824479
-355477368
-92334646
-1182607740
-1603119214
1745338540
274700870
248659916
-1487862000
-1468462078
1062390088
-926242958
1502172514
-1818924864
1986372660
729292562
-1970386336
-543576101
-596620047
138325713
-253735066
-342873430
416220348
-1392423520
-748553148
1165954761
648791097
-2088134207
-1443348616
447239231
465617099
932451722
1275614622
-428979741
-2127727836
1440541800
966345767
-540898309
880603935
1371898918
-1509569719
188432677
160808140
-370450833
948372278
-1018904198
-1321717044
-225636719
1991186576
-1499198481
1815245279
-1759361149
-1301357541
-2115981825
1455770043
1733838376
1203247539
678625670
857698079
-1091298347
1350167169
-1459755792
2056338214
-802120432
-2016184727
-1834397294
-1536390176
1430648987
1647106246
-2094697385
1420401182
2082814640
-559080359
859057311
-324872051
1330790541
-226524547
487658851
-2100875259
-999628750
-959870560
1928232092
-465359581
-862828440
710305518
-566235931
446100244
-1595679483
1460922190
-1057936034
941098931
-310307986
2093476753
-365765676
1991986390
352457565
-718998552
-1082915554
494189285
877207524
2094493335
1102208969
524267691
-1070265166
9223656
2109803767
79424624
-72399981
-946853535
1707082627
-881294778
1364598333
111750712
-1191409303
-305699933
147626056
548004614
269836133
-2138485712
1489280382
-1244437829
-742161703
453715935
2087286869
-1155435822
1867688435
1024149059
-115071815
-705832763
1927470606
-510791909
1896581901
-1435561279
926865497
2005806127
1122953075
-2086836323
1940456630
1024515167
1661526347
-1539014136
-1078243612
-219323400
-1689381126
179768066
1049894367
-1593799095
405938668
-1912801395
1598890374
280196214
1793742555
61636003
1331615358
940146059
484820560
-869735318
677241942
-687485997
1973829994
1728160678
699251179
1701423978
345925341
-304118162
848694286
1423103505
-1468728259
-518732510
-673244573
-463888319
206444412
415255195
-1544364405
-331586686
-557917007
-272394076
2143259013
1395046908
-1256664038
-1915879511
-1082526895
1350065998
486939748
985079214
-1893408554
1356384926
-297796311
-1165109118
1504461829
-1314794000
45981113
643843891
-2135827907
-1786968389
1297146908
-1928053052
890948849
-1506522183
-1048330153
-655395299
1061435527
-1771027458
1676175342
753497410
-205603453
-550804660
-1137490518
-942619704
-1127251996
1497532325
1520279964
-839906685
2079799501
-1727998944
209470817
1802968196
1738948200
286123264
417702054
230103874
-363944441
151171330
-1846070802
-427808234
-948706165
56273909
-1711130734
786588908
1802080521
-1145307504
-639374071
1148915255
-1318507094
-85268609
1062066281
-1852692443
-1547625774
-160851522
587656237
1943792916
828184707
1074211882
-394886856
-84616381
-1660225020
-1296732587
-44667622
1172719564
2078568381
-1490635111
1517926545
-1720931119
-1955525788
-1187906193
-1989559727
-1902631179
-73276834
-938681855
108239367
905106958
519729759
-1269812227
668762011
-169863912
-766464941
-659177813
-1852640586
-1365066388
2143832448
-758542015
2098736771
715647280
-196358421
-122916747
-1748734536
-1449727727
-2046303493
-1246192300
171274967
-276930257
1536416092
-224117422
48681136
1786888537
951884070
-203837535
1072150315
-404124550
-1382727363
-1687198778
-124106684
-659807406
549662458
1890452840
-593184427
615253608
355552010
-22212246
-788740965
239321918
-2018459498
595273788
-1686491406
747045062
13337252
2059972974
-1058707997
1025728277
1282360252
-1352620923
-1253869088
-1505550762
-362953778
-953906414
-495912755
1350484224
-1850107821
1526599679
2050059458
-670425781
1305793201
-1601589204
250708751
1981583839
752429283
-1956421575
1440096128
-413445682
2016904281
-2127086683
-1919754271
-1526203452
1699158812
-481980136
-467217468
606400637
-396724427
1529536508
-230265727
1256463478
1209208911
-1934517423
1512434045
-1328797466
-1876796517
-998455871
-1463302993
-2075441169
-1942915597
12040946
1764156256
-2010247151
1670827073
1726528027
-1882419407
-1478223138
-955029982
-708246055
-270632094
971201267
1229436613
-857821885
-1196336560
1997954342
2066356249
-1161735621
1085327167
-1269765892
-1379445721
-676036345
-667580326
-91638691
1547165883
-908628705
-2131792649
458169994
-1304776374
1137911624
890784798
-338155954
-7290097
-873619231
-1460017333
-109965453
742573942
-1594290052
-374819469
-1860277385
279744702
-637760593
-109979068
289175936
1941972185
233564716
496684465
441717132
212638358
127026703
1307932589
-1295544596
1228088577
-667701897
1974715445
-476746254
2042032393
1721751895
-1844317292
-1045851927
-172312221
-642187890
1461660386
2060017733
-1991691090
-1039202764
-1050670899
-2044380645
603177432
258004534
-998292837
-364059438
384104127
-505783516
1207733615
-68421349
-684002021
1828686409
-1962256438
-1785825506
-21517926
144808700
1288640340
-1879246091
1427331404
1681723957
776416988
-406633379
-635428543
-1611369630
1800450205
644548010
-894219153
-314267013
-2126872381
807415291
1244898265
-1244822701
-1497064403
-804052305
-151380754
559530545
605521779
1245748247
446990894
49787295
-317380055
-812770964
659567123
-1599325823
767924837
480583683
-1314099154
-1353198744
1405525118
1810282943
1681114255
235270184
550296342
-1972115770
1943795050
-296443225
1437735771
-1763772810
-1066129674
-466902025
-344198775
820312986
-51245672
-623442777
-1132807758
-1681010728
1549639233
-905240746
458807489
738482798
1360847123
-1348689784
-1930524228
-480244195
-732444086
1410381756
-1674659000
699650660
1950760281
-1781086787
1103479154
1472580593
-2135384493
-767681480
1397415852
1159116884
659395980
-917527922
-596513004
471257333
583920000
1675391979
-1480940292
2144430408
-447638798
-1097872745
-672186970
418888766
1499426648
182701196
-1868787889
835099902
-1653918346
1287523655
-708195986
1472855764
2100006984
-495855390
316040253
1933346921
259818532
-1707893662
-238484360
1156621876
1411416608
-320209074
801265508
1486082096
620023216
-1342274944
83045138
