125617265
-192730555
600081852
-1047292683
-1370945387
414268476
606337397
272848097
565247919
1538106285
2054400386
-508514222
-79036618
35099507
712362295
715763505
-795621220
-578751512
-628971917
762810125
161514947
-239790014
-1446265547
1551175965
-925132625
1424680506
2021912692
1907172485
1967207037
-1140894738
-267256785
-1052544808
-419175020
507469831
-1372621631
-1468234530
482125593
-350820322
-1859655814
475245974
1075114920
-781450917
-1701777300
-1930905219
329386816
1522841439
-1710401150
-420467696
1403222142
97473891
-1875208491
-2047564400
1069963021
-356278879
-871812030
-2115992827
1077022044
-1164602638
1337329719
1144191620
725249426
1851308216
1201881037
-1649133645
375288254
-1195578115
-642934756
1353727117
1140459347
511459548
1888180425
-705131934
-897278510
102986527
-645405725
-127346911
429747400
2048192809
482864879
732648153
-809392901
1262518806
1181727041
1941782909
681050336
-1375207392
1388696461
-2088964889
444622927
-546585532
-570274628
-443141345
1775082361
1428138020
-215787517
-1934412580
603592985
164872751
-1994538958
-768939958
747156457
-1643495426
-1403995063
2109707277
-1957393577
-410647807
-1870005935
-107252091
-1206166664
-1410079910
2136993128
-472244909
474503228
1361755400
-998914020
382808348
-776665117
1417456456
-291662852
1530116492
1450758319
223745591
1593990508
-547938915
-1976095269
873297595
-1479707975
1704027161
199737291
-1768885084
2002194797
-987989923
-1491948668
1875723021
488903907
-1117620385
1345256797
-1099211000
1341618717
1733511409
-1871183113
1656296569
156749012
1940130118
-1117138839
-2119537342
-1470770736
1406994101
-295410496
-509579616
1281557114
-551331907
116924838
1914947796
2128326062
-1225306808
89492064
-1207411451
-405679658
-470727372
-310018563
949534052
1575158835
-619011826
1924030668
2117536657
582285694
1645798688
-352458482
-826091203
1666810799
-415415379
538346220
-286658801
110369051
-1427433350
1482325930
1065622987
-1341638460
502012048
610173981
1903721905
2012823532
-1267647936
1651501658
-341000158
-793148181
-68445849
-810349905
-1553631351
644860738
1658379251
-567762985
-1937213064
12018927
-112010587
1344846440
1252048657
1896912130
-1477799400
-271255664
1872062375
-631502993
1548918785
854257408
1073463716
636842534
1759367351
-2072310745
-1324974676
665760609
-2128969482
-2053683549
-1886228478
-1272053444
320591839
-816812556
-1930197973
172424842
915283266
-2104492942
1126876880
17811685
-2000441312
1489479040
962111976
-1628417018
1404854635
-2108747006
147646230
-1829001641
-1778305265
-1344567796
491234383
-1765291322
1984617269
1661226715
773177023
754093020
1888041925
2038583304
-1544790035
-53588979
-297329107
-1224212230
923156764
1200852817
-624120991
1836229532
1548173556
-2077685261
940587042
-773021361
-1387188383
224217256
1689570689
-895204574
-1866533957
1217021410
155858342
993605952
-1553370841
-1588821914
-335900467
-248076887
65785148
-545495268
-502417775
622239268
-858587927
-2144195035
-294983827
447175028
171883413
-158768846
1204130430
1148812233
-76001145
-1101347053
2024420237
-1669187975
-899299705
2138598030
1265405261
-812437777
1208383941
-1134502798
2085143520
-1124769565
143663098
-1726217494
-1055056993
1989373899
697413325
-1354429930
540696602
-470606959
-2097953673
-127252009
-1692059811
-503001979
1191474857
19215594
788718965
-557094252
-1875465300
-1831230152
789595186
-1588726854
-618962486
556603755
506065709
-9992779
1654491372
-1338263612
-950467572
2065813242
435114628
-761648597
1254598404
462494444
220339116
1469097863
-927622241
-1058509493
626021775
1810677327
-281253441
-739286806
701698056
1066185825
-567302430
-1653949020
-1015870840
-1063219182
107334566
363067792
-887132357
147463813
326786447
1447762291
968006765
-1593406656
-924684024
2092016758
871342122
-1931387652
-2126985305
521445144
1667844645
-182850628
-1321791819
412533093
-1397884966
2061607968
858128876
1810586728
1528921846
2020256762
-68782462
398828253
-1381967370
1323547681
1011978854
-1457043158
-761169139
108479365
1758376905
165982352
-2127009462
-273602685
-2115908385
-597421667
-2070705158
940553594
-1688389658
-1140827675
1932642378
-491152994
-1592899737
-87052047
13423921
-878973172
-680782149
756602998
-1682839156
332447005
2034523856
-1346249783
1920247946
-211847682
14308140
-1128938862
1471803465
-1553053056
1336396594
-437896513
-443650367
773089068
-1271841884
-2140574276
-1969807136
191524506
895566953
-1534888736
-5758985
-1082669822
115922575
-1603395286
-701472428
795902227
1449997970
-1180104148
363809839
933303811
-31629602
-1228466106
307448265
-1683879194
450659986
961412631
120501202
-1187032253
315084934
1871664433
1835189514
1227103460
-1866897777
279597579
1299607595
-669702418
717980929
341852987
-888585978
-1114573264
1761753716
-866824220
997239788
-95520065
1181409227
1073359212
667971407
1065876162
-294876047
921871474
-2128286808
545871497
-1040905498
-1298633473
46175642
668334564
-1058926215
-1518843397
-1540626858
-643035470
1941881686
580625377
275344961
200262840
-857096765
-1655225674
1150676436
-253574477
515388838
-260868298
-990471996
-1682369361
-361830070
1123152
-1274681502
358493081
-1439569310
-671984171
-1791911357
-1848524269
-895974323
251948395
-1694313437
1420671623
1336066715
343209671
680750598
48450174
1621253071
1769585178
650242463
-1043396814
2004943974
-259544116
415737334
-1381456031
-1108709864
-1640254361
2146122308
206343779
1317042013
1693680597
1162025761
-1431669633
1839484722
155444174
421195232
470139001
885494044
1046297995
869281337
-1481105
-1192977043
2101757631
-1172239831
-8757276
149795269
1004538311
1899141142
703664413
-537492005
-1473921761
188861237
-1682755669
-120295299
-1135731176
1732561455
-1592983991
1110268116
949699271
-906458110
-1776160281
-223479827
-620685504
-1473192155
-1097198586
-1583075724
-1969620476
-1090568465
-502090170
146961089
1348742071
1084693305
732842812
748526360
121243158
60585537
881358985
449218604
94514727
1026817233
798012967
-1166707739
1949578673
578419872
1654591238
-539695005
237068270
823647479
-910436649
-1235836095
641236350
646315415
1473014054
-61019875
-1531505761
927080409
-2140912210
-2044261032
1755923099
-1197425129
-493150744
664285722
-574808191
-1739459254
834512869
-665090920
1954903319
51963124
263735901
-2074510951
-93118450
-88168128
58193415
665177653
-7636361
808997734
745455658
960909535
-1386902922
-997620652
-1053879693
-273762650
-1008801740
-10252918
-756448247
80609463
710184729
538655813
-1748586530
-2108803546
1606094395
445493983
-1814586296
24081901
-1860908015
-399575947
552372175
687056180
-1812180629
-1945958710
-364171448
253771218
446943142
-1729311126
523952418
1110442259
931812890
-221509358
669905407
1592169147
2001365719
1184238159
548759174
1469333579
753728145
-634708380
-253434249
1845000322
-194587688
-2073774224
2056932607
-1135233242
1184244107
-420034352
-1342346676
1441917187
1433966734
411104449
-1228813724
560630836
1303006394
1674735690
620598578
-1208741728
-959946475
1412284760
-1744446494
-1341113145
1313998658
327662378
-802035859
-1329620290
-212499909
-376480529
1349278839
-1477561992
-471982020
386037420
-2020456360
874253894
317939714
581777507
1628269431
843473568
2118694197
582029169
-216509217
-434226651
-1195335647
1871803959
-521133301
400952544
-2116219732
894147069
119602692
153072076
1164061828
1537735442
-1789419859
1271428505
-1324334953
-2143065289
-722241699
1601788336
598476232
482283068
1530548654
-929185931
-2016102177
945635563
851932564
-262994997
1638000064
407603749
-555897423
329764572
250770911
-1825047989
-840647450
1998199833
-889605645
-304964385
-2083514067
-744538496
892218089
1287774314
850788261
-445553380
1703525915
-811919201
-1397017106
1318216658
-347526975
-1377927488
938020022
-945044391
323804839
889738304
1204320148
1307599754
388241440
868158377
49696276
-1943789863
686181178
1010867135
-1584264686
-600680925
-242318286
-1515233051
-1918265525
-1509669463
-87076566
1661022400
98175024
-1949008804
-1987234536
-1655077862
763773949
1145893466
-1097279999
-1732125944
-1568538102
2073134008
-148809113
1136770893
522233441
-567225471
-1595233792
243927297
1987892112
403823359
1054508456
1266501997
-2134456897
638888248
-1674925417
-1827045319
-743126268
-1350494533
113079510
-18514232
2031250677
214331804
1861596398
-1136222749
538976126
1203463612
71937251
-1890997868
2134804725
1589486925
215246944
-1733023916
259897195
-872082028
2057823283
-1335797144
-598091963
762741745
114669818
658549383
-2072756470
-1820448996
927677726
-243183424
-2052004739
-1489342288
-1258728960
1540451994
-1525838098
1975775981
982470770
877982588
1644780236
937909945
1553188969
190510159
1942512255
527621608
-1591932944
387864929
-460808076
-846705220
722902366
-1287059828
1807375992
477765039
1914718411
650043798
-1453341110
-472852881
-1612312385
-1297589541
863790954
443780393
-1382519252
856316969
1771488823
-1983002870
-349781090
900973034
2010859576
963744002
1431147440
774292104
747704761
-312684598
-626185535
-962140148
1686546586
-571143128
842313704
-1778745336
388329570
406667121
695783716
821601719
-29863014
1526555727
-951288105
-2064954782
-1721553320
1925959620
1768254069
643751940
-686961127
-144402834
977091704
762284593
90086100
1354465804
1241232791
-549586637
856571211
1173969728
-112906442
-1305193611
-895560029
1146981270
-1299435745
-1033514716
-1206477513
-2079761468
-1925447054
47836690
-1425608024
894063155
16618458
-96578082
832980792
-1236437570
1438052609
-1551307182
1062493784
1065187513
-1040633019
-1077566453
-968505218
-2006314956
-459817045
199351647
176989756
808909695
1650397715
234993530
964823182
-2022342671
1301317549
-1744211510
754221683
238247141
-1389634389
1657252765
2058731454
741768197
90591544
-590129145
-2140523219
2064441802
1681566120
737840137
-837075526
1309450818
-604209680
-1907520786
-1992476367
-472392172
-443773865
-2103200520
1390444546
62196673
863175533
237911100
803029080
1733038380
-1711278276
-544816182
-2043176855
-1419972260
-706644547
635850000
-1459977713
269292159
-576590195
-2028791937
-1466080361
-810262479
-1300700704
1717196398
1257331161
-2115777026
755174069
-2066423489
-1747939448
-470614491
1511422027
629424575
1352349131
-2131029858
-1506129197
818398418
-986516980
1560338014
1251018598
411005263
-1294019313
-898554663
1467987769
1663895848
1838100293
-2110429752
-146061810
381778126
1402590817
-1915715796
1753797613
-1379444525
477933611
1818115986
81063443
-1451137584
-1380084075
2000779927
-418323669
731779720
-757339893
234906030
1554294459
-1466984371
532242191
-1568201440
-499714080
-1163253342
-584781820
-872079020
-1791705282
1277176609
-1366563767
-15131568
-1952720847
-1123117409
-2088606839
574969727
-1442006713
-917902195
-787082160
-1511229004
1214885874
-776054879
1123197154
195335534
646030201
-985930060
1820931400
1639829341
-139488464
1320288493
736709290
1773037861
-1254669336
-1452574689
-1408609308
854471777
918212776
-1458643601
1479221074
1944564202
2108428956
691862586
-958070290
-398106280
391648333
1642176309
652091293
1262879944
-665189358
401146837
434595013
-30745377
-1893312058
-2142330896
319292706
712974607
-1456069702
60824995
834769882
-702007272
-496652563
475640182
-2047538994
1344435410
530120314
-382783810
-2055059662
12999464
1877722705
-5800382
-62850721
-1414614681
-1311122135
-1180280031
-1450519065
-1005067848
-1893181003
-338003470
830251498
-1961529365
-366555371
1506049581
-1265335129
1099073397
-1536992113
-1469226552
-878084011
39773627
23299198
959001381
1772168243
-1650875247
715062922
-1808970454
755354589
-1956665092
1410922776
-1651544655
2062614497
1427880511
902266372
414535203
-1478308974
1739752725
1958735501
1150460511
-480764901
2053443386
-619001200
143499743
1300200662
-1553440976
-34588935
213942045
-460536610
-286696385
15857526
-1563397837
-165574174
857746108
1312739180
-319212607
-1303811012
-863598450
1381400110
-1317658350
-303656895
-1938231827
114608748
-1621079423
861657306
448951917
1980584169
-106220775
-418924717
1141888571
2097744496
190845051
-1963219853
-1673142363
872529160
-3033596
1871288012
-1334027041
1317456998
-1467904466
1308756563
-114933245
-415621726
-217037258
764570930
1308392281
-288685523
-904196097
1625097692
-892281896
1975541251
1854971446
-1830771102
-1564282899
1409449244
35077814
2086125829
380156026
187190311
-1596999892
-1927564789
-1340501472
-527243142
-1890138114
1083331285
-1800811327
-39994557
1403091304
-168220111
-1865828544
1171821571
443455208
-1899835923
-1214045302
-1734052291
1103756508
728779180
-1048795430
1675824746
-641426328
-1684431108
-858121672
66322991
558782877
1165341350
-1274667198
423268305
-1806882857
-849134776
-1322734290
538521832
-874575770
-738622175
-1161106930
-1929890734
-529870993
37822252
-1981229994
-37256342
-117583084
-316553873
229998747
-1128593798
1790109906
1276386452
-1472270435
-2012980115
264328491
-1728376136
-1502953337
-12330552
110662020
-1997407870
1033192308
345375451
-1336406961
1427746167
-172969931
-1144916685
-918534292
-2143265139
-799373999
-782207918
-1213400884
2145701373
3756876
-853897823
1962807639
1439634781
1884649516
1889142693
-1445999088
-125416723
1162055480
-407564175
171980661
898340656
-2111858430
151117659
-1576881365
632852414
-305913944
-543801870
1760070618
329771864
-1718035626
-629003217
563057494
-487791811
654875406
-606858263
-1957281026
1045353915
1130788267
-1964490866
1489436265
-2004615672
939951906
1538033679
178412606
1195332946
-842088949
2040294940
-808806046
1628631315
-725058209
1892225681
1238407769
2095674026
428086915
-58473937
-1492836635
1659788327
1873502085
-1183250289
-604566541
-1008312730
993061284
-1284145582
24244151
-227150754
-866280427
1961674397
2006852629
585490362
1054258948
-1561432124
-1927924926
-958768471
-455965992
-2101630140
266035883
-1133833486
-1370345541
1911296247
-2008184811
-933805494
1151052121
1044308354
2045283589
1123186665
-1802083609
-98993135
348931169
-467933350
1532649318
-309658810
1547269718
760959122
-1754203608
1421356398
595150460
1599853892
-348441709
-351118347
38950968
313413491
1776911908
-1309764069
-964602526
675413320
-1532131402
-935693592
383826727
-1650747867
1234033412
-1821999523
1095110959
12590329
885601644
1718470123
869854977
2034893782
1899855093
1986345001
-1073056858
611611840
-2011938157
1802816448
-1365634164
1917965254
1816534185
-1798856279
998170797
941608534
-946166322
-2061527398
73052400
-939750451
-52223021
663484349
-1366374705
-429534386
-1568007419
-1484108125
-782245831
1394883284
-646819409
-2133624713
1863438265
-1965968503
-893122590
-796492682
1270940630
-1186199721
-605067401
1720047006
742564029
-1319560257
655847508
-504159323
-793112547
1540099562
1602807023
1375762220
-803394734
-36209667
571800336
-737301196
835609541
338333617
1885328602
-1669624368
1124502929
1144757793
-1464924661
-670719460
356397162
402419942
566536578
722400621
-614432070
929139808
-535311615
39663049
-342854900
-1880684714
-679270092
-528423015
350905261
433244097
1452250098
-1142906723
-1305248624
-2036516636
-1894815039
-163021281
101824370
1223085728
1997864863
-2025960853
-109704642
-705566203
1034281471
1634600317
-342600783
1342042924
1411995153
-1601583876
1784344129
-1587954621
682654790
-1825366169
219548986
1859158504
1914367251
-1691117939
1460226090
-1099555653
-1241330444
950842690
797702271
588003374
361209011
1782568015
-1227141778
629383838
-1849734679
397982378
-996197867
1387924135
-1089911867
767921382
1296933347
616938931
804755468
-889602068
141125431
707148756
-381789088
-1207893269
-1588510649
-1689668397
-1604720700
-373140340
1227650627
-1656438135
-761225122
-75319446
-658378055
-258280340
1652384127
471480769
-1494728902
-1043595156
417054176
2068137061
-2113709250
-666718977
1772069422
-1236835084
-1292923836
-461387654
798366665
1689519950
-737768387
825016739
-958052409
-1165700539
2044639786
1365685635
1222487614
854367121
-214290173
2051802751
-2123395646
-1966004474
-1399461669
1139003561
430627628
-1715133176
1478968896
1729613651
-69666403
671032382
-820462617
1492027365
19623618
-27170171
-1967365495
398249456
-420800680
-1770919641
-1904891129
719516802
2110234610
-228540340
59346644
1511735483
698303994
-466680400
-1592335725
1940156832
-2028788491
-34684267
711896830
569143599
1455199242
1462787323
-551635958
789349042
1478252484
-2076123122
410942024
396984920
1084533782
2116016096
-1833855346
-1126168064
1909156511
-1253395368
-115866666
-1223848104
-64892624
954656617
1515173733
-289091802
558083210
1320366726
-1535585489
-145942043
726133611
1371264852
1503664761
1139889555
-1569137205
1700044705
1414106304
-530790199
-1178950558
-359206764
-548451623
1368457995
191534190
-1882104538
552020569
-1042188703
1273664434
-700879920
417569590
2081855014
-2001227583
-1845001339
1282065326
-106721505
-2095350916
-282053661
-408357273
-1292440369
410771928
409816228
1051846359
1486864392
-532310812
-1568901030
1813397477
-712631611
-592889334
698371675
2078900432
1057944887
-2145129324
785125369
1733182544
-990851043
1380963186
-1280211722
-849521158
2030020696
587321145
-1939100874
614349288
-326365250
931497071
33041846
1250822808
-1101365458
-216447483
-1923295556
924569876
922039779
-1377852380
-143298224
-288375981
2053913101
1150591788
-2009477654
-104540961
-71545187
867229433
-1592598932
-302832201
676262496
444931687
-875487918
1791122294
1855110223
1652366104
306557991
146497715
583837988
-1805614732
748885306
-1397651797
2117611056
-44733200
-2048852846
-1205721827
1066739051
-2015894381
950733854
856937589
-559946036
-1106371658
1814066992
615294508
-287235365
1931049739
18772268
1632173934
789074564
2088809951
1714836348
-2058159620
-505622483
-1546686557
-183783738
766799699
-906039799
-1085524568
786807649
-1346629106
1802739118
-412233431
-83698428
753940872
-762675995
-2117782130
385101248
1506821061
-396928064
1503760111
-751680465
1127199121
2130022386
-16239402
192653549
-891002647
2086447450
-302873272
-828330169
473139610
1995660256
-1637880826
325559602
-2130747352
1552331396
569022992
326078079
1953596145
1478025140
-1317949078
-794370229
-1661168240
-1369686307
-581703391
-112268869
810659462
417618755
-1864241776
-656674071
-1098089705
-1101000683
-429915937
-2071125223
950222193
265098683
-933060660
-1466514129
1465256211
-255422349
2009738925
-1452504731
363520364
-652905445
1868427957
-1956593864
1656397506
1489162575
2001132406
-861357405
1282194773
861495222
2142167206
304470159
-570524988
1409603993
-2100168667
-380250487
-1810635346
806550709
-132519874
-1731956299
1389872028
-515685295
-1951499732
-545029886
328823069
-1030770543
-596127520
-355598690
1151737906
-1444270324
-30873599
-1303530324
-99804948
-854624099
-1312522444
1321369908
1456791635
-532055946
-2056325731
-414882469
-299800182
1225298042
-394012252
508613587
-1859537616
618417866
1393438971
-866454892
64848648
214526112
-1003569952
-1721383989
1023539675
-1635512740
1911275167
615803411
563505564
-34411300
-1298530213
-787219486
1958775757
1389391888
348595724
-1608934843
-7215583
897915596
-1299608885
1587461839
-1527893149
-1800468513
10104397
-1948257074
938800790
-1216878491
1558279852
439448000
-322003876
287052633
728222317
1602240773
786419355
-451249554
1613186750
739112661
-2106859939
-1699833826
1749816831
574627443
-187078665
-1095587070
-1035654525
-1573136478
-61172371
1444532836
-2116066921
714692440
-1477663980
1578557458
146887362
738344881
-1447523719
1392374645
1950240590
1665729318
1108932481
-784584223
2077971975
-1145649410
-282596399
-308137939
-1874264254
355498244
905491567
-1594695290
356623648
-1767175047
-171371095
-1888346240
837504019
812782156
-1262563019
-582279315
1330712481
-901570424
-680203623
-2057803534
1535121256
846445837
-85045811
2119967190
-166700959
343850882
-642139106
-1403993315
-123623832
296836745
-1955781804
1164413781
1331288571
226450485
928826134
-1513405905
-1023865279
193529272
-757807987
261300560
1810185038
-959120800
1851926600
515569257
-1008815963
-882184764
1193422431
-1196240252
925053950
614193466
115186906
1969871521
903727176
639062155
-1171814317
1105005953
-400727824
-340464151
1292731097
-1284762944
426575203
-1898706656
1063343383
-322738391
-909367086
-542953972
-2021481035
1649179205
678312500
2143553099
-1206832387
1644794165
-309022575
1373088306
-933854527
986481345
-196667524
1238011140
-759157636
-971726672
1054924768
863402081
-1766710857
265380441
-492504833
597969659
227186862
-720591750
-1694272072
299789968
1411874099
-1621585337
1832763912
-618645229
349670353
-1140159546
81407186
1702735148
1872722739
621649241
-2128623134
1050824163
-1436690489
1789680796
-941625297
1102903703
769553821
-1554301327
442685536
811204660
446209173
-2054571432
1654726545
-1005852508
232870585
-653144317
1095512662
1473681798
688744679
-146621399
1556341759
-1755850467
-1785385549
-1023605350
1580709405
-1847371638
1174792843
1529025427
-1055484859
-2139636163
-1582592229
1510147155
1909983251
-1848286295
-761319695
563315437
-799659663
794212918
697120100
-140069024
530566937
-1565160580
844133298
1540596708
-1516321961
2145880237
-961712792
1812431750
-1603927789
435150161
1800111878
-1850343946
-239583986
-315967175
884996834
1505248415
-1550368916
-663550547
559462476
-514298632
-1498361487
936491495
1855164658
-586703847
-578403441
711557829
-921675642
-300755055
1769459616
692629945
26401437
-577532042
-2119345297
1895212803
194235098
-787073604
-479568004
-349099230
-1339157685
-1438484790
804451840
1151429511
1965565202
1400235850
-1710991826
-1567125876
-2119225529
-1459930304
-331137093
710349475
-1286316003
915757662
-953738592
-580031278
-331705277
-189340267
-1877946594
-2010146210
-647686004
892600815
-928474622
-401434170
-604085807
-1111130981
-980524758
1113456370
1551359765
-1265525687
572279879
1341593260
-120436245
559952824
78882275
1274432847
-1167058668
-765146740
-1207416667
-1348481859
-1312163477
-152901276
979311828
-2106358378
158822661
-1717702100
-537368039
1603803046
1148981396
-1035536977
-1171848824
1579634078
-1321205
-1389331089
488735713
-820371450
738175879
-1799796552
-609531886
1560114034
1591546221
-1520674830
-444160512
376964595
568490703
627431735
746236294
-1875034160
192666899
-1322137051
-1747816003
-862987402
563702742
-707632396
1876738173
1630705836
-1910727155
-884367670
-564756956
1205104394
-1389502099
-1503496883
-1106037355
1944646571
531603468
-169109126
400739459
984933921
-399934392
1490997684
-186385425
-1973282647
-388962585
-2145567456
57101550
174925727
-66948224
538581551
1400806832
1844622387
-1747874024
1246945915
-678333763
1451824733
-1618313969
1158467543
-1945200512
799980046
-44253635
1589452449
601348361
-425419865
-1994242473
453157209
-846411250
-2079352914
-241556585
-160663177
1420162866
-1691188802
162757788
1974667640
1218571401
-1723976001
1576011918
835023929
2023351643
223616599
213083525
-1788920439
2058101544
-1968517216
-372838101
1610539000
-251252500
1091292443
1068500895
642739189
439981732
2145160163
1928383644
-1364949993
204062992
743717413
841605850
-2109125958
-662036039
-1750927153
748008883
2136478926
600820533
-588874617
-725862134
-606472725
1273630121
-65844770
-104316056
1867151783
-1085679730
-1246166843
-589961625
1552752172
1056431800
-553948353
1529047379
1361536004
1677055380
-1803467944
948226573
-2006218954
1361522865
-1447762859
286517298
-143837801
868368513
-1362994388
-334119299
1784338009
1293067103
1585547830
1722764905
-1301596441
895636435
-1657646046
1770725914
641249525
-647047403
81527340
-214267779
-765452846
639913935
1535138191
-1339297875
-1899287808
833648935
-43641800
-2101214824
1400038405
26988028
-104484677
1219323618
1189119363
1672962158
1163840906
-1067101175
377482630
-7199324
1546355555
-2135341879
-969392867
672184777
80376586
792234433
-1359708373
-1527848874
-1399883208
517114965
1410295934
-895335274
1035355091
-119739178
-617446112
-1467335065
288434014
635100896
-1435867411
-1043292355
373427122
456353795
842443109
-652489876
-760069906
632972453
2121653955
-2106416219
39421355
-1999997146
1853536846
-440991039
1525918580
82593093
-1684468754
-685517891
88575604
-504780862
55468289
-427293691
1570329713
619819075
-1743561105
-2117609995
1586308857
-2040747653
1461725179
-943564900
171891930
1106081160
1799317724
911278530
950421206
-497029476
309383564
1156825900
1604785047
1944727007
1456807647
236715037
1537638112
55630996
1886060118
-148034016
-1771028475
1183642490
-1513790540
1802658821
2027383709
-1291613068
1666786258
347313704
555170933
-231298453
-1131878225
-452555016
1606612934
-1830806669
-1401695541
-450161737
-296525654
1607850284
-671327308
964318590
1347645132
-232158358
-1144893984
-1720848764
1913994335
-957673192
-1591482947
2067984287
-1460445359
1695560537
1242001414
713146889
2024939967
1669457647
1836054872
-1652825753
1658277291
1953611744
603251461
526168583
-284786709
-132089002
-1671597786
1249572713
702232164
409519046
-1960925706
-1653821696
-1718022792
-1913679019
76217950
1966560057
1620959420
302897270
-429333557
-200095044
738771694
731726039
-878844089
1725270001
214171941
-1559474563
954866119
-410739515
1364174154
163322669
1435506113
569034413
2056072134
-1813221874
-75788798
1539684074
-56336260
564201355
826373565
-716629233
1646565114
-197834882
-2106452506
-1532286528
-905661974
-771649142
157721536
-1067010117
2086120910
-2117594168
238628021
-1407510244
1286775532
-1160457307
-1439765659
1538413276
-1080266106
790045961
46815744
1408917658
-382823602
-533139524
490444248
-815361378
-242110184
-770021627
-2026182607
-176535527
1064834001
-1705044077
-1228765093
-1011971663
-731709009
-1608290399
-69604606
-1548203971
966758569
-692050604
-1342819644
1563247565
-88433879
-1124917401
1251513860
-471736596
-1980576768
-1256471543
-1811100163
-918920664
942339482
-843918843
313975578
-514952238
-1018288014
-1727780829
1451289219
358991873
-1220920121
850599630
367954171
-1069462307
1029489551
1593333750
1650806504
773084953
-109473108
1158818103
446054835
-1773825343
-1513004963
-2108750790
1407592018
-934822859
1766990327
-1213496997
-1418239710
-1151965836
1994531283
-1485574004
1448181497
-1427944547
-1334706038
83072120
-1152402565
-1689976653
-1970203297
741993451
1379997868
1140845984
-1190993412
-1516196496
926538695
-351342468
-1450472095
373512507
817857357
-1222567154
454335001
-1505524407
7703136
706106770
1135233966
-171751483
2038598993
-1721964100
-1159368866
338781101
-1689607306
-1553057283
2002549774
421075893
2073363009
1623795972
-2014167682
-1537093781
503332237
-1213401721
747077309
-1140275557
17414459
616533570
-1611110433
-383660300
-1876811779
334930495
1319469806
-1282306069
1200747377
-1395986088
-1806459874
1706997982
-141653647
-1624137478
556593475
1973775741
-1726936407
-196110037
862020743
-779447195
-972667287
1385639373
1082828375
1111682061
1753706427
960534563
47483549
-438564379
926488504
-418249580
557382964
-1582061636
1223620887
1685338287
-1960687208
619438945
1955096838
1025316207
-977425955
1643205773
1826783548
443120063
-1351397150
565320959
16406350
-1458288321
-208116794
-1150069015
-1624582846
194026312
-1866295655
-215710326
85395297
-634825170
1718378582
1273424923
-846531759
728283844
-434898415
-1485246737
-1884664734
-428956636
1609473388
596894421
1348835623
1308917679
1189918287
-1102254400
-979132855
581583186
2053307351
946856874
320217751
1271388171
-1602771826
-355127628
1217290336
-790436181
-760075811
807553425
-1575569404
863028445
-251703618
-1586082523
-799246392
1557728358
1986158005
-1736799640
-313668374
1119696557
1890046464
1047088528
310194677
-773976450
-2130911219
1411067759
1042083414
1447033354
-2121101013
-447899367
-1787135186
1908105522
2074764932
928734665
2047533417
1094104068
483768139
-1815441660
-40475378
-660875899
1628454449
-1885278465
1277366744
108195504
-185497060
1134732605
-1272775418
-433525313
515393050
-1783293572
946098287
1000879528
833457299
1658460369
-2003930408
-1202830870
-1936868930
-1714050799
-304553591
-122600824
2089251158
1523789427
257789725
1616180309
-1707553908
243582835
1697766298
-1801569934
270392639
1501692664
277772737
-1622591979
-513601687
1968788664
2063586726
446559627
-1606354468
303688667
1277022338
-488907905
-483478225
-1756246050
-1109203513
-787192452
999479282
-1261017158
950537588
-265158480
-160787672
1617678148
441184170
1701836786
-1159618058
-272523561
627129727
643087877
1397555351
746719535
-425114862
1334843422
-307913070
1687843735
1440548575
104000675
-1195409361
1370680391
-1810331052
-942753227
1984758566
-1573117178
1130430372
-1167656208
-561694054
986826775
-252180262
989788145
876582469
1512666450
750474288
-1389178600
1187399923
1923384720
2079402401
2146614542
751051316
1025343052
-2099790404
-681327223
147443532
-1762660474
-1084858950
844727246
523351918
-1547440662
-1920153390
1460707703
-571939031
1217694514
233720524
2131370358
1410776866
-352653113
-648320044
157529433
285497859
-734134098
1132874128
1577689806
-1036001869
893427874
-1675956876
1457716586
-267965497
2103907196
1558590548
-1360971611
1472767287
355337435
1137384250
501765673
104854868
196356864
-738228871
-334154677
278927353
2132910841
-804859902
-1422147367
-1248129279
2028366593
-1368275467
852431894
-2027226376
1115397926
1808845435
-50219006
-1140356332
1676237868
364792786
739024861
-689047451
890072241
-88812631
544183278
-779026357
1002251409
566577325
-52030080
-60190167
765398667
-243845789
1459093292
-755489705
-348172252
929441848
-1010997922
1485956188
-458496053
-540245803
-740197615
-606849443
756295997
-27443528
1349025500
-1584646193
-726066134
-2049727232
1333326898
1250376051
-1791844072
2058930055
-1247236891
1436312708
1038581896
759977269
1632790252
-410058967
-875247530
1199518611
176226917
-1200880592
-2103239835
1136902046
-1891003428
1358758397
1808717691
1231079389
842913485
2115335360
764556648
-533621835
1127531623
1511985125
1955514222
1905167356
-901819758
-1969444144
321255900
-205563701
1702600499
1185072330
1179023867
1376815255
1826163630
-1749035979
728672046
1655968898
788794540
-1480731385
-1392348588
1446335983
1356378654
642370165
-216707216
666779987
-517526656
690300910
-1783685748
1794439762
-309998494
-615492278
1553803481
-250211062
1990219043
-891502013
-1504793829
-1000269655
-1288928256
1292385571
-1655804349
1546786629
212349516
-601194305
417428829
914124523
411402752
1310272931
1802293164
302516216
-1213341834
-1959419250
-423429614
1226024103
898423665
-107255776
-1784974667
-1961617941
-1285545632
69018577
-2005048608
-948868737
-459665949
489244197
898663206
799040826
1643686286
-376510435
1280679372
235398055
-355791892
565087216
578442088
-569973291
1526426309
1747563771
-1944975931
-1050055062
-116106844
1054837493
-1313338103
-1645774338
-572785261
1161034854
-658662631
-349525851
1871198504
-1736305575
1187508540
1821142221
1497044165
275871568
-1989555202
-1299721398
-1398348006
-537773193
-1383257770
-1678296913
1538130414
270635037
-131019509
132612063
1523181343
931981407
-1135663278
860855779
792873447
-1787781851
519733692
-1550545155
-1644404640
1625963090
1158977102
481233148
-1792063159
652602167
868611313
-1454801199
1020430858
-1307461048
-264512756
-1316861598
-1821906699
1436063761
1517904239
459737501
-552458290
-384672406
879961202
1677432784
167666317
557137129
-2139436451
166728760
1161696865
-1196927081
1114770442
-649138985
-762571528
-2044827417
-57465911
312798346
-329848835
-740639261
1695991427
-978147494
-2146473758
808577960
-1679946975
1490540562
-379416354
1371207956
147383342
1079935760
1911670073
1409085373
1523060666
-1797983648
-393403449
2108688420
1464050050
318955270
-785935439
1600709930
660441933
1006066586
603233914
-1946709310
388614040
-1116580838
983323969
-1976878105
-1335096715
197506811
-697186749
893832144
1225071791
-2089313407
1314703012
1300360802
1933067570
1940912464
653268078
-273341466
-845978455
-535706303
389092569
1913052155
-271931544
1917355897
-920210740
1448790990
998437261
647020216
1117331876
-1314655353
705980769
2081596654
-1731950541
1414334214
-318716925
-280221421
1834801162
-487445042
1685010503
-348114377
1147229435
-756920767
934951899
720273368
1562546393
1116559373
1312386731
1224260467
-1245323391
-26721818
-1271637882
1552846685
-608336098
-1238978955
-1215243007
2047071954
1163735207
-1347064689
1939507611
-2012136626
220617900
-731887958
963519009
2045825819
-287252398
742446476
90640212
-678587093
-2058375524
331041348
664966088
-652888537
-1382911509
967402334
948366094
-676511033
390642119
-1037893295
-1871005931
-1560310940
-560742177
1960250940
-1780785203
1883452618
1398804302
1306438865
67586316
-1406270893
137395487
-132128111
-1405418827
1804774704
-298297069
-134991559
1531893526
-2026611447
-1389709407
-1625631876
1750358930
1946195401
-687788483
1061523697
-1108744321
-1969639758
-480477475
-1576379058
-585886383
-316070217
-1757022280
854800086
-1295273481
1645373962
1027640144
-704055280
326155909
-225190670
-1291524942
1640829113
523855890
-1628618782
909376508
-1704896006
-1296164381
327139527
603975456
1272740317
-1255010872
-1664266847
-1182588186
1589414397
-1796604218
411171925
-1216745417
307295613
2026430965
-653550656
-1936498281
-1190149574
-1538995797
1022411279
164742387
-1587955388
-1305192742
-1940263859
1555830172
896803465
-1296606026
-883653827
397247123
-1229584429
-661415270
-276768407
-241134330
1699885811
1418244140
-111577478
-525878502
-150578370
-1079201858
357778378
-1927464213
915093048
722793207
888892983
1672532432
-1154982001
-1725622862
-1389293254
-770079773
1183468618
1981299493
-773456073
1368809408
1579662658
670499142
1387477781
-1546569077
-1201183536
879674985
725808913
778217528
-1685212217
-618322643
1213934799
1332130822
277217700
-1754477927
-613342542
1048976715
-48659452
1659832961
-1671466388
-103801737
-1151743658
238016046
-1604492072
-1996688302
1848355536
-1173882563
-1074809082
-1133390968
809167270
-1198800697
-528999273
1810025063
-898765959
-1970114366
-1970662581
318232806
343165453
-1552602202
-1988043816
-1121560344
-1534973377
1289891923
2084285437
1027623106
1576373813
-888434127
799174101
894384634
-1866328362
2085015448
-756637584
6875217
944957565
-2136675726
-392614497
-293094140
-145119512
-1000282337
-1343796977
-1034829235
1509735542
2105333144
1541254296
375180079
-800694127
398706902
481478103
1395053427
-1965485720
-1662427020
-435312391
-1931093011
-1291488031
921028755
910744793
-658323709
1487459534
-214477827
2064471117
273086831
1392159326
1285624972
680732861
939311939
1491266773
-1198516788
664463860
-1078012627
-656795777
-339272225
-334784710
137577980
-487646494
1233852577
-1337027166
900918371
-2002866894
-410480373
-381405281
-1784278789
-521490935
1363991772
-784291363
879475854
-891842217
917757557
-1087743666
-1217321326
811664790
190152964
248522370
-445446158
-11122366
1342984933
1780415035
1178261012
262267784
1835065924
-582774976
-138008041
1988604989
876331014
-214006415
-790177700
1067421457
-201700119
574493211
2102295624
-1912482301
-1474251543
-1603149427
-991921081
-713111785
-1096434459
-1203569173
1146210835
873492807
-126138750
1461899073
-1613896907
843220150
-1564430769
-1446934310
-1915955765
88764971
-29726678
-2068998190
-390181492
977112508
-562266655
1315104490
1844047113
-830854967
15455259
1760168859
-1624934603
-1322002644
529815929
1385476205
-670724825
2086818734
-2096069641
275107976
-2043280355
-1823098948
-1549746024
-158754677
1408440260
1781135962
-94914238
-1523973988
862780597
1585375830
1378522342
2133488575
-1636591805
-1904666687
-201157149
-31057813
257972851
-2107416421
-757089620
-391016870
51417931
1049629901
737297575
2124035488
-2010995633
-1718360741
-863286952
1743409919
298644808
501486297
-1423789634
1746576761
-1932682425
-1601925346
-1414312963
743391525
1868430569
1477051959
412341052
-1157184698
168163035
452919966
-1979838000
578827161
-488749920
1912250540
98795929
-1567807763
-2020986479
-72710837
297864876
734721785
1881986597
-688321553
656007218
848765801
924738930
747888582
-2091168881
1556099129
1114263283
-995724243
325735878
-281701050
-1117308789
-891350938
1413310235
1510904610
1715868874
1628201608
1659573497
778633511
-1115301522
-2096312906
968959510
-669095730
-670197205
-1800935533
-1148898092
-429981119
-1199109202
-25306892
-734882838
-1759025618
900707039
-1178626601
-1516283581
-478213923
569853030
-31580012
-1733512411
-222637436
2032531569
1368280146
-817566826
-1293915942
-1557277005
-1855868228
179027450
1090256361
2079735471
-1223896845
-1161043200
-956057560
1730228277
-738361403
-797509953
-889124920
-1463936979
912538399
-1271194341
2112453966
-254401134
-1073353536
-1346107283
487978337
737831617
122891823
1324566115
-1193267740
1857834740
-312658449
171308835
-891545529
696062984
1745871856
-1688448330
-1482457830
-1249282938
-1969512121
60399780
-2004892446
-129851936
2104559393
-1164343846
1101462064
224791290
1994096885
369216724
-1484891922
714736364
-1402511880
1954941943
-1448739076
-998457338
655558102
2049232446
-1699311109
886080275
-669891426
-92528103
1624436327
171906786
-320478723
1956491921
582824939
-657225727
1324939182
262721199
-1069563152
-286190389
1209580337
1257440030
682622838
427465125
959622842
1710107151
-1470501593
-2092040828
655388012
1569002844
453048489
1550541489
143099590
479606512
-1215069645
-61333552
1577524573
-1513755803
-722207390
-1916156642
-1026278197
-195540242
-1567376819
1873129977
669063911
-1570986890
-1228362794
-1926889819
-29706187
-93124855
2039004995
884784716
919311264
-1927905933
-1714775796
-413475514
233399654
584900646
-1082864906
944775067
-1240525485
-1865981600
-1195255968
-447872059
763584561
-2016594035
965776860
-1771074119
-1581260674
-1753478679
2055064833
1136934440
1886613087
-887094423
1176311166
-1594050046
70650581
866103259
1232362098
2092688955
-642528723
1683359563
1530825467
267877328
-59280963
418859945
1219449100
1728010252
1205124300
2083757224
129687940
2037583111
-335708975
-1802213912
-1014875781
350320239
-800323360
1430260566
1890933982
1464227466
-847204255
1965127635
-1430099395
1196834682
-1135139582
648507923
-792619037
-792113981
-2118905874
-550904889
1333489191
2128179466
-1728428482
-1119797506
-303574271
925981727
-770027344
-1690350136
-799425825
-1344979651
-1293534570
750598172
-713780551
-1554061936
90102800
-2044789765
1548072802
-461697290
-431025283
1496912852
1840090657
1814940425
601661998
-315087062
-2115431808
-1572839843
-503472036
666935667
-1765413533
1016794118
1983691868
-868854973
1092118875
-1116629668
-601507568
-1300594263
-1515464644
1766945281
1532420000
309397465
2019245548
1636631587
1053513834
-209490165
-58108803
-982561538
1304272694
1365450913
-1777582722
2035803556
12617390
-138799473
1712485518
-1634254848
-727679220
2005642743
701224753
1306489879
931533844
-788692974
-1577396762
-1197597295
653121093
-2057673385
272573048
668470648
-308731061
765462229
1110208404
426234942
2061402551
2081006052
2018842011
-83073020
1878492145
-1324293636
-1852198727
902130457
1465214572
545780964
-292811722
-1479616832
350543132
-402768626
-1094390004
-1738142154
-1078148059
-1898756543
-269378120
715038194
-180705324
-126754696
-313055916
1814899502
-1102358574
73893130
1138148325
645093286
818739606
-55940598
593494514
1803525535
-1545908709
-1163728912
-2139991723
-1839175638
497950419
1303582072
1075397972
-1772491863
1337787866
608288201
-1410615309
-142441838
828048750
-520350502
1262973059
-1186885006
-181427553
1666436625
-527949954
-1737933515
-1977977022
1114994988
1972487062
1063477923
527003435
1464682852
938724363
258913837
-1105648486
-1561417009
325815356
40955114
676990965
890587653
115463297
1840203739
-49512777
-390303226
-1251425225
-888209802
-242186840
892593243
-1619252965
-1466741406
-1603902898
-1360556166
1108869083
-51958402
1911488419
-2038315154
1717430762
807204647
-43806201
-1520048969
-1631867757
2041476538
-1776910729
1576758638
51514705
-596889769
-1417740033
-752866131
92053341
515040488
78923373
-1365648339
-632269177
-47542687
2031349063
-792312785
-1594887351
1623349065
-1826938370
-833423968
-848126952
970022776
-147273118
833880695
1711945725
1920746529
-1714260903
262363233
1876713060
503035154
-585303093
-160915040
1859776564
291543610
-469427232
558092336
-2142327265
-1590260373
-2106368147
307410731
1235443770
-1909609375
-1476778837
-672377235
2036490960
-1241446653
1471391785
-990724997
-919098254
-446747160
-771667197
-532241760
2040701266
-269572836
-1841526700
-996792488
-459192367
-991936733
-293777944
-1183692046
-1727942059
-1659001795
966831158
-13823376
494908000
742558187
720769420
1119646897
-22927139
1131634354
1655211148
66876881
-1246984259
-317952482
962367958
426579152
-1355917118
1313915145
-1412243194
-13701263
-1241260646
-1326432740
1542104288
-36978588
423107887
-575615338
-27370806
-1903813722
1768550973
1409190732
-2092397190
2025721128
-631574748
333657584
774213359
-1666286162
2020092671
1361412757
870473124
94470650
354044916
-212535950
1373120771
-554174423
1123771085
-1215342363
-627627753
373495644
-189371449
-635891781
-1805992570
-2022386278
1869449386
-1615738962
1412171709
1628850164
-1452193767
-316452818
-816352148
1002529001
-430666197
1595971940
-1372788683
202223884
1023275577
1365712755
1984529311
1727401443
-1659853319
-898284032
-1826278832
1891058450
471087563
-447977484
948795771
-1954139719
-1587293613
-1394761856
1733966231
1753088537
392340295
1227655777
1212176209
1343048573
-771964023
1025740388
-697204798
1244878423
-346509704
1774805548
1660386276
-1605575512
-1861286270
-1069556173
1974257474
71429285
327380221
1810913806
-1868866066
1641861527
-2024635593
-1177937420
698742200
153888514
-881432373
-860123008
200218268
-363824631
1057246006
47675573
833930875
372776208
-1535452503
-970781629
-275858418
-1697508957
-138233825
-535111160
375934231
912993429
75444402
-1949302567
292457432
-1015621524
-1788945878
-1202204031
1002325961
-969467396
939582679
-1067179255
-299571836
919452497
-184732000
1551550521
-2097004028
-1501904686
2112529243
-1750659745
-1534520050
-999650142
1159714398
-353886386
998147822
1069044809
-1717517995
1984672937
-915346074
661638291
913548373
936670817
-1670847517
1889742776
79037233
-2076185477
1251422962
-732364356
-59040756
1287123734
632634097
90650392
-821906641
-1833436244
-1359686135
2005377434
510674972
19832471
-1866996389
-548681847
-1726478365
-345489193
-1038680711
-464221940
167252147
-405286382
1824646679
-2037106741
-632694093
446621403
524017921
-1431829290
847305234
-905530570
522251344
2059397317
-792154532
-1976587941
541094872
-2024117727
1231450895
-1252671302
-1054005788
931915266
260441454
-815552193
1806229285
1776238329
-1003138156
779054807
1112465894
-1890052561
-1696790325
-497069775
-1135752060
-671288626
2007444254
1956500425
1193673501
-1378747489
-365330900
296765985
-2072477561
244524787
-2026717378
-504142767
2050835076
-804846393
-231272804
1760919490
-1116224205
1555138338
1246304796
1545519158
1710440904
-2126484286
-1879909125
1842558218
-1946704769
-595512841
295307503
2050723519
2055433677
-162878515
1267297404
-1968887626
1621488344
-607997584
-403051898
2083679034
-1772572375
-217417780
1828378407
983615940
-470963808
-69041293
-2084385342
1887035769
1108604584
-2139007804
-873507752
257522678
1255346602
1340486216
-1630871527
-313886128
-722437178
-1683770017
-1743384770
-203887530
-1438990912
-2068579045
-733336555
-1835542504
-512756936
-274551957
-1793569443
-1514310227
2099598622
1853296764
-179722285
576774959
-1653049501
-1601492901
-363141876
957388042
-643158540
740445918
2104857477
1562969718
1951288547
626838980
-1274543112
-1614320063
-1078282265
1884530971
1936533488
-122913839
-1810664186
855264737
-132430433
-1709219735
-2080852336
1696204526
-1997957905
-148789077
330764367
-1013621744
2137659862
692628061
-1742124037
241155959
-1068085266
1570343535
1098813683
1484270931
1474460484
-1710153924
-636562646
83599803
917811823
-934202608
-980239009
-1370584880
1920595428
-2122257686
548637328
-492139230
-236656503
-1543088766
-2026208592
1045456978
-460915321
-1852086643
-143716713
-1116497417
-1129435292
-475995586
-1364355271
284174533
-780233648
11926800
1429251098
-1623666196
723542974
-507268158
-1331106559
-1729213763
-414170826
1511464867
-1512549653
-59344749
-618078103
-1105835249
204403778
-2014002448
-1529194875
-221296071
-1431777202
-881663002
-428561206
-296117207
1176350187
-803480905
1462798429
-369223672
-1910752900
56681663
1140456284
-342234469
-1182495201
1341825170
-676408526
-1879742451
111517218
-113852575
-2000488405
-602950160
115617460
-115021663
-1710050742
1273794949
-1960224033
1178317805
282322778
-629033413
1203884469
-1690772181
-2028689854
-1674205067
1798718409
-1567746322
440832925
70903952
-1355238431
-539091173
1966869386
-1725509084
340369129
1680079310
-973796161
-958420087
-344772823
1851291262
-823705372
1999219100
-324538694
554197854
1112389150
-3609662
1865788726
-1617947898
432152041
-526207956
-208368466
1238833234
-1641372374
1586782300
-974820896
-1515103094
-1591428732
-1532828184
-973990999
1874392003
-490319895
622778238
934610360
-1933159548
2048163956
596981287
-1114269052
1331875755
489130870
-819621169
1323362431
65765777
1960942542
391791620
-1596539253
-1462174356
-258024834
1680323582
1109750701
1895987701
1436198778
-796652833
-1087996416
1643728458
623840193
911784251
-472316693
1795418644
-640632655
-962353447
1723261590
1879944172
1710958743
-1716123205
2018756761
1498626554
-1486506875
1708861787
1451064310
-1964424993
219394920
-1366191561
-1047569335
-1598702380
1029633625
1478851983
790276669
-1169018605
1799173683
-1289522835
-1591197374
2026860917
1693861477
621173989
-328222596
1689903708
1938432264
1878307998
-315941122
1061638866
1851990067
-426486896
552453943
-1534733070
333576334
993338382
2002245036
-537577338
-1172944603
-15805177
48727783
1332415473
-858794882
-1085399160
-775659346
-1279572145
-1402882324
779247748
1534050936
1235092954
1278357029
692357847
252283164
166523279
784778770
599569800
227457483
1960396048
-408551706
-1547974066
-1755092928
1785038796
1332002930
-1445783467
1004031029
-914593700
-725143882
195809089
795851288
-2135926480
1682027450
-600005005
162329342
-297413782
-425700705
-1675873142
2020868056
-1964743671
1432852464
1679997740
-1800434716
-244783286
1759755069
-428446971
-2057997723
420845130
1443874282
-1706466289
171570069
-1677538577
1791480644
-851380716
-1699953446
-461529591
1649851860
-1896749712
-1411747784
925877171
1822477816
1599453211
-744507641
-2017572353
1278361006
1691963110
757328869
-2143085103
-325999181
1642417925
812283885
-337675765
-6051892
549789645
341507880
-136076054
-1074894238
265912509
-2034051005
1340776367
-345982636
189791170
-1362506878
-1374770047
-2144739320
359184310
-411087628
-347746671
678203587
115896106
-1195072024
725854335
-1821872838
384601956
1345044895
1295015164
274400361
-936131670
279548226
492459439
-2112726622
575500481
-361350378
-972876708
1865959656
-1287199568
-1419474707
-54169021
1543462013
1117077193
-1365423649
1494610374
1666115513
1013404649
-2008900806
-180091315
-384468196
226169598
-112571210
-261261715
1246102951
256257481
-1860316179
-79479737
1114978151
1794771428
-2004778231
-846100434
-799934127
-337166842
724301502
494061964
982322773
121970566
1586622330
2100290053
1399927212
480650269
-1141241381
-800200996
-1414642059
-676717585
1026493025
-445901674
1374645375
-1525970996
-1923174300
664459484
1576865384
-617246798
-971094968
1627330213
-2002174746
-849060458
1248679150
-1339881324
-1227494556
-936779677
-769501075
998794654
-1161174576
2068659011
-961272831
-500847633
-855476301
-1482988260
974024515
1303557646
-637703039
-610026404
-531704166
-213451202
-833130190
2026083065
556470513
-368167897
1800484625
1049622195
345525418
620628150
-594143277
-706922084
-883497007
-977120192
-1841517846
-1432879399
-830146668
-1966933267
-1465197541
1016844202
747459314
175715155
546068301
-1745912665
-1930423117
-1451224223
480468388
210751307
-1430468457
1227261822
1730762702
2037731254
-1100630062
1074206705
1442167196
-2046156114
-32044874
-1752424318
1224149716
890323942
-1758222926
-24289695
183707973
340828291
-1220206726
-1130497977
1044453402
1902368219
902495879
-244292389
931131507
-164259713
-1238812734
-232271018
-1938569423
-1426454661
549238907
-372966807
-1771398127
-396070949
-954712672
1817604445
-216488452
1467434097
-1998919126
1014167420
-33779556
-856338986
-1347071782
-1979298385
1951498034
-110668115
-1052187355
-958429592
798877862
1813633070
802752364
1257893825
-1404329761
-341153054
243540079
1181219813
195470164
1375010731
-567377917
1801046959
1617261283
-676518649
1152381699
-1238417520
1672946401
2112871573
1399866500
1310700213
-1946133135
1038009559
-1397875125
-1795177368
-684590311
270375736
-898696061
-1303391307
909705106
873945681
1322133674
-1421602479
1051791326
1635809383
910946252
153177015
-922765920
-2116023752
287148020
660068756
747635623
-62796297
-745449250
628639333
2001432523
-1899011437
245537777
-1397512867
-236587524
-1188090049
1678935915
-413946229
2103498903
728481582
739014878
1085606460
1753780731
-535915106
-1732390182
2014342813
-1419261092
424001048
899777003
-704285787
2079485142
-2003067659
-1479910203
-1499184847
-1211557179
1530709028
-1049177155
-1780384912
203863123
-1572876247
-1326734469
-181268096
1276028753
-1021341336
-1472561426
-322776487
1324100939
-120060509
1551164543
-208016406
-1673542186
-434444864
639275656
-835798911
1157202475
1159252943
362172167
-1796833681
-1644956167
-1649920692
-1668090226
-1716845077
837607798
-681319008
1528694398
1203382582
-1584011082
2129554669
2100041332
-1994669312
1193864256
-1272916214
-446237438
-1138909430
630249182
1053214412
477387681
-1760866037
-621742924
149586311
-882938394
1800541655
945956756
-858280236
197031924
1503601342
-1772188528
-1172057965
1674682418
680068914
-1547082032
209172275
527335484
1698366636
-32873564
1757771312
1532483870
1000571087
1754303452
1984601309
1994380991
1746204108
-1702726057
-1200179357
1520866971
-916781816
-945385511
-1714791415
-1305614924
1446744060
-823686110
-834451275
-1542034998
-1770652835
847664187
1781421234
23701961
-1412366212
491521554
-125814094
1117235586
-2048282386
35903817
2120384279
-536474467
24940655
833486154
816969325
-1082526514
-1945376509
-1059470178
-268390341
512036679
-313213602
-1918455425
-1333442053
-676231827
859176325
688994219
1367207525
1404028109
1891885492
405358458
590185715
1417957969
947621762
-1214384590
1207817633
-303883090
36269378
636147610
347710709
-20381152
961988524
-704062260
-1317139394
-465863335
-1757827651
-934425521
556962336
-1625182794
-445896997
776120165
-464795825
1990799028
-211933381
1374326944
227830681
551318177
-1446517113
-1367799877
-2131402966
-2093509482
-476545862
152014502
1693770763
946066852
1429662030
554175458
-2077625365
-1240385204
-5642087
-237863409
1818799650
1634268468
-945996940
29480130
-1036443150
1091217432
-25082595
1921843868
1081735439
-1540256770
1483481950
1728486551
-1171995039
-692185171
-1439587090
1457429155
-1220412153
1421067103
1117372950
1785138545
-1166617697
1552016565
99842967
1586355597
846698436
-378939926
247219146
2043340722
-1504889385
633592907
1190286857
383978073
-452658942
453476838
-1507155891
1599469714
1162725242
-1835837823
-689364200
911599127
804675331
-1183102002
1950673813
-1685757794
-311142983
-1704714021
-1244722179
329837167
-1563172084
98930895
-1119472069
-499176907
-2115193589
592722131
907467986
449561624
-608676378
-328242867
474086910
684601354
912975277
92165715
1027800345
1394549088
-71881634
741038942
-332452288
-1207675995
1119045661
1092830781
-389023690
603181227
-1536984123
1449778509
975351943
587006946
-1236999777
1035212007
-1246259728
-2057359636
2072643184
-1842632680
-1055159042
-667282576
-396906312
-553187177
252609268
-1262557651
40917049
1000069619
1510120177
1075109714
-1801383499
-582915060
1988004178
1434844173
640348924
-893654845
1019199828
12436834
-1852820699
322971893
1335843070
-1607651267
1323076379
-408197980
1770440509
222554825
821336667
1720267383
-1250959280
-496981246
-605006853
909478500
-1816284058
-1705028983
-935282707
-2096119893
-1485687676
482671542
-341746555
764323333
-232865364
-252230669
-1847948232
-464169443
1244400187
-68327609
73464741
1147880767
1777850770
1537147185
355228633
-1934515122
-317866503
-1017280841
-1225896754
-723830277
-1515607873
428002749
-2023263179
1523264563
100789413
45102490
-1741636491
1586654425
-926400901
1451181288
590020594
613072309
1495768075
373149851
36152466
965312427
-1635828426
-1520631724
1233185660
-1642872529
293139293
-2049195017
-478086878
1579171832
1360763650
1584041594
1524816257
-1702145549
-1520401490
1301244416
-2052520793
-1557403270
-203623916
-1846626010
-1690753163
1673013445
8331382
-45205093
-1721420634
-1248118624
1785749831
-215147531
537264655
-1127917986
-1843116015
1713718467
172750376
412765453
-2085159784
1039600350
-1137800758
-1548628502
-1908728768
1013057284
296460858
-1335862249
1874447787
503498918
420743013
204914571
-458364250
-1349090304
-1045267859
-1257163959
317547589
-1937568406
-1326501788
-1641102636
830621003
2056435182
-907430570
1851558625
455538384
-306651879
715094924
-121122482
774875933
1454197782
-2041210097
-1010489262
618992346
-176574984
-1419737750
453644534
-84754326
250984790
-2100514380
-2135306044
-1311908458
2128863004
253199565
1501392573
-316729496
-1456893280
2086140391
652872591
730129497
280723187
-1674916024
-1208481529
1840351406
998718841
-1834075315
1283503300
-1338344162
-1121361476
-1273664079
-1780520403
-643490888
265809532
-870555377
-819044444
-258558205
1758889994
908640421
1516671739
1137475430
-1521813547
1181541978
-1741846234
-119416118
1251857733
-970050303
898815282
1848775293
-67344441
1872777951
1219140213
1502378841
-1571940824
-321189782
437353991
1329626149
1447098150
1770571603
-382092432
-981920198
976639812
340270535
-886550366
-46803863
1158760414
1268423152
-1572571863
-425114597
1148619644
-1226841663
961204384
-391947078
1714320234
1317274355
-1768348569
-600802992
-1974566265
-1284227254
1864260754
-453261204
-1277564579
224254236
881212451
-1903274420
-1327157390
-1653693421
-583556
-1670245064
-1489330723
-259563983
-1255450610
-908949461
-1941815525
206312724
1075292246
-1297419335
-1211529181
-2038490245
216669962
-684967636
376700599
1641501448
-1908557169
134397935
-211848964
122342983
1126233517
566694191
-1508142516
986910446
-1656397179
1164577215
-2084695733
2134926438
43614401
1293403707
1826192184
-1039782263
-68336883
387624304
-139558779
641861805
928315335
83508475
458518184
1776034017
268798194
1118272559
252638003
952057718
-1180678289
-1169999557
-975930334
621494976
1502852462
321418380
-1704343181
1074598685
1503265825
1890033264
-911440900
317936438
431306930
1820691195
-1209012872
401035397
429141111
-1122287570
-2132017694
-1197082602
1749736548
891421268
1492156934
657249169
150715328
369705647
118689620
1271616119
1521942044
-1419094956
-2077761290
841540522
-55571329
-1593308333
784527909
1221894963
490248678
-1425626598
981461432
-453271489
1425279723
-1142243046
228895485
-1976631445
-944954173
-608967510
1025220556
-1259111103
476264301
-1722655444
822087640
1516770561
1170421543
1107637613
885528904
-1454173
244611364
1797278545
-1564664187
-2022244580
-504887428
-1332722001
-466829995
1626630624
-2141929372
-1083401606
1674158889
1369123496
-512117602
642118688
525652658
167659636
-1230800590
-421413578
-434295111
746801875
671637598
1022989140
1013734960
-1843835294
-186987062
1973410365
1574264195
-1381081711
112204287
1767427139
-1832234701
278598061
1840101658
839494889
1982098854
-1355235303
869636284
-204078647
1721894968
-1923696673
1306913092
253556152
336340373
-1568189593
1724892736
1078413863
1358305609
-964304251
1259041312
574126796
1444874904
1250078904
977803564
809236352
-861506934
221424560
2069909431
-562980758
-306059446
-1722520048
-950288492
709537885
313772208
-2127252875
-1076250423
1104896383
1135059484
970486455
-490235518
-1764091862
-653109883
1175664494
-1274986168
190926870
-1769905199
1630821303
78185330
1898317751
-660216218
1650346296
-353907493
-2112387613
1746734592
-515444640
-1432522539
-511486537
943798981
-615448333
999575900
-786260805
443285910
417441477
1934284430
-1272697020
465744551
1187958469
43542874
2107180825
-1825819311
1258174525
1234888055
-438370215
-1616360154
2114836055
-1984645480
100663451
439196741
442648034
-1254943523
1857678423
2058680048
1400920918
968299660
1296436867
1802361947
1667435797
-856457984
-398666111
1484859590
785333747
-704865567
224202808
595875021
1908091896
1468432789
-1412695425
-1055861250
972523364
-1002344459
802545602
1108898988
-1666943502
1565215811
-1953688353
180923138
1524434529
1319660380
-1793097135
2069651802
-1482172369
-836430039
1452874639
1700568015
-1931215961
-517699493
-2058622794
1992682768
-489337314
-453425321
-277051803
-2054045065
1315165816
2125342829
-1082376217
-427827879
-380246543
-1578739888
-632805481
-621965921
-1106968294
233711042
-547958400
-1739751019
160027936
192778638
-843803581
-2119418111
-1269056172
-1471629893
-1708624835
1037736311
-702243610
-427189506
18488552
1419295212
-1638788876
-915268752
663981186
-1347318904
469319363
992726400
-1489021461
-1684037185
489865803
418851370
65969363
-615388254
2087223544
1297769064
1145057300
-717764495
2036819118
-1973184535
481584731
1646350709
950223630
-1509331712
1393533198
33156364
-985959177
-1141891106
1638373737
741375749
1311957583
1770562820
-44704790
-1425946067
624330243
-824019726
-1483991569
-686893270
-512119221
2128609572
2125273500
-1796049786
333413682
1879639102
-1013466110
-165272562
387804501
-80404091
712962429
-1296561827
-1627726102
1778157457
-922956707
-1890013773
-376573692
-612136384
-234602041
1952492810
-1936315628
-435066898
1546639581
467378283
1008319155
1446096354
-1238783972
-5842563
242370973
1948446730
566969606
-1702378658
1765978112
-179517461
-1487238656
956759221
715065079
211963602
1764906620
-300253433
-834347184
964003663
1937026394
-981833910
1213833365
-2087491101
1431688587
-685689929
1644254282
-1127773960
140927223
1446087396
1619026290
1315012625
-264487519
1451810833
968817752
-1404722623
1077490951
-1595438911
690835083
297114593
-936411698
722212748
-93086935
-174785668
-510966882
1621692467
877257568
666424846
-273528501
1761167605
-1719218382
-1240401298
-38205132
-1675064032
1630396023
845965319
2074015728
-519351062
2084644392
1333918926
-600191706
939107968
832249305
-654209425
-451807557
676230239
-111591033
100721353
1357945395
-1941041949
-1968665708
39533468
117557328
-1739886819
2085686030
835807617
-1854683393
1326291177
711858743
975411738
-911829644
-1947000258
244644161
-549628535
1535970963
-1536968249
-1551642279
1897881381
-267170415
1929664179
-695245850
767192427
-2055980837
-1860422712
-5903854
-190255822
-425568458
317056958
824305800
-555400158
-561622233
1533619914
1125120895
1283278438
-484978540
1898920312
1714872055
1293603744
-1652852565
-1611885379
-362727613
-1455108323
563830786
1901657932
-1654858298
1891297097
2002594558
35569704
622573057
-1316888475
-1947495303
609243770
-1549906228
-1302505866
-524338529
1751939748
-15674397
-976278912
-1569925608
635836565
1208423332
126095092
-386056341
-1515828386
-481518314
1217914726
284550817
693418501
-1869989331
1049882498
-1786863320
1251677593
-481146293
280223040
-209980934
55978118
-851853046
1847489110
-1589432322
469239594
-172241608
-242142994
1895837358
360986023
-1677562846
851847065
188370169
1372051194
-275878635
785778818
-43970966
-67290804
1130211617
-968359962
-333012344
1462457224
1406563104
-995885629
1156644480
-1014560723
1722516470
24340175
-1559204607
975520101
895215385
-1461231445
2129967207
-1146471851
-81351853
169553240
-2054663397
1553172917
1317166022
-1923331606
-1502928328
763347363
-1868266191
-985054086
-415445390
1085257908
598068080
892566880
-490684621
-584396724
1972589385
624904098
2057577478
2091961391
2089190501
612441254
1011920952
1094258519
-102209637
302896943
-1027806020
-93826553
-1047124620
1256139142
-1831517105
-933026528
418408683
-87244041
-1943589412
-1460349262
-768103820
1307433087
-1372972768
1533512661
506701631
347997378
706216337
-1344035910
-1186690883
1134277442
738315132
-2047232004
1843429474
-320501042
-2115383444
73125435
1030282157
-10515657
-9357358
1459588843
1970132069
937415241
-968157982
-97741463
-1423400668
-1865532423
829573818
362229071
-311981544
-1157541414
558742985
198775048
1587545608
892747222
-1816108690
1570700710
26682261
-1056394215
1926827231
-1644482574
-2091859262
-919926704
565197388
330964676
-1459985738
-873602541
-1220537277
-208140651
948864959
-1171635042
-588941995
-435479982
1933180314
479714759
-1610695174
-499159694
-916686351
-1815818196
235381937
-1138824374
1435656996
948137131
1725916267
370208671
-288506036
-2030727402
-203887319
-1916644227
-1923051652
-861629913
-368379165
-553645754
607853385
-1248850255
357578412
-1782872307
-2101022580
739039768
-1379547630
-1846430172
-320890010
-1628375037
-1650922294
-1163781901
-1307682173
807433039
1994040461
-2121445365
-1968286813
-967159226
1662668604
1431260026
115280982
1868831248
-822679734
1943715168
242428678
-1901750935
2095600218
832610754
-1069693894
-1758604652
-361186778
1124593565
-644827112
1379241102
-1807741021
-1014577346
-385555412
868381575
359799906
149926352
-1578291865
-246282099
1911670329
261801526
-1402886551
1504313482
65169698
-834943205
-924822014
1817666160
-1579521182
-1280078266
1381327350
1917113522
526938093
926701874
1580507648
-1570517515
1758382856
-785003811
2087378713
-454320889
854531376
298759904
2022523641
-127108080
-1281738694
1477970367
1326562269
1965302534
-1558793541
-118660478
-1530701685
2145684838
401788329
1456812420
-1873682285
-172693728
-1201893310
2076405898
235678934
794809554
2055552556
-2134423529
1758004300
1604422457
1581485021
1465726461
-1459977983
-488936989
1870279996
295995703
1612988767
1935281449
553573000
1531987702
464316851
613813084
-183023751
-1843868423
1653062121
-911814338
560040100
-2097887967
1438333850
849498548
-1168280797
-961200572
412503112
-1592034120
756318836
-1509294528
-894105625
1352446356
-1111019359
1068523859
-1609869409
-1004887988
659893409
-455058774
172173520
942624347
-1299705090
-1791989193
-1088909226
-1699466590
1958644919
-1654481977
20864525
1716362397
1156577383
1494868819
16376983
-622273833
719258022
1201171093
-2024998564
374461600
148097710
748463070
-965644078
1360792316
1520208961
293352998
-52847874
-144296739
-1759653942
888739428
958235705
-373364075
-357980222
1933468192
-1519059401
199496837
568822357
1614270277
1020966213
2088636698
495759940
1045415227
452253137
-1382889990
-1866520052
-2016578763
-291240401
-662957959
217834824
-624068665
-1377716070
1693469009
150637651
-2073760326
-56419976
945999762
445636145
-2144865757
-939123231
485347031
-1606824785
-1286998094
660764258
-1806322502
-1810975032
924810055
1848666621
1070205321
-646224567
1127083466
-2007769740
1057923129
-1882083912
1550837563
-830862650
1962103194
2003033970
-616499449
-836981511
-626018612
1409769234
751150494
1621468186
186357489
547034137
-723944639
2069517698
-116130781
1909755083
-1680465888
2120633434
-1796725848
1298201687
1294199203
1490083424
-1431782044
462780218
1505061127
-2120099606
-504942962
-138669596
-912994515
-1204454869
-702952538
599901594
1925396910
1728068276
1219837350
-1847378018
118963506
-653841603
1918535287
-2144010610
1741242626
-1420170586
712792230
-658152951
-785285158
-1121486792
-1546275241
601723032
-182140413
-1697159633
-1288238215
852514762
1805264033
-14339972
1288582971
2132044448
18186825
-1865172026
492910781
1834590763
771182806
-932495182
-667258102
-48290701
1384908925
-1210833053
721468486
-716532325
1858234397
-641362108
-442192861
1671345986
-1022285093
-1322860796
422567321
-638445013
-1081474322
-1259464478
64624598
250398239
-1751061065
737816362
244552306
-1558316015
-905169644
1511236862
-680343322
-1532397949
-1919766028
-603945127
-395865794
1172163625
-756866002
-1198708143
-511940082
-67381045
-236407922
1877939867
1426731938
-1919856529
62778929
-433403052
-1714304904
-1454972746
-895428590
544036862
1580345586
-1591442298
610263012
1826034376
-1209455033
-782963223
-1293890271
809824017
-533202758
647703092
1457519458
-2105919442
1411616015
-1506024341
-1944619279
1055175787
-283290311
-380769821
-1058877796
-883854256
48658519
914085161
-1888637237
-1635200476
-717472287
1903887138
-926377515
1529636278
705359902
85603955
-1675603570
-140906406
717746649
1846316322
-1291205084
105022770
-1737819309
935046269
-660758997
1662349742
-2138459525
1270236986
-113529867
-1231902123
-694676900
100557279
-578821081
-837763132
998462934
-691209884
-1451775608
1727963127
-1090233968
2073489430
-1430289892
-391534649
-1973311187
1333355709
2048821617
-1718302541
-1423397955
-1930307583
-1732889545
452314850
-790060171
-366427127
53623062
-1699097752
-361663325
-195327388
1338880700
-87882040
-2134677541
1348262956
-1145057484
-1490780231
1190943606
1274085480
-1829527426
-2059720147
442636348
1480432818
-283909541
383611534
326155616
1591403545
1378666855
-272864950
-70289492
-745648056
-625791123
62200465
-1669531652
-1164621593
199340278
997793373
-1230480144
149445952
-1957588957
2111939762
-540900388
524678181
-54628164
-676298202
-509676285
610113041
-599703160
1169621156
423288581
-1939655283
-12589346
-2037221268
-1120676459
-1360782891
840202876
766178653
257902446
1294815163
1162359958
1763732598
-1903239289
-433208118
644567602
-1139325542
94193029
-1766035283
1196723378
-1902297709
1185018224
-1597165358
1613231794
1617683544
-471726423
-5948854
1580093971
-1537328238
-419468773
1154106866
1082340184
-1815922340
1900447665
1467341527
2100397616
1796158282
420379399
956848854
-491042989
-1995803219
1999015779
713930115
1820493713
1723566868
-1752741146
606070092
693570599
-1523582956
1093433598
-1928226083
-1278402476
-684822708
1566631966
1032698564
959933483
-737558109
907792049
-1644261032
526836906
1719406291
144378699
-262545193
-806278900
-219809237
879014945
-1851970098
1794040155
600172432
-2104645189
278392253
1479078472
-168327996
-188079897
-120095750
633641534
1351361258
-894937104
-278726443
2079050676
571515977
-190518512
1764980476
1458591938
1058931280
-1278510046
-1422451935
977126391
-1336037415
1351459227
-1619783207
-1084831127
16473009
2141540538
885686215
844692236
1980880728
-2022230274
-1256009735
-632164537
-331799036
-2034452776
-1563949935
-329844540
-1237846037
1434745762
126086567
-435595129
255530434
-2028742449
-1727174034
1681806146
404324480
-1256036254
-55109483
1310963430
-2108405401
-963863388
-1169222161
28222845
-655530428
-1674495728
-368658347
-861161162
656475636
-243734894
1430478795
1940182465
-1279186646
977688304
-56113439
1984051933
-844397712
-2130662520
-1061718693
-1659786194
-1496455061
1414599483
745290003
-1342717357
-408041118
-2142776407
607111454
-600000200
-1314158848
-651415138
-299239634
-1100525657
-360539303
-1166152501
-1124723914
2083359781
-468459478
-236567880
-1848089261
921467643
1083667812
-1220432647
162980330
211106194
-1725428757
-1614098785
-156861427
487514884
863082650
1845642481
-1458521566
-1309527570
-2023115894
1903578972
-2054459194
-545461365
-2020071532
1145602727
565626862
1021863934
1641707027
-142673046
823389775
-1188049938
-1678421266
-1106132032
1024007936
-49821864
586374357
1752981563
-1888625316
882044319
-1098869302
1118222360
390368044
-797246745
-1100587038
1400360115
32816390
-1345807708
272892492
2073556029
-1968443153
-413629587
-488899950
1460636587
1136692039
-899285994
-1022452193
516576241
625819110
244325884
-1457598464
-1831408017
-1493615231
-1774163806
-1285173522
1740450987
1799612754
464419452
-1972936821
-272816319
-1091516168
1042678539
1636292332
527716375
-1046805349
1072775721
-1145452201
1803875284
860207955
-1768183643
345071949
-709894510
3201994
-1637519854
411542218
1251416017
-24091873
-1241894948
-2095571254
-648287825
1396581901
2114579867
453499663
1924769621
1767671884
1116010155
-1261669855
