-539903523
1357189860
1106003669
-1006848131
1470187253
-287919601
-76672156
700958677
2008738230
256155775
1482657419
-399253246
-1794109845
1004742594
571251448
318260106
-766310996
-578658061
-1811829063
1596438052
-2006174258
793934615
-477387830
1248939199
529297309
1371243464
1393262063
-789046328
-2117903800
1448515095
492845508
-136553556
-2097403236
-1894739026
1060501777
1530183836
967973237
1079823413
-517267357
1423903375
584142192
-2082457865
196164055
-1837428339
-783275035
73671364
-1785155272
-330051031
-765967084
-1083604968
1972616524
-1456587186
-929738851
44312956
-420607381
-1137846722
-1347164363
-298332628
528218704
-562344488
-746519914
1174823673
-1315074765
509198873
-1749658441
-688243344
2120108054
-853851420
1972309309
389299516
1115466847
-718424827
100903985
-2086099000
314119334
-310030221
-230499086
154901032
1635060432
-667271467
-756511636
488125753
-1767281828
-1551688121
1892920969
101443590
-1664423428
-2037486499
1133405927
-513704851
-1634088089
2069437799
675514572
-1488074238
877848685
-1279204362
209166934
-2017840334
1736789579
-822809441
141231862
1985433771
-718204864
-1655696898
963480863
1453616891
856235616
-405549827
-1681657031
-2076261769
268121511
908813654
1766465499
731215197
-1631699632
-694999467
-855854790
692974652
341353831
1584896994
1866960859
-1250550637
-644506979
-1520624706
-761366384
-1588055624
-965139621
-1914691827
918532513
765377531
1999665688
1050882067
-1034920120
-1464551925
-1275250449
789016642
-1182454942
-315577193
-428922261
1574500980
880882788
870298680
-953560155
1793631604
-197101685
1458526605
1034947473
606137026
-259904937
-637276249
-662621292
1799091607
125482809
-1342512984
611902808
1998396966
-799256182
-1863392090
1746610660
724587812
524309695
-1408351532
528780774
609633162
-353705253
-416186141
-648632493
-972283239
1317369380
-1541200731
1768874033
-538275810
-1710990823
-9475084
-2067883341
-746134793
1186348962
-1466097967
-814153082
-1720269867
565993609
773775311
-717480087
-907145662
-1222842839
-497115471
-1088422653
1315651045
-1794603164
1094390098
1861221360
-1905857531
721916377
6903493
-830496740
1967071563
324129366
665528508
256733268
1407156171
