-1855854924
-949828042
-701457156
-50942058
947265905
-1468943186
-1638678234
-252433261
306573597
-1789256899
-1063810113
-5263214
-1741137239
598477949
2049566704
1976588901
809098520
79225018
-1846242490
114546042
728774518
283621077
-1584081211
1698701151
-661644792
-2024366229
-152224446
619553160
692074180
1019270711
65788658
-885873840
817390851
-2126205516
2025126461
1975867453
1770179700
-1859514106
386613720
-491123065
-735032492
192200730
969648146
-1504230949
-1338995749
672901643
-1310406803
-959343012
-1911456519
-512685625
-1869191057
-694288407
2121343554
2128423154
1715426490
-1943496283
371715877
-1798836982
1657587546
363000243
1172382052
-1398041909
843058782
1501875521
-1397109057
319634388
-906743383
-1803114296
567712242
1438528137
462861065
1955428497
-345292062
-2053961669
-1771848824
-780964486
699303442
1911288198
-412661246
1628553721
-991428773
-1808005894
-1148569865
1739314017
107807708
-462209027
-1421139550
555486052
2017240878
520713711
-1922000310
-433627688
-1254465572
1353092495
1694703063
1550081726
805961490
-1807306595
-55396697
175060095
1200025491
-1921035841
531977890
-1242305929
553381872
594816168
-1419231605
28108727
14662646
-1738955658
1859126937
-552890874
1043224936
794043483
-893903802
-568507095
1774058477
-312842625
803981669
111113828
90813515
-1950694107
772806778
1129921600
-841261355
-1170081268
-1773721019
486132365
2019656994
1174663191
-432353120
1747374762
601171711
1991084847
2075493002
55994371
324968102
-246379928
63831426
-255579941
-1960307665
185133154
-736417767
663334731
1962882118
-1309843983
-710211134
-790720887
1691295261
-709694720
-372184084
1006919789
1979104420
-1920628302
361494610
1487382321
-1978728713
-1944686647
-1165432687
-1262057608
-1560828904
-670924213
-103376134
-860184943
1278774749
733601634
1703846057
1913878780
1714474795
-281304444
288364758
1824746796
-1217664668
-309901613
494693738
-1980178802
-1324815075
-640201787
562742485
-1726337847
161903124
1942945799
2025864478
1912263495
-1576953247
-939551074
27804731
-607879948
1856345322
969337423
1300865442
-495513531
1978422044
-422800575
-1991637729
-175179908
-664246825
-1584909600
2130390760
-1382995671
249247145
1904613891
1099564270
-1271876365
995756606
-607277744
1119431029
1807341720
2121766167
1847536607
1947592422
1118495025
-1938885766
1257552925
1865385188
1344494778
1286101929
210559730
-1790551396
-648650798
-1631655594
-251475674
1411986017
-1347099714
-1498268331
853209856
-900935049
793870515
1701176467
-290370001
2022883118
-984676268
1044101702
1512028654
2045872690
-750795655
766884197
398617954
1501709089
108224049
1658777947
-2102271930
1805376862
-1651658486
486707702
656415177
-270622940
-341766513
-869055835
-1337882186
-174133795
-1028999663
-1668007710
730320853
1396706228
1744340138
-1653030419
280434065
553949801
-1477762690
1703293882
1539628506
1239676771
1811425860
1733261611
-1426493620
1985004811
-2113657852
-1918849663
-1615119216
-154258089
-1218169823
1327790864
889057026
1542908324
-262937190
1299460402
-1044056172
544308168
-290750836
255772029
2059651569
-1938029465
1013426683
927085624
1780753893
-1149685115
1616607697
899019786
-1843588357
796837981
-1586363098
1031565556
-1131711897
2123272560
661989057
-488848768
-244888794
-1910495776
61022174
920981818
-1375783837
1160974077
1605706545
1315528543
1637188124
814096672
-879424470
-2053527340
-275703803
-250995017
-249510278
2128973401
-1372715348
1869805729
775825878
630390782
-1732749603
1244413884
275402235
-84895019
-400709817
707435451
102472433
-1369199128
-1840742305
408771388
-235005549
-1340269971
176325251
1579184409
-2038052787
-1019247816
558420579
1346401021
1439365159
-235634832
-758093924
-752390854
2120283651
60146821
-684842587
-1193107494
-2112388062
1038777185
-1477392658
-333547277
-1818499092
-842517283
-1690742202
-550019009
-67727376
1684681078
2118136444
-246208533
-584149464
214495295
1996251209
-2040514897
-869490046
-764987111
-1064604051
-686506210
-2054491749
-660007390
1313339415
81369151
1738048461
-98799509
1752043913
-1741583525
-1414416277
-379436051
-1325162757
669461272
1651562826
1155702460
-1699433024
-1185380410
-1923261820
-1167794308
-2085459033
1205425400
-303508872
-1958156524
1319418019
1872319574
552922644
-994758238
1369853614
822483378
-1072831146
-874968402
-1052013591
830241880
-1439091697
1688293537
-1172051193
1720666537
1844484841
-1137607817
-1204316692
795741418
-2132955988
-681977165
-1879507312
223346777
1886022588
-614515053
-516120023
1299479425
880786405
1006076037
-246982007
2123068111
68332635
-543056167
-282730044
-1116873628
1974328827
-1430822985
-746165227
456592939
-717977129
-1258180782
1836547073
1179478318
-1343165455
1148726621
1040012477
2046420517
-254273979
-983065154
-1482576180
-1710008496
218722316
-1815990143
-1288203540
1933276038
-1003461313
-300428018
1783070514
-646381940
-1378678183
-1209791330
406207091
-539254102
201373793
1505882091
-679806490
-1987358853
1098900775
-1712432090
-1101021945
409874949
1976220621
1904966446
17892285
-861038072
-937543288
-627565826
326124222
1678991514
1557648040
985696358
2121185842
-1514232845
966386645
1062592765
-521366890
-1891111803
2104456090
-1038872491
-1116576797
1767509840
-22280153
606989424
-220624146
-733585037
-1328769710
-1466292877
1616507154
1181749509
-1519728929
-552403815
1941580299
399750949
-995874048
-2115635606
-1798763484
-55740593
-9764578
282065963
1242965653
1049706481
1229893849
1979031704
-229590490
1819148349
-475648691
-1764852784
1242241047
137226049
-1041839977
-2066361712
421169987
-1456275404
580270999
809630883
464138114
1863368721
-101784074
-584630631
-73835697
-1663543191
-684094870
-259913034
1294237610
72803189
1682967352
-235938515
2019664447
385989994
602991354
1201481614
638047688
557752081
1338217890
1600257915
-1416932177
1501187478
-1771457090
-1049721694
1997414902
274330527
1828329981
964899302
692016219
-813664352
-502927631
-1698656801
-801017930
-2111675539
-1693363946
316468869
626159782
-1556598512
1551137554
-213498841
1031171692
-1178070820
791352382
-459202655
1712322326
1371372738
-1402248348
-1300928563
-413169185
-531223326
-197695030
82604601
-1030368299
865157477
1723214447
747336474
-1111846212
-712591991
-264003180
-2096072575
-681295310
744124412
-368430979
877094092
-1654982893
-1495301010
-1797226120
-1794139042
-1912402658
1513454177
-1504499682
-1927128430
991070936
-1896698558
1618051544
1018487276
249454512
-1442047555
543791781
-1592722543
2059067491
-2347955
511121945
-302941703
-1229118047
-1414568687
1868922024
-199773470
-1075760912
-984161050
-450487004
-882236281
-1284310063
-575785039
-1526803837
255572497
869717280
-1140658180
-1495390746
22963021
-38817600
-299767868
-1901173546
-2086997088
-215462537
-189318512
-1370418224
-497845193
-2146544363
451628229
-2122283773
901027202
-1833116964
1543009336
-1536321705
-1406317598
1573248027
-249948667
1858855345
1479320480
1931519771
653217182
-815870347
1201596449
1973242943
678981926
1413376844
1553218135
-423920282
1484261119
305328422
-417525125
1879408531
1031078049
905070722
-1476351752
1173754576
-1440395603
-721744404
633109162
-512068530
-1192943039
897374919
142302279
-1433411887
105934734
1702221388
698732829
1284386122
-900102746
86627026
-1080780547
833061829
-1986998374
-1869120689
1493805431
423568005
-151055676
-355183330
1973618246
1379387245
-1288389024
763402754
1673407757
-377732704
608575585
-1039126934
-1871050684
202054508
93688706
313931766
-1091527316
217611875
852097690
-241887175
933292682
1902622154
-664724172
1991036864
865380050
951055159
-1288521378
337513811
-950740319
1408645493
-2009964863
217607546
-881098064
281055658
-66361615
690925122
-1830833530
-1415254340
-2146197754
1236523840
1010625070
-2055707921
214333035
2121315798
-1643277526
-1534489646
-758921483
351329717
-363079513
2126207067
929729079
647724450
1691045617
520326481
987303956
-532447109
-1034871256
-752702486
2141293205
-1088974212
-550001612
-744415564
1645937403
-2135264578
1885716981
309842103
-81523688
2043697409
-1347336257
982029019
1101907418
1742107562
-209242875
1030550407
1153107496
-588922354
-810827949
-865571701
1172880112
-699216144
578770049
515181375
1079105920
1848643400
525667365
825226988
-1577947371
1808853318
2117745737
-1679984279
64136881
-1933072491
-212458147
1997696521
-394536911
112778468
-1761351313
-24429900
-1245252450
251853729
456671896
2056697683
-1875582014
1071719943
1575464121
-386029711
-1745443074
-677610918
-499583385
1052092958
-2083236517
-305176719
-157586141
1660470295
1098859742
2029163893
999758030
306767907
1053619487
61083367
27310683
779690431
1092456220
697554407
-1566408250
105661949
1091178058
-805076558
-511332540
1574129320
-39622931
-1047986068
907580347
1723057068
-716358232
411941151
829400179
-148842828
-1345059753
873417219
1033344526
-1646783211
1057460252
-826841345
2119807669
1260180458
-1105167176
-38495121
-1758273644
683391615
1707602203
588642855
1471219079
-2016276750
-1744922307
1258810040
-2106470123
145402135
-40310482
-1938769167
-147260004
-105074788
1809055084
810522024
-582770738
1828094829
-51925900
-265750598
325133147
1614904665
-1213227621
653779023
783413231
634479093
-372344547
2043363682
-361305761
-1264799808
-1035238026
699102336
-899924194
-813094009
702301680
-673466417
945635061
-995471605
2131816061
877131601
-284811533
-1952088608
145998022
-2077268374
-1816923487
220865687
1025025667
-1591693921
29507450
-1951783393
-1692689140
1986310304
-1567038311
1365326696
-966670800
-650039160
-293320268
-1484773048
-44420539
525127266
-1301477048
-2009403230
1102624640
295842286
1176734229
-1211671356
-1393137018
-732407643
-2126038067
-649358319
1057524802
1535267067
-384275705
1922207455
-415760135
-497490461
1929306233
-1906927454
-753884005
575995544
-310460570
391135049
117510234
1462351513
-17279147
272258280
-1934056064
1308193268
-165225213
1289873302
-707071619
840004039
-551731558
1080251288
1534902079
-1540641533
1606387490
857985982
-1521456698
317649267
1806337334
-1037487091
866927607
-1335783172
-2141017861
-815297891
-823187025
-1333584090
-1698804402
297212612
1517587994
1837499098
-1257316292
-1448950156
-360015034
1449779309
1305452214
-1738427935
-923650318
692330461
534239109
-1504379546
-1550188372
1804866393
-226891397
1217182121
46308634
-1663794682
-925404950
-412780036
-1748245865
-1974166784
-12167078
-1383978746
298826497
58627230
1261027445
-998505566
304664272
55737337
-2141392058
-975380986
374361451
188741807
1451087522
-1181346008
-950049098
-1124988700
-1152937498
1902698076
-13219345
-666109559
352672482
-2133151935
-250364486
1090985696
-332358124
-1248122914
-1937398407
-128642753
-187894248
1794022663
1196165089
1927442963
1111991903
-1643966203
-1303549238
248675623
1791462687
1867214965
1616156741
-670307802
-1942634358
139934064
-801300237
934535774
85347137
1549463788
-256561260
-1774448954
2026617867
1040190049
-149913122
-1707802046
-1990755135
89728431
1041341071
1231455268
-346807155
-683555010
-1572110139
1774419702
-351913645
1245638246
-653287283
-1662544010
-1506601874
107490833
-503275335
-1624723487
-1657479521
1547119519
1536967157
589749108
2042484545
328574985
-308569316
141133359
573332161
-1352632504
2049590983
1061213404
947149902
-2078799369
2112509479
-368148145
-1027979572
-1596101321
801381652
344569582
-318342899
577037522
433990501
1355133811
104321346
-160070750
772474754
1476079600
835648431
-568367565
-1228964298
1586550291
-611092323
55079847
58563529
-1881193045
346983829
1170852058
-1446141363
1391554154
1659344330
1800810949
-1684041416
-968211988
-1519360554
772035879
-293268941
-909835785
-295192919
903706209
-706945232
-214585596
673369022
-193203807
839251394
-1329374466
548325518
483579459
-247321688
1800299593
-401774263
-1360379021
-380307286
-1076830971
95949507
-839750890
1952745896
1892131475
-751866452
-2134286614
-177180433
-728307369
-1559428860
539888619
168986574
-1681571649
1500479437
1151141880
-42740376
1846825860
-1024344575
377099702
-2069328180
808380464
-2048425786
-1342995788
-1270643646
-1458051617
-1382375969
-415579184
-618491929
-1627496119
-336191898
461370328
-1267017348
-1965623809
448026808
634656883
2084897658
1633349620
-855624273
586174786
2056689001
454166846
-456583914
-1709288126
-982042767
336838686
-821295783
1650516595
1251316529
-881227459
-280214916
1203831742
-1003950641
978018872
-1214238642
-1316007661
2072629071
-297498530
1062683613
-1514762799
-1445115096
1449547704
-510619604
1596934507
-1194082796
-1976854967
2120280611
209348167
-2076895961
412004246
-1885153338
419605225
1174532643
-1371954072
-42352983
-274480816
-611172087
979284687
-785054301
1603750048
932123379
-2077951382
-690545214
-1913725696
-735129055
1065656550
1766827646
-1630783035
-537386160
-1004389693
-88661712
1626790352
1321273426
-1150190498
198043588
1182841395
1709512667
-647792853
-874030419
-1138613478
1325850264
-328931519
1334147609
-1995531544
-1789018747
-88779493
1870159461
-1199347808
-1613571713
1952976796
-409451565
-1217248634
-2092634088
-1226030509
443030906
-1045356027
1165239722
-1190548480
291103613
-1925038637
-2020335442
-116147881
2001539199
-707415726
-795605426
-85129213
-1485634986
551051321
1745955896
1418827245
-1253297666
-780533389
216175540
-2038554435
-164858161
-1773243321
1249411576
2108651936
-253507342
-305347656
-668153414
2002571596
1074542353
640711725
710253063
792477760
1851065165
-295159979
666232403
1750142800
-584180875
-2096725436
470006736
1647805536
-1934204812
1507361249
1659770882
299513711
50491657
722991492
-1684990829
-1464257577
1878584254
2120521691
1138785379
1235970514
-1923326958
-1106596339
-2088886813
-1316539328
527058680
-220482272
1592946339
229045926
-1795552636
4146591
210981928
1980438393
1031636195
-1184275082
1288578563
1160436381
988853900
-804433887
1699167518
1486479400
-1931160651
682761477
848471128
-1413461142
-744064761
-213850083
74366548
-2059413967
776337300
1169842393
228783246
-394243000
-2025591800
1299964738
-667827282
998402881
-518810338
1197113185
-1179731680
767525492
-1865966250
-1034120479
-679594524
1137323847
-1722463260
-1841243917
550374050
-590175826
-2145038101
-1064561551
1232290049
-1217997579
1802019050
-1698383802
1724556856
-1845589827
1192956790
890647052
1266608868
1851737667
637843753
-1072973066
703622172
-1394280984
1671830746
1890374383
-1138230846
-629159699
-234167282
1648609795
620703260
-503284867
776045229
1522072574
-1245828446
-749194512
-152177160
737387090
-1760047591
-1576960947
760789690
677077053
829077472
-618909935
1371173565
-995889877
-675369847
740177966
1385688447
-1346469544
1079717802
-1332244138
-1542879194
-379393863
1716348661
-257431432
839129264
1516003356
-2046780794
-1767326838
526964846
904175757
-1787959684
-2122912631
-1778056782
-1424376580
1134358986
-1779232323
956372167
-1086212580
-1401373106
-1375730111
1321924641
1197009037
1385752099
565935810
545613781
-6899396
-103753165
-1859869050
-1095079862
1952850954
-530844145
-182384464
-1397379024
2013663403
-627671806
1192249794
1892105649
81760720
-1683958686
-1306299038
-1359115545
-589401464
759926570
-1179327392
-118876787
-1006979613
1216356037
-936771849
-2030424584
-1779962664
-29147860
1924685650
2048475463
-2033613208
1571513394
1811683410
1576080089
-619086334
2113332766
-1444600690
1886361855
769723433
1653767034
-144817766
-1451134734
-1137099437
2056935978
-680543348
-915726841
201560852
1131227583
-624628548
1947895840
-265743492
-1484166899
-375163446
-412258970
1487956668
-1251796742
1741648356
1895873332
1591870223
-160907112
-574084280
-387448234
-1883556138
306978422
528290824
283867762
-144703227
655629106
-464320756
1860061382
-515059778
-926756525
-615639715
-1551499757
-1996464838
2092154453
1756652448
698843096
535802608
-1702661884
482532319
291295427
102021871
932399373
1297397647
-1508217756
-326499441
1750146001
183182798
-519951837
-877881016
211014268
1821544939
814537588
979835617
937121110
704073259
158538056
1222077388
1414748248
-137124150
642839750
-1481463600
1969085698
-1526881984
-1962442950
-1511963928
358841707
-1644500028
-1181065907
-1861786517
804574361
375767317
-411641482
-632552340
1579784210
2060829815
-17487440
955468899
887043763
397154811
1488706669
-158911476
-1673391937
-1320009980
381198538
-694978674
2066324794
-2056296699
367058435
1151880160
-1065283464
982540431
1746914856
-525765272
1182488560
1358579338
201265168
1235592420
132808533
-467631678
787604622
1959542413
-989867289
-323297627
821725922
-1630146695
859525893
-1342129334
266629234
1284945216
-1314501369
-581267019
-54188102
297155554
-807522998
-919903655
52517503
1291171304
-1322131829
-1117273379
-1523438774
1983419080
-161133960
130585891
-1483032044
1576515469
-1244409980
230926981
1873068093
505224631
-1948008454
-1873488031
-48859197
-473957281
-1303757227
-2126103849
-886881873
-166207585
-1530918194
1900986065
-1776566318
-478195152
1253905973
239735875
-325495375
-540738221
551153156
1128116147
-1909701443
-1718328587
-19704400
-183334405
1448269767
-38955507
-98721470
-1222399667
-202157646
137729352
2109383974
373143160
184128361
1289694184
132009795
-1347673495
-497767149
-800686871
1914387787
1756667891
731893381
366451813
714204243
-106301998
914705144
2017123128
422714789
449539309
1738646523
1959241959
-322425643
-122265894
-1399337046
522792893
1703645970
-293361497
-194564576
2003701559
-1485356099
-1526528553
791077417
2087639201
1125649983
-1390241878
-1169063620
353186304
553079063
129047714
1376210600
-158874830
-812299727
579705921
56391180
-1824698029
1866963070
-79721706
1126955275
-1912886173
-8011072
-316757254
1061110848
-1063431387
-1619601499
1440885655
-131752080
1401090377
892369687
-1830629591
1612049662
-861660211
1162409170
-875292792
32009379
583331743
-1000139722
-1183531163
-371362467
1779725958
-1619788450
-940112941
1002527400
1699870275
988820336
300253705
239923435
1473613299
1846441014
827436390
2107991349
-1279605321
-1960560403
-2040192588
366304296
1647441046
-234295203
-1807788624
-1790669771
1156030625
-492157399
2073915850
-439204087
1824472407
-842200216
1851936552
210413126
1041296459
228299891
-2081365264
-1422569610
460334083
-1470390272
1823185350
-1351089348
536568099
-1028449425
-1223727213
-1875481653
1066616267
-2054924188
1124700040
1450958492
-1067857092
450856853
-57448350
-355269285
1136683457
-1089434396
1703911663
901423649
2021022412
-1012039505
-57095984
-2128223512
1878415710
1811640935
1395204479
-722864069
1954907308
826556511
360709011
1474421549
90917119
-871261978
1378427971
-559108469
1497658075
837712023
-1437653208
-25589932
-539897757
-7226898
2001299526
697854057
-943389445
-899053025
1499683404
1941785984
-2146143441
-341256414
-1880468197
-1202773666
-1584832302
796199698
795070596
-1929716923
583645546
-1377589065
279316309
-245989462
1364267723
106732897
-1230420330
1088878635
-891103231
1777294327
2038983952
-90769729
-952517005
-747236018
-678732018
1457281070
-145299132
-1908170306
-1182895513
-139675196
1226137340
-1563561997
-632940870
-1036437951
281851239
-443544320
-87147013
-445350381
-1307043907
-2072241735
2137606447
1625669318
2055539458
-335101631
-357925517
-260174405
1061131439
1801127137
268715330
-347256297
-1744328814
-388075237
-30227978
1867426302
-1877607694
1511723006
2063561103
-1554749695
122990582
1034267836
1869802674
480067028
364013894
-1880343431
290849013
-1223314108
-979584782
910262373
-1389122727
-923639705
-1004992365
-1825032948
924956439
1534038036
-222208081
1706124012
-1062337377
2119575445
2086448225
-1910070200
1806351581
1504479387
1847620153
1156740155
-1133251395
-67777935
1344537440
1843780367
1592624369
718319732
-1788106752
1520176079
-1608508943
-2098523197
1903450082
-1695430886
1732821059
-1034570702
76474967
-1425041607
1017016572
680502403
1541660764
-304924300
-1908055419
-648034857
1407659256
-1839871840
-1927274078
1174799969
-2037014551
-1190036228
-1750419792
-491432099
2018236031
1912804670
-1458808018
669158976
-1197418810
1582316776
-632257666
-821844687
-1767065366
-826440737
-343916309
-736227657
-339344681
-371999939
2120302573
1882853554
-750347744
-1841443995
758113964
-1749263729
-2087489503
-1662691496
-1191290942
-1710863689
-491762586
669368646
-172335803
282105672
-2124719794
617768040
-377978877
347819526
-381528341
323360780
1505939215
-1798742125
1201510444
2038386673
277748604
388835806
-2086982082
1898802644
-748639128
640595417
1908860462
63510602
-161370308
1129028718
-1455293230
-1927632176
-1028069327
-1472477517
1063759081
-1188097248
2014996245
277183835
2024405889
1445769157
1825719374
-1577157777
340027032
1333724145
-496981473
641660990
-501720570
132732046
1056353833
-1377379182
-1730048359
-2005040494
-232210635
1743034148
-1792100479
-864700777
-718034128
-1510980527
426582510
-624643670
293437814
1533353228
-1961088265
1998182242
-1026828973
-1211211498
-618156099
1783842100
-1438833467
572272749
95869904
-1222014203
1672177542
-808974335
1118763473
1485166849
-184939958
1937233325
-503305641
1286387370
238148165
875157348
-808704746
-260794573
2121377007
-404571734
-1428854722
-647962865
-723349493
-1099257530
631732768
435105476
-1169461788
1774013493
-288415465
-504494332
-1479634470
-623127071
-1870416475
-896460291
1578232092
-781210989
-91163940
1953029615
231300022
1497318949
-1134368514
-509070081
-342378034
-1998693893
1057748583
-1300480437
-574965463
660428339
-1707677013
-119036867
-969226508
-1848913382
1500887035
785644580
1486860737
1033144290
-1015064884
958466816
1790406607
1911609233
-386547783
-1499266148
-989035122
1679623485
108470184
796791266
-444739487
1456842358
474720812
559859562
893499813
-113642750
657698346
-185320109
1874531825
985001167
670027966
-368443562
1898329247
-1940745435
1280807519
-1225976808
797500299
-218524390
-1552907712
648591038
364407578
-182634677
3851257
-715352634
1945421438
-670277432
588106598
196586261
-607609801
-1991900336
699036367
1472201035
1775352540
631132861
1087754057
-893322658
-1609687526
909868993
-509450405
1874783078
847626237
1234627026
-1362907165
1684545973
921287278
-1878328222
-1784548550
493397290
2051374332
390409044
-643627370
2005355462
1315379934
1500955306
2021552560
-834145665
661648696
999718274
448392358
3665748
-1588640355
-1531963326
-573220831
-37285727
-2130948907
1583239698
1954255802
-1159676492
-2040649249
1868501386
-1098918247
1922960543
908827961
335061164
1556442719
-2002591409
1995258974
-2015218668
1319766085
-1304073763
99670415
567357805
627632261
-1010791388
-2136661034
-1661998809
1081062392
-1465444205
1623245639
-1617315994
704884736
-338241981
-1240959608
-1811693507
136354983
1334295627
1136389780
775469851
141069576
1929702483
-1712750149
-1505656443
965632493
1449280103
-1201350932
-725920507
-820327751
-1101361651
840773686
1320685666
-536481656
1756350616
-665582708
315865104
1000222612
-1658331970
-436409144
-936501782
-2066316582
-1244277912
-258196494
1605274654
-660765188
-1811383863
-1920359487
-1276990617
1921528169
-885730127
1691405409
-1691805567
170505402
1506014499
507629174
-2048172838
-1524362401
-1508834780
1038080608
-290308475
-594319494
-849507371
855412672
2132450163
-1037046006
542079940
-449656517
979387364
-1197390004
2112697982
1146871933
1335330842
1698658909
-2143174040
1757851265
1912958288
-165362909
-1776547890
-945304562
-124666390
138226542
16350780
-919677308
1028483308
-1540396967
-1638016244
-1843086120
649782448
-791897866
-1646357184
1051941084
-986871597
-999634135
306336401
-818489149
175117168
-1771541804
1233228232
385727716
-667824752
-1521156300
913778251
-1880855106
-1514339616
-2028086646
-52143878
-922374596
1987100836
-43802627
-162151877
2055827001
-1549594644
-351812674
-1179438765
556777797
1697652484
-414226067
-787073801
1775107497
256773680
-1460976453
-1356326622
-204453976
-1585163368
-435527601
134311465
-634254073
-1390351743
1486352109
781348108
-1736166193
1752482237
-1524462891
1346161934
-574617775
1254366565
-504526999
29154950
-1928195477
309256132
1083390225
1141440247
-306672120
379579797
-508995742
44808798
46466284
789717361
2101796221
-1332859445
1514751409
-227769726
1331498165
-1989312717
-982261748
631157372
-2117372556
-1500545404
1218490964
-1077819698
707865182
1643627512
-542749883
496042260
1291551158
-442507347
670114816
-657384754
1146423553
-2125828491
-1685457322
439621719
1587384040
-760076309
1177858885
1119016719
-1623300254
-1638712890
78241218
53791450
-1002680814
-1407286159
-1245426248
-1443782962
756714221
676039898
-627466416
-880825049
45694239
376911754
85185139
-448953730
907210799
-779443979
-116990324
116645946
593223520
1858512659
1646608018
-1921977786
306678618
184940590
-1780303547
112503812
-2124446198
-2012169475
-1551570505
894533761
1671469253
1509565426
1519733773
52685289
-750671693
-1691251760
1491128966
-290032580
2094660970
1718999935
1231898300
-238076095
1364381145
963862819
1972173610
369044411
761935719
-20880790
-1799515923
1692018650
-917765285
58064933
1602672078
-805089548
-1138303363
282869530
156958336
950980724
-454367490
-1086240233
768196901
1105646098
1959310484
-930397878
1919685654
-469778108
-405389591
698165968
-1459186461
1299957747
-827242955
-1783572341
1757207448
-177973134
-1353899479
-2012686536
839925314
-2011429717
-577496306
-605439297
1409861809
-1457908582
-865947346
-1846846515
160394366
891588607
1860531826
1906825887
15510863
-2001424561
667442764
-1059620063
-1798353575
1216145387
-248469545
-498749897
309509670
-1245247596
-1133984197
2029837401
599087512
-657190115
79162198
-1681144475
-1033197779
-674309023
-1672144744
-1004500560
1815490947
-193100937
1593825838
-832393123
-671109090
-1527949532
-1580789662
-1967735054
1742309737
2132265104
2099800896
-928303577
2017390842
-1539938755
-465994627
1341655041
-2145442278
-1721298380
2067104660
158784287
2021627523
396420992
1205426226
1997254484
-19469973
403538656
1219040980
345683829
652162753
-220093769
1137800109
10583155
-2017595722
-1190440377
1561384908
1440128427
289682814
1673204766
1244834942
-2120957316
-118311081
456179663
23689456
34246938
798505162
-1215559963
310031897
-864895327
1880254256
-169093867
1031371990
-197882771
-97735305
1495728050
1710977622
1761494696
1511067942
-1290012571
2055575223
-118450141
1635474333
960263964
-207300111
2114635625
1679758241
1473597250
-150955277
-663408367
1354042136
853664817
519271691
1128829780
-600996592
-1673662236
957939594
-1270481186
1624258565
-453011727
-1274715225
1776058600
-1880903581
770631861
-934941533
-82388346
-1509304503
145711824
-384305618
735893821
-2129157745
1535314131
-1741300471
1251550424
235547402
-2083120840
468702699
-603089285
-686046706
-750941038
-1178546520
338521336
-1725978829
1451348997
1206762896
-529141151
1282639196
-1309504777
415236885
-1095538979
-717101579
148312071
1204928944
-72792897
-121559685
-627361475
1206734852
1290940884
1708043329
1855362947
-1804654270
-1445121540
-1090621584
1916796244
-1641283633
1163063035
255000142
1820736690
1473435172
539437456
-665673789
1730302045
853361142
-1259886649
-1309522919
-347708351
1520319894
763049099
-334016765
491811119
-1725813863
-1392999297
-591561248
1247698896
-2020020037
-700050419
-438407616
-1240668458
-1808971776
-2020519234
562858150
1971951731
2142942492
79474636
1116427151
-357313778
1627765012
-1798743051
636187315
898599220
-13619932
289068177
-573516150
520623308
-1671567389
-1883272218
2062409745
1966115214
-1575219036
927679163
1638300877
571620022
1029686559
1602545450
-1518698736
-101619724
-300485295
1160973498
1502000762
268125605
-1735353952
896487852
1675660482
2144326728
1672456001
-182827627
-1819792714
-359843030
-533829922
261006636
703162752
1042913892
-1049751182
1747713893
-375122902
-918321145
564713335
54400958
14171491
-1688163179
-1877297597
759667160
-977556094
-183160142
1377288111
2030826056
1963568331
1007025690
-2041792519
371024047
-1288786447
-547168811
-1781453333
-1334733049
-14312228
-1449841239
1333817660
-556762561
420795820
-1498244400
-1853813963
1997920266
1662322684
-2079653909
-919036521
1433937396
-932410774
-953971658
1029983163
-57434698
-751967657
-1864324612
-689171973
1075464906
1641055211
-1480370100
1703522128
285138240
1111952987
20311020
-2084436676
-1191619118
-1232697234
-248550515
-1137045014
-375267530
866541884
-130811072
1197402259
441411763
821639481
-47445208
636111906
-1129523721
-2080721039
-1309459087
-381431782
-607070170
15658772
974862208
-1336368201
567395382
450107701
-1435643285
-1400738989
-175113607
1074767566
276651691
2025311243
721859451
810282759
-884412656
600280482
1964787213
-2087977545
-1276780812
-1626769756
-1779942751
-691059158
-159447117
1274955470
-218710055
1475821092
1275943258
1191867309
1266046041
-985848538
993315485
1376619396
2142616036
-190415889
233559054
-1856871822
-1591376474
-238358459
-1589450100
-1234014764
1903288782
203866356
805612793
1770582504
1937658976
1784733207
-1086408401
1471735218
861314888
-6534763
542006323
13807906
1069878705
-77562898
1040945579
1259678070
-630209897
-484650697
90179213
-841519139
-681321318
-1576582557
71242521
1352635996
-871464171
-1319702845
1607393288
-167497995
621883503
2078226895
48376581
519383301
861916592
-988249818
-1813684644
367698157
-1058245801
-521163053
-2074546191
-1203862027
1561191274
797322193
1058945906
2027960940
-1106571059
-1700792623
1836796880
2027917843
1359431639
-904535239
-2146613270
-230763845
825216034
-1250016144
405304971
-1773036757
734330786
-207713960
-1029698154
-1259809720
1839621880
1079807003
1306476672
1391071343
-911597816
-1072784854
903889405
-1208812251
-629303352
1735751811
1881484541
1099942642
1347856475
43771954
-878573351
1905635209
-1885777827
-1098158311
197549257
-1834949076
50838144
41838834
-2050488679
-205008306
-1621666729
959685781
-348632932
-1987368839
-1738600591
-628616842
-536395040
-1071300239
247472042
1153384818
1000950691
-388432998
-114570563
2083242698
1481956100
-83702122
58596636
-1284204945
2139553277
1488254258
-384919549
247809663
1936163984
-3026558
-1676333878
-1391828721
-662347968
-1977225399
-1693247110
-332113109
502718402
-1154135905
1007975075
-1533599718
-1435447052
528855245
-1650940308
-870526747
-157115890
-1721071237
-751000341
1751545882
-1219174122
821306893
-635151945
-950159923
-542416743
1239908681
-875285830
-1134123041
-1665014633
-1714869956
-1628016565
-1114533246
854041278
324044126
-643540357
-1809838853
154886619
440851188
-914557010
1319745194
362685581
-181947467
-665315219
-311904185
404310843
-1089566032
838716539
183932270
-1255120569
1591206764
1161270565
-2126114212
23464323
-300273840
1779558622
-1271975430
-1463894557
-704830139
-1518740470
-55668709
-1300015500
-281251943
-1194589414
1783208962
1328581517
-2146642906
1470554584
924677926
-207624381
-999736653
10779651
1731623992
-1001792991
633288089
-473703650
-383077788
1967646488
-1404505943
-461070972
2094117079
-222750028
-253973939
-616308032
-1181174143
-2137374319
-1210574100
311109915
-526779877
1548128780
-682594669
-1091112843
327841387
200064316
1914025169
342111832
-251545914
1821350691
1621289697
779165514
483616726
-1528240608
-1224604658
1716412770
-2006273891
-1913144920
893228115
-643546083
1335072697
-127154123
2104492353
-551073423
572455145
-1011254147
-1323672283
1252381730
-1366176049
-1078822425
-2056564631
-1525063851
-1915169545
1061236794
-2050968262
-1562698910
1208337944
-2120386921
-1825257109
63243246
783006360
1111187881
1370626712
-737819849
-1094423723
-434845414
488083598
2046752433
-899654494
-1576980408
-173524502
-1293244206
-570411633
1356269112
412663551
1048450090
-1097480339
1816948938
1514577660
2123170741
-804288112
406656814
-507274418
1276273780
154766678
-2141347946
1260516675
473422905
1827352168
-205728723
227828207
-1086359101
-232193217
1795007302
104781907
1439683082
961991146
758410968
1455660474
-262922534
1275956493
1996840746
560608358
-584633690
468032812
-1219973942
-1166798740
1046042005
851835433
-1353378365
1896691420
-1269932063
-2125670133
-1973423602
1216686884
-260922015
-437325312
-2107270328
-1369518411
-535132573
-1514757468
-1862001755
562829030
-326518337
-564367229
-757245916
-1256932071
-144923608
-49893412
-72013308
-1699394276
1130320069
-2053746008
-2083316875
1391867344
914546431
1078141914
192330643
-2045722609
-1151632996
111801063
-89604721
-839774261
1016998668
2056483719
1101158191
738890610
-1799937277
-2015177283
-1549299080
2006615449
2080784711
-1937286635
1791526568
-1726847784
-1160185398
-1120115156
1103670377
-550992398
-1240078853
9952629
699056452
-2135743431
2013239128
731824697
-1252856237
1969787952
-1900445881
-1206623521
2123900474
496860273
-1986854874
-1523017875
-264704425
-1070384943
1640627104
-336735410
1186400056
610716609
616002114
2139623253
39888973
-1923939849
158206029
957468673
-704298274
352234572
335250381
-1008415742
-2093023170
-285600792
838572010
-196610308
-1642500287
-182645605
-1740926595
597488778
561059050
774457742
756267238
-842844283
1257165929
-1003825126
538213660
-923315835
-868392381
1235936503
-218973179
-522635609
-565823790
-949538919
981449735
917272976
-1104759824
176345046
640592606
-1466842190
426078703
592130507
1651684783
1202261453
-1426397237
821455872
2069761629
-167748423
-197139806
359551946
1654354459
153814626
1996980324
-1081216016
-614398653
-241581294
-128867898
-2006103663
429168741
-1718874379
677250939
-206476475
-196695391
1693949914
347573926
-1449820543
1479195961
1850405687
911360137
230891327
-1308046239
112998511
-397530750
-1638457891
1821180249
1680218966
-157537480
-1529235643
1167585725
1183331060
-1914618351
1975495501
-1367146469
-1000793976
-1429744153
-461646495
-168709690
590637776
-1380557318
-125883553
167906793
-95469177
-1680015321
-1124120894
-197436962
-373172945
-151245990
138009601
381404864
224222992
-983003840
-1049770951
-786766786
1471247743
719876929
-718766839
-998249294
307521635
-867055955
672219837
-20431247
2142659061
-1836115916
1330194605
93034084
-1325445178
1629843099
621401063
9494487
-67905530
263965869
-559760373
689941904
-1981948158
-1195335058
-1601235338
-2050510813
1832476910
-128410218
-1671639133
-906445436
-1062296604
2038795581
482293453
-1285866018
49219116
-1825878830
-55689257
1300369826
815393981
1451485777
2031976304
1284261089
-878471676
1542683573
400835954
-237100066
-686828317
-1791010902
606239115
1082033375
-630261764
741582214
-2029773282
1377721155
-760520402
-436373382
897555819
1604184025
-509963937
86960644
382289132
423893614
-341005188
1237706663
-570911998
-1592657753
-1086211651
2128979934
1778531024
1441078801
-69458899
1014889037
-1812725145
1840884086
-1663287447
-820320454
42852131
-2121454734
-1276586841
-53849542
1713763412
-613848507
-1360724999
-223570897
242964511
-667480343
747881939
-1767882639
-403324250
-1603956889
1443789002
-1027045046
-988902553
225897061
1782212510
1219557288
1031903457
-866973693
1605870458
-1496815091
363538044
-969944088
2039615097
-132608311
-413039446
18375831
1737658988
582897003
-387434680
2129576966
346456026
-1459956875
277616202
-76993167
-391161529
-1174652850
978211991
-1337666453
-814903623
1576529020
1258197298
-1208645323
1616702839
2082498578
-545106279
331009618
-1551775724
1403178086
-636834703
1735930714
26352299
443575559
-404840606
-449312498
1389768555
1214477293
-479468736
-1323515220
-607090859
-1836247822
498922347
-571041659
-2123035836
1684997249
579229047
2012757964
78891309
1388914060
1492312590
1868483503
-1768177240
1623171779
57751573
1972243371
1201572271
1001187074
4374029
1969486620
1841677476
-1086969590
1571739067
-2137319917
456637080
158367347
1304634891
826058603
-1602711863
1095739873
1622417201
1151427614
548002413
2138511477
-1468064495
-560994348
-1176326227
1310245510
-1499345951
-2081560900
1020676339
655680401
-1412386037
-1636685665
-174069656
-1555514003
-875492777
-1156406990
1877912504
-1842750782
1127759177
-993314389
1127503896
-2136046404
1544929479
571416470
-333028727
-648323078
-1749934337
-838882072
672184413
2019124428
1624792455
-1801372332
-1871836166
2096539294
1775051205
1677165789
-1036932643
824680110
1567176592
-528991316
-664069662
-423236091
-637313513
-488885469
-1649667903
-1264268636
288325377
1430530097
-2028112421
-1973253124
-1894272043
-1087904025
1203274039
1415711395
-376062564
937136971
-840616506
147703621
-1602628923
132131692
-1978680338
-835580712
-1479153849
-420374858
1977245765
-883260909
-1460481268
18208391
27933341
435346976
1627847309
353774593
-1649884864
1093776527
-333685319
2080655137
1412746364
919571598
-1458687717
2029703952
-228471199
1241233239
-2023463622
594146233
-1614003512
1629723113
1800781891
-1170896741
-436823145
1601723898
1033858533
1811171551
-523096764
1433026091
-1368708740
771493037
1246486423
-1089478275
-1972672911
970512314
-236149069
-1478264317
1105664735
747731237
-468055978
732338905
1357189242
-1779051389
2055418207
-1009190572
541122476
1700800568
-49586288
-549614214
-1485702912
-32250616
-1739938923
-659765836
544170179
-1661342995
-1194705083
-349584959
-123666200
-182239446
1353851943
-702822162
1836692780
-1384607841
-185510346
-1796444285
-278694534
2039355231
-549243160
-1671553152
475611791
1996011647
-938476436
888535177
1797306593
-252027088
-968435405
-1341179107
584019389
-1423375856
1211406258
-1143098610
107379374
-367733828
524398181
352834861
-468657371
69695913
498012182
1238926404
-1858633642
-834708428
152648798
1855172936
-2107097249
-2077793289
-1963109268
863521487
1044053423
1044166749
972306437
648884159
657637285
-795257992
-15470901
1711151432
676232567
1580433169
-1423449663
690532371
2094522965
-1731227904
-76240626
1556693179
1144805837
-962433858
230978048
-1292254340
-1465970831
1029228600
331694420
-1062393047
-929512266
689963493
915576243
-788779165
746889502
-1702157798
282603136
1496843783
-1811455847
-117476964
-124519728
1827323880
997229608
-302413961
-849775431
791952573
543910083
-1858805747
-178721585
846064221
879782013
1271746929
915507691
-1628519639
532965861
1645408501
-1027800786
694960072
735543726
-29475327
-135247291
-1609813991
-172389743
-1430542810
1708970990
-1643729051
-1553606799
1990375026
-1135477575
-1208571948
-552246336
593399301
-1957243885
-773154526
-723966431
751986148
-1674549376
-483486062
-1095472818
-962706932
355016743
-35409886
1015631676
-422240310
1144124563
1091058431
900194940
-1716046519
-1900121417
1574415675
1676827108
1746409068
-1681332685
1956643004
-493915538
-331230498
-671342891
1553322359
1179517791
1956864358
936680289
2098178782
1651191979
162131071
-530375532
2015639703
194961303
1779029031
-1317608346
1043222125
-211267168
-1078626057
-1684658800
578091915
1087310235
1829577843
227501901
308616422
1751801629
1857331875
1893130595
-1246944517
633627676
1345347810
-1114696604
-2057109830
1918042326
-1858787851
1196171825
-1905825343
613181937
-458049698
1721084607
-960954931
575296739
-900530190
-115134179
-2120429715
117542547
1554811817
-2012525387
2057928696
-292956096
-1828688715
1742613201
790428352
176959138
-1035412011
1328030817
1320440199
1902894926
-1881197078
-1537119237
616590385
-2082402210
1297416394
1629231138
514424763
-1866359216
1921339731
-1651372598
1639874667
1591702574
-1918852925
701009691
-2041773239
-1179532817
172412743
-1869122955
-1932442931
1760605469
-169338415
1228817844
1926576857
1671534519
-773908178
101835188
454103016
-24413864
1346575959
242299415
-1496435320
451593880
-661422074
2144875845
-1196292091
1723626161
173125004
-1982564172
707513702
-362834075
1588140769
453940584
-2146610787
-506024161
346118652
-1496289091
1335136761
417320280
-565709467
1386759524
-291492898
850229564
1174724615
-414926678
1328513720
-696250740
-2094690742
-1096384512
317378861
872007877
-791147423
-796370249
1988008337
-1559896958
1150330335
614884362
559491487
-573750498
1567224464
-711327391
-1810881180
-306570083
-289907578
1854927060
2040483198
-113980468
-905481359
-1905116179
-1794050938
-1395380058
1766367540
611848882
691263434
-1569938184
1717572532
1487524577
1107906367
1895800648
1924526066
-687358083
584190133
-1538777101
-1119935909
300297353
-1488010676
-943829867
-657301410
2147099411
-1238517722
-1448157780
-1529663681
2025701747
-51070627
-1784069505
-259652565
1048828884
1313019959
1011982140
1526583691
-452550413
-783947368
1876035936
-1346071140
-38451418
535578551
-1980193189
-395985345
1958806944
-804221931
-507080590
1444574733
-2094408205
1034335401
-200432153
-498782546
2131753429
-1068537761
-67525032
23788650
479633702
2024951491
2135114340
-399599872
452070449
955887353
2089943444
-440790090
-1559652814
-1829467664
1400644215
-398349135
-877915113
486777815
1658968334
538651014
-756264054
-2008469297
-1638690966
1233829136
-250083793
635050209
-1006039917
1176464515
136027434
556468017
1424598444
-1719249983
1850333411
-1562199948
1166269780
-463643924
1168511245
-1814152033
-2083187378
1057173820
356284643
466296800
-1196935581
401318161
285467572
-1266241839
375157382
31232331
-898052702
-1297036821
-262961863
1340688345
282700966
399768632
1079580208
-330907248
-1520170
-93599412
273359411
225260349
-1885846806
-1758632331
6655560
665323517
440968188
1954960177
1141983504
695660747
-91510386
-662207265
-2110153103
-63448743
-1863851311
296425913
19964277
-1044720092
908790820
-682768638
-2091528079
132014018
464308698
-560695685
-1220520087
1852010366
683395904
-284571877
1046516914
370037030
260807133
2126931198
371377113
-870171102
748263675
-1817023331
-875105597
-1080879672
501479782
899501374
-515857131
-1221998865
867542387
-1228087634
1492306389
512573122
125200707
91987502
-1664948399
-857018155
1176427336
-741783894
266903871
1880575101
2011416840
-601868240
1074593061
-340806821
-1381684191
-1052417377
249497851
1917633850
719907724
-630216802
2130298894
1886197018
-1863717595
-1340151856
1430358566
-1431463028
-1329054870
-2059784379
698159339
-463046080
-126925949
880784691
558966660
-2045254436
-1550618751
331916005
-1735683968
-1518583026
947429610
-800205325
-770413063
1892802532
-481865867
540676530
434866166
-717243814
-2100408303
967398382
67704081
-1705096396
2062256172
-1258536746
-640685735
-2077862898
-206171856
-2090739145
1228484473
370478001
623415377
300479981
-828370919
-1619641433
-978139515
1619928981
-1886000253
1857692433
50699476
-1965944441
-930215542
-1580846409
2010984657
-139505405
45736870
-1869810080
-71260825
-1870235223
-513970845
1730854755
-1696089128
487183406
-126550276
579462269
1760721155
1285149772
805094979
-815093019
-1457562907
1461615098
1103356355
81276061
644932193
930681309
-776762841
164941835
-973376189
-1016264451
202698205
-1348590392
-643769214
-1214920772
283550454
2140223926
-2112953659
-857028605
1492964175
-1699364777
1210767144
666000061
-1347057931
1384616285
-932448193
-1462316920
-188960571
-1409587588
-498922662
-1718027863
586277203
1345641863
-355621878
-1177145023
-1103379443
-416212806
955768804
1237804990
-667694433
151687252
1511496324
1283580051
89565848
1068493161
-180855340
-2517205
2014089548
1982916085
-117468530
-1680834790
-1096404484
2036449844
142914814
-2034429035
1939477044
952537904
519148044
-1358566876
1310701684
2076015258
1014681721
-17351531
318546194
116900829
1367427689
1846713908
-1271849634
1455373936
-89064671
210260024
-1468956410
1283877227
1929020688
1015867775
-80068164
2132231261
579900435
-919255683
-2112623339
1570625883
-1528651788
-2035421582
-578414412
1946735708
119722803
-213748005
-1299795801
-603210812
1702697481
-285444566
-1104852976
380870206
989961641
132717752
-821538809
406342094
2141532104
915378938
961304767
2009161765
-1528927649
-669935629
1337180391
1215814711
1015973807
-1928129815
-1021872302
-978199285
1934702213
-1390637989
1424995033
1787808209
-415306049
-1325940175
97895552
1396646713
-354317810
1120193333
860776407
-2071423487
433267964
729382337
-214026846
1653875408
-1250194384
-1302065734
1298144443
-1020825790
2095102449
-10152516
-969931465
2135921731
1321412584
-349929578
1899626952
-1515651680
-1719207639
1422393336
-2065648799
-1232261413
1693925492
2045319531
632537887
-6848194
520152759
116644480
-308701593
-378589390
-1974012457
855034700
295543115
450248912
-2067117137
2105523731
442956593
-874369608
1597700440
-962037950
-311354954
-1388558302
1118425770
-466526046
-1839540785
-560642766
1901392387
1773648842
1044258609
-1504151921
-265145274
-1460140074
-247135757
-664762059
1757868326
-2132505003
1859576432
322493834
2106356644
576932743
-922545294
-2137797457
-1073416490
-1358584377
-1166267764
2001694489
1604135657
1681893446
-506874170
-253249441
800228968
-1144277767
-1030996609
47053908
-103356483
-1824333356
-1995857521
-1827983016
737037048
-2000587464
-1762240341
1278955
-934570033
2079471017
819073805
-217641086
1287506917
-1319993149
1869920596
-1425747810
-858847922
-869507730
1003676840
-1393417191
1066086738
-2115830448
1372534049
1718249410
-1975753871
302080387
1952459369
1370460204
-337176409
-1455286649
1739088543
-324155453
1764813553
-1916650630
1461281662
464612127
-905938673
1728137350
-728280642
-1433405796
-1177713014
-126728038
202783418
-1309034199
92575736
8026715
1938805842
-340565920
-1504604290
-1694200739
-1548036334
80982487
-338096747
-175183731
14374547
-502069835
1386256913
1980678898
-292176863
-2063640953
1356978527
-982982764
-601602147
-624887212
352670222
-992197701
300497573
-1823909650
163939984
315246172
-1135209999
595997579
751003456
-636832816
-859672321
197742995
1499553959
-1632503609
1699980274
1044227770
-1689613830
790268027
1002429367
1027622481
778024935
-547229144
-1379497879
309209
-853772400
-2086839878
-873892362
1917944025
1596077527
-250591288
-376926462
597358577
-1883760932
334234817
-147035637
1871689006
-1544404541
1020064612
459932877
-1484049506
1780196538
1116642933
1473008103
-291997657
-332827335
2036755885
659979453
167235988
-844107637
-1967114767
-1734604896
733480432
-817618802
-1722345273
-1676007380
354713879
-1112627018
901277445
-846199311
282024073
1192222551
-804947254
-1840660651
2031564929
2069215011
396672178
-971220807
1702268486
-1805107984
400640068
-1945175591
-538278976
2105126334
-1938037841
9444728
-1315594163
741566712
-1977139530
937137979
-2085936427
2051621626
135572711
-31419435
753756443
-829359149
1750454034
1984231268
-1915029418
-1839997365
-802496519
-636109286
726334207
1986841383
-291727292
160056095
-1309456404
-1138412373
-499393097
817533366
-228637026
-1545089441
-439307866
-477682530
-2055191338
1745351958
-1704652121
-1796032582
-881520275
-1605823701
1924121993
487919603
296743013
-205421299
1806580101
228056413
1887386682
-1100430850
-813958221
1075649432
-76658562
-296170217
-580293185
1442878584
-1455859292
1187459727
1950004188
-1277400856
1751696923
1547310396
210963959
-414006261
173315230
-1295904680
-1323298768
-920839005
2022910922
608825736
593194629
579053750
1307240176
379162394
-437170224
442885998
-989354964
-1900462450
-1807459341
1294427457
-1447911498
506965847
1348991312
-1302192559
-698601353
1185689058
1769762175
1970414356
-592692769
-856976681
-488647365
-1325112521
-305699083
-1610194274
-1537071204
-1140014401
1799652015
1149952292
-1277577077
-165290639
-844201597
-85058082
2086202993
-190899084
-1507520451
883637261
1578966833
-1364983244
1735834643
-19367100
1197066328
137482376
-1523775498
921027623
411211411
2134830358
1974731562
254852468
-102109088
113879030
1431057688
1230417223
1672542216
1857702037
319746658
-873682279
2002860236
1608418523
356151096
-859118839
-346590370
-1627208048
1333535465
-1465911073
1588215186
1267720955
574967997
-397558451
-1615959723
1532635340
-1633760767
-1528771849
-1696176419
146335803
1135492450
-133643084
457774626
-3417744
-1150244994
-116441962
-1029719156
910558501
-1202538312
-1180203225
545393645
-999550071
1183401035
449969909
997360561
946742631
1738083489
1018264657
1493990739
-2061263993
-174161691
-723909294
727235346
1286697044
-1143259178
965474848
-1988864028
889849790
-1541901346
1304379758
2080461739
-1447061151
1506434147
1444297032
429338278
-896493338
-170747813
-1039634418
-1747105751
-894975831
495191590
185690559
710931600
402629276
-2040247145
1706030459
332168817
-822877334
1666474323
1371985730
1884260112
839418847
-796221346
1505217025
731150871
-1416504186
-1486993166
-39969329
-1315174266
-1133629549
311260051
-492931469
-762650905
-1028918013
-190589601
-1449824727
368118470
-1291434751
1975116970
348594341
488489824
1523778699
1898525386
1842209368
1830455706
194295893
-1471410386
-64575503
-215755980
1478238701
-1842624587
631104038
824489278
-616297697
-362669508
-590884429
1310605770
-1944853606
682077049
-354707550
1337625826
-2135157549
1204983559
-1980201523
-1042903876
-341233623
-2086310719
-1890487391
-1244837588
-1306961079
1509961554
-97379548
-1325265319
-59662637
1527392268
1234092600
802068147
877067069
1980015609
772715552
1523933220
-722901001
316927535
2122731331
1879548037
1870471376
-1664279704
954051376
-508457645
496035223
745306833
-1918035230
-204019038
182849541
-603865054
-1180102844
-2041244335
-1693867046
1732000494
-913629705
266271870
934001989
265465659
1539190865
-1774535108
-342556280
711435093
1391468201
-1569727613
1508898267
520369887
101399505
-149932185
1284923537
1249957674
1631491299
-894085747
1282480249
-606837559
954460480
-865170470
1861936774
649567844
-1635868971
-1972102292
-1847763534
-1382816564
-1174456672
1883137229
-1683436258
1687268432
-1574238862
1734323045
1695985789
135016270
381695222
-646833103
-1420279117
1190475276
1105875185
-128775246
-1075243336
2131560392
-1256463157
-1744855257
-1619535166
-1166026483
1671818573
-906603267
502639011
-172274873
598614699
-1069277050
-67203473
-1234972262
951148229
765136105
-137093535
41619182
433038249
2067503961
1548569854
2118484302
1307805276
1415139465
-1330848133
563023474
549388762
1949705567
528620635
-1496103526
-1455163814
-1883779353
-154292132
-1178113380
791599317
133501322
1927203219
2081529408
1080973001
-1335323777
1710944213
1205450699
-1731530183
-329653632
1931815257
-1919573031
1921899001
1122279617
-1870702949
1044143215
-1819901401
51449117
-1744115582
-1306014128
-793591556
-655336814
1916556484
1218396047
1019573188
753044207
522644617
-913765531
1862529066
-1504526133
-1220740786
-1420048572
2024981945
1049771193
-1241889780
-531356372
734958495
1984526777
764242585
1752573756
1045821107
-1418060560
888579917
523597963
-701115464
1719905435
811134695
-1391853768
-482770461
357057089
-677082958
468908991
-495674982
-475157464
-661617437
-885241458
-1045140610
-1282756087
4896069
-1208052521
1709401003
450326790
1167854615
-1374905945
623435070
1894974171
1069122868
-1249066953
1765026327
1916789844
1591213428
1168091778
-1077292321
-1350840578
203136082
-1855355113
999707468
-1555105247
81900494
-472040144
230282915
-539363604
1273903764
-49953278
1437907070
-1094149134
-940293026
-495237290
-241906225
2078520277
-1669129066
-1988705448
-2017478108
-1149082816
-556275906
886075822
-2034838228
2128050714
95284244
-1318971956
-1577753479
791028727
1210445808
-1190664570
-1647170170
699182034
-1635827599
1963973350
-2091277316
2009810681
-1243392552
898658367
-1733937104
-1126687928
-2127614157
689782145
2123401712
-328141671
565431485
-253696049
1642693503
-735158918
1318677636
-309769138
1359782109
-1583149279
-1373147828
-1158941888
246998858
1020128412
1810693043
-2146033584
2097369357
-288096948
-941298283
282924079
1327346033
1882921619
393310129
-1036496033
-1294379760
674579660
1337092492
-1124530611
863822419
1528288123
1803795349
1477363365
452542008
-266799931
-190923895
-172266015
-184452778
-1189007326
1764528920
991738147
-1119483618
438689872
-875731767
-2004101563
1599328610
459069578
770857754
-121622995
-140787173
1508419833
-1582889494
228851813
842009958
-1600113045
-1966560741
-1717656598
-250594865
-578053822
1987078003
2080473411
1370330322
-2082768978
1279219906
-595453483
1004915102
-2067837154
378147402
-1250119563
-464936932
-422420237
-1504501158
-2074056897
1684154414
-1692518794
-992315333
-866195803
-1912154821
-1423118324
1619121488
-158932534
-17084949
-594226264
2082778232
-720237552
-801901521
-1089876352
-1862003785
1260671983
-460559997
295230979
1649257492
264468232
900436855
-42167287
-263281724
1068188537
-1350245269
-1069995444
-1496172921
387193458
1537141913
-1499342570
272453713
801540104
960722775
1179673915
737097261
-1976564663
389920925
2117278026
210327902
1457140112
-888189243
811900415
138328263
1508322329
-254993262
-758880773
-1670548340
558546647
-228507788
-939679562
617314296
2040631684
-318790136
185985204
-946250336
1107600378
1819216613
-1552146186
-102960695
910731969
631265173
-635226701
-489228538
-1778507544
1764406241
2025567303
-1291972315
-562027752
48416081
-438669717
-486344117
-1666357275
2049434354
-1828086617
-788502946
-1194858137
-18202279
2141533188
-2026162014
1907168265
-568763672
339370756
-1224872026
2103545504
-1118169009
153971158
1432644449
-1056378945
2111339861
-1746386491
1838903703
-1424821175
-385819176
-1022900238
-429288319
619514694
-601301230
-417046718
1309499308
387992314
-1175402211
237911449
-1982402784
-1196350669
1839852728
707057735
882988229
169304290
1050091851
-1670110270
-625840126
1920620269
1252564776
1824103061
1355684775
340148291
-2103133677
-1486995560
2041828876
32321328
-255639548
1502744417
-1492367494
-2047402510
1993965610
134780154
-1019327799
-2018904949
-695124429
-945973804
-554083255
550213592
218437066
-167507718
29201125
1988974050
-406777247
336645513
109545349
684802931
1406041904
1180030047
1330171572
1424973548
-1671548036
1255780625
-1992562557
1965657173
2115297052
1057146402
330091180
-514146634
1110514488
-829652878
-1195546375
-2124488028
-1443151020
1993364980
-834674714
1400266270
996891276
-2011989084
-365550203
-910083687
-336494304
-1004173641
-1524538207
253445720
1779547699
-1515492077
1514759718
-295447039
-1706286641
-248145663
96906431
617666413
-1143569620
-1745419232
-1080023359
831941823
373120818
-958493284
2096601671
1747537591
-833250501
1261633440
-1303498851
-403467960
1463889948
48592904
-828588575
-1179083417
-270204571
-1848301477
-728646169
1499362341
1313760488
-109403912
1073809245
1604292351
1433083512
1428167566
-139477969
1669984629
-832646158
-181438255
-110557652
-320520232
971849089
1735779690
1307478761
-404557976
136353308
-473408978
1579268581
1159259038
-1060630445
-1015845998
418470125
-1342698299
-824028341
-2120999842
1013510850
-1091183666
-540785657
-1709267039
703990776
-55009435
-854810904
3372516
-1060027872
1174675007
1249453430
-776883806
-138954455
1713701557
-2034604960
419049207
721648387
-1603343466
1420776897
2110560918
66563460
172635704
-1992137820
-1772870656
1543488143
-1416899120
95784650
1763186418
-923859341
1268960259
1858321834
-1562896354
2017472656
1993086652
584677304
-6096610
1831524927
-2009651392
1829212394
-1745725531
39780339
-1575864706
-881424009
-930841609
177533083
1142360747
-11950623
-1722733926
86134603
1235616270
1565328182
613244237
1806371610
990279448
-625333359
92084025
504328525
390123959
-1139609881
923912294
-1071202892
-1367877141
-976583681
-1488522128
2078788948
-991158376
-1015990846
-1256845191
-258484410
237865886
446111924
-1628058527
783372254
2074897958
-1629567806
-697812172
-424453618
-887316930
-1258262723
761171684
2032954124
-47022424
-16006874
-881829065
1448674354
-1117062161
-851126868
-430992382
769238822
1963775930
-1462842126
-373179753
1368483898
128111972
-936526060
1392111227
-2081373419
588487627
-1513727125
951506268
939955602
-898277273
1445050384
-1203597759
988505320
-838291553
1931482527
648160259
1622757642
1302783575
1387109181
-2010828037
1434802767
312881357
-415740197
-161630724
854908245
2080252581
-1235825221
9645699
794061091
815086657
721652018
-465331155
1103319949
-1320095402
-1798796368
-1653082264
844738524
-335084357
276040189
416883565
1667533741
-485995132
-1850850107
1322093421
-64055783
2011838799
1129152086
1052172042
-1400269546
481664989
1858930855
-689266168
1420774684
569818084
1310240667
-126385340
-1386823925
596860194
1445856135
1349824228
-230367157
-1492539467
824788977
-2101899313
1282289972
-720702295
1265371803
-1633700769
-1439640144
-1416910893
1441244863
-2056271275
579146783
2107248348
-1082771301
1973806605
1434214010
-790913632
-53426897
1999931634
1195723194
-156165192
-1705403836
-1130292429
1701648250
1173854037
-522310992
-64762698
377337307
-748342961
786688728
1160778060
-593405529
2128483965
-1354239626
1502358566
-1830611272
1158625862
1949393052
949059208
607525530
-211704200
517135097
1855360444
-1310495377
-1439533992
-1854437031
622785608
-23569133
1667810041
-434342798
-1585663390
172881536
-347849007
1084176092
1246859684
-1411108494
601099912
-1936241823
-669609989
366064205
-500221677
-864060553
-1665497627
770917950
1686427905
371798537
-506954789
1939111329
179024149
2009839229
-23502069
2088568994
893253140
-711093262
-1340332727
1617213990
-1563991586
-368660279
1425686599
1676301547
1280893891
1180555879
1519280132
-414742803
875987471
-670250696
1954917506
-1145129205
931741926
-1440620298
828096187
593856746
944251479
2114400554
1550610645
-1682359527
-1406626902
1267366387
307625364
1251492726
697818108
-1462093563
-652664049
957271503
566517774
-1294466316
-905167706
505020620
-539570343
-43995982
1938917427
526396683
-1092055452
-835778218
-1966077314
-853914996
-2092567974
-469352418
-2051946762
-1957861298
-446684714
186449591
1784757918
1262023226
-1094996223
-7140421
1722509893
-959909568
1483095775
-1555104390
1716167674
-1691768385
407818725
1580865788
-428723267
-1987298262
209813966
-357786298
-1506184327
-1811797017
-2113877842
-1539506468
-1174356431
-1974472582
771990855
1095292807
-1831231878
905245922
1157705882
1203146328
228519977
-1616271037
-798525247
1742404588
-553588404
-1183151420
1667544315
-1788965136
764690013
162612666
101132040
1504818407
-801974860
573265414
1835613623
-1638364374
418364989
-1076901446
-723202884
2068978736
-356033173
1154222594
-1868468793
1600105743
-581957524
-396767679
-1702928687
-516628670
-1522631522
-565273222
1486975416
1776396972
-841684160
-237534735
-168959730
-1370262563
-309687188
-1882598639
839327277
400212627
44363077
538720656
1018883214
242703490
442199404
1370051024
1106730586
-612054953
296787895
-1047555960
-734362047
477986042
1505002020
915951011
-1922370933
-1943322349
-1667383029
-1421207192
-2041297556
419397328
-849905261
619233242
-1125876069
-1447653404
587476838
216505953
234605093
-1307228718
1288563112
-2089209943
40495229
1891644010
-2090423516
657519049
-1529773096
-1054837612
874232264
-1252324696
-925169993
1094847820
-1198429869
-218149221
1353041861
-808189716
-1117495988
-1514435245
-587227422
1244842161
-1404537291
1341868278
215496575
-370550665
588045824
-1815004278
-1310280660
-1532937017
1802495938
-451326310
-1328711826
-1120365293
790935206
-993007341
997270997
153153087
-1558716381
1995814766
-1577765554
-837074589
-333480591
-1071295981
-1692295755
312056527
286679096
443704828
-182813010
-1839387313
-500605302
1082147737
-2071212363
-1848912465
2115562003
1412954099
-1611110542
-1726229887
-1415551345
308565011
-805502127
-853756899
-363334789
-402880860
-1051918254
-2108634904
-1300456177
-1353962537
725089309
-1468364327
-782882710
-726534266
-756769447
1828047673
-1750012145
-2103681636
962469437
-1720928855
-866812528
-1124213581
-833131418
-1359688855
483322248
1810419454
-1134562837
-73368106
1718358733
-979573400
-361538642
508958516
1735869414
1078898941
-1819348748
-763036499
-1469913670
-980164983
-1668526024
-279016294
492911242
-1025177474
1948951867
1153965312
-1110944735
2119189274
-164844449
797957724
654489929
-897202487
1107498805
650552995
400584321
1947884743
1289758292
834463875
-568109588
292647433
-678785940
-1186899217
-1638065525
-377818019
1460858522
-744221478
216275630
2039438799
-571435523
1508450625
-788003417
1920373327
-1908463992
1640091503
1762009281
1716286352
253783833
1133790076
952657776
-1899999438
-1276991798
38603542
645528265
727354146
-591615097
-1540441469
699307060
-1136249791
-872999455
-57682458
-746459297
1976718147
7484960
1052216000
-1561370763
2109287385
-1125757282
-435290695
-269417585
58313234
-348348590
-2015547232
217665130
-487423490
171251371
-1154759504
-1739532966
-231651948
1651882911
-1408557803
-1324508545
995685589
-866245374
759604653
754468405
1875446832
-624258533
905593362
151454672
-1129884376
496466035
-59627304
341636489
-1732149965
1248828144
488025875
1899525042
313964261
-1334051293
122341403
-1758885071
-491271858
1026444765
-615760494
1502441259
-13749857
718505992
-678370394
1541591550
-2055128301
-299499341
-905163373
-833201803
1782198540
737350510
-696400277
925213238
-197718149
207230423
1855885849
342525567
-2018683515
-1687199883
309923
-590898159
-1649090973
-1738048828
-1911624274
529145195
-30612343
-98839664
-529387961
2103751227
-632581367
-84183418
-649437473
-584463599
1347078458
-191908345
-467998825
-2094824363
581629076
216385599
-1036190530
-1458420613
565126366
1672196726
-2062726761
1874495860
1782824586
1256199589
-1828519073
-998401689
1421045599
1020899404
-1359566707
1426066081
-1113306792
-664491646
813625435
1402754761
1729177548
-1325336243
-978407803
-2138116777
328319694
1177453107
166113104
950827334
-427420458
-563564527
387633101
-1169535481
-1780484448
1245491242
-1759914402
520892345
1351619923
117610114
626773881
-456529257
-2058770714
-1200421780
1876095659
737308081
849510591
836248674
578245600
-436642593
1103852700
338824980
1980097761
364334577
-361293898
2073292227
720341789
2104763691
-280799197
75525582
-973255253
-707377936
-128154501
526473612
1224400783
359171260
-1537824322
-845190563
520686139
-988535977
1873046389
1855760379
239975513
-1442109369
266385942
-1272649451
1070579911
-1267537787
-1282208852
-2096281314
-1633132062
-1696226700
124517047
-688609439
1100315911
-2132974322
1500671824
1956938584
1503316567
-1735805344
2138551953
-1632449986
1443454137
-1296782024
-1163187149
1090152931
-298803676
-395087333
76307063
1518976190
1802259486
-173450372
2080683082
1610818376
-2022229889
-400287445
-362787421
56450695
589484666
-1735744757
292501039
917929960
-317735971
264232712
210721328
1740997202
923004567
-806014393
267980194
899932279
-415287685
-1279757922
715564447
879344748
-503905470
705422661
-237911037
1991011451
-231811370
1817072590
-1618527917
1704493368
548590541
2091141202
-897802022
442341585
1347301427
1492322284
1918966549
-1338797142
-1481666420
-1701778837
1268042320
2057698857
-670462184
1825966658
-2050427504
1498137549
1000207192
1207140291
1690629555
-2049015931
1833328081
-1859740788
-139833130
-989463233
-1309316081
952161345
-1143691274
979484862
-212363028
-1328260229
-1692902695
-1096571472
1064000785
1608551935
871171630
1210838271
-1470344259
-1327975630
-750829581
482888551
-496670779
2022883276
-1116260842
1396493640
1195003099
-279769140
-50850977
-296311876
-1481062126
2131053483
-1305063796
783691500
27693729
587328724
46221245
-847324769
1078511078
-1069345454
327079954
-1376740845
1609447342
1541582538
-1390561390
1339567120
-564779085
1155990700
447601998
1442863161
1483806565
1963085221
-1080279611
-878715740
-1718499091
-1656956841
-1371436150
1332005549
2097195630
2127089484
-116793821
-747147769
-1455148659
-2135308249
2016764724
1960579347
-258675917
-2008444388
-1685029411
-616811916
-1675869295
1173813153
-1937508257
1100283875
-200717724
-1251842203
935603205
1909598783
1433859961
-208160639
-923778239
-1371969817
1020506995
-1095533075
333511188
1560031820
3287244
-1916429004
1501069491
-1047877695
-186146535
-809886613
-1363450777
-1382317419
1465676433
1328307039
387228340
-1232429982
926368207
915942413
-1943713091
-1812955993
-1655432233
-1348501930
-928886554
527093140
411348054
-2142072077
-1362528069
1421265445
1512510509
1976822181
-1474266864
1505491314
-797629392
1804623537
-507527576
1094110020
-2109341654
-1797837941
-258183270
-40375829
1662545444
-1826308399
979081393
-39430834
-153332250
1093574522
-1552769004
-1363174590
1062614206
-789721265
150432230
-1301102305
1767868799
2093506713
633654703
-605572464
-1561101108
550646555
-977386949
-28423765
-1943582314
1411910722
-783817790
-2052242367
958540258
988249754
1689663560
-1608861066
572574671
712594564
365647430
468511379
1422693079
856388134
-494055030
-653562342
-269538988
-1116577118
1394348635
-579458022
1544496710
729416841
-907347232
2023267525
-922039469
-47183471
623181505
-346738113
1989287694
-1893057146
-414707442
1562245816
-206444677
1869990014
1986989152
1848430524
1421166803
1476124752
1603238205
-180443447
-423883645
-1728340666
1331877568
-1051011295
-239086470
-1677728239
-469153415
-144152350
-190660956
-759978243
49140881
-1797209773
-2021245775
-60438427
-867008206
370163839
-816765926
70359144
191698981
1548395528
-2043135388
-1747477540
1969443260
-259898572
-259210842
-140641662
-1526751247
772700235
1195952457
-783353221
1659238095
-513881307
-620148977
1591688955
-190695664
1813885182
1587690582
-1817395653
1180704519
-1793133172
-663131236
753050292
1438049728
732111187
-510107067
-1180857463
1039197284
-2076544713
1362025116
-1724981180
970584546
1462186835
-1219839465
-392877115
1386566860
-2050450168
437989342
-13979018
-517574786
-208376233
174634894
2095757251
2091223684
-1330186637
507774009
-842979639
323772733
-975811183
1082791857
476025421
968643771
-1427187709
-1728312827
-414334993
-333813523
-737384828
1871529292
597373598
284913664
1459914709
-1368180320
620390478
-1067644927
-494149752
632147309
1785052904
880692934
-1974888933
-1871704597
737752194
439709710
438908487
2101666792
-911509809
-796036633
375163802
-2059153205
1715729881
-834018480
2055493187
-513411116
1704127981
2107920670
-91232212
390854568
-1144283947
896640291
-1739522226
-1664526324
-47180212
-1189358709
46297407
1804767216
-1673434194
-1463911799
1825930255
1219946415
1755192047
1048270899
1921175637
1046461333
82049229
2013641387
-1457936252
1977803425
-41285047
-1716367746
-1667726974
1288584587
1895432530
-1253380272
343951483
1970188808
-914861885
1354522295
1884033521
45422155
249891728
1504576871
-70996457
-58732337
1884226363
-1854791024
386444895
477638739
653646220
2059341187
-1701400495
2032058406
82770304
1720216987
-1238302306
-1936581468
1550625665
-2124837798
-1219563147
1397754880
1625667799
352331218
1245799188
1558765379
1414484574
-1788257466
1567978913
26828691
1468149369
1770564624
1503221049
1950337976
1493111366
-1136977724
-1055618743
-865818148
-1613350382
1805046933
-293186531
542667154
-994552561
2033854711
-636356682
1475564057
2020542532
573730693
-513149985
93624544
1483091140
457066021
872976770
-1865188276
-691127006
-725851798
-48935113
-1658106183
661890595
1120575801
-1000602851
1661558207
1810755253
2016365486
-256653843
-1153236554
1820650272
-1746890176
1434516299
-1201757829
-430346373
-946027230
1407126367
-1367167373
1849832800
407361772
1001628068
-1769349937
-1583027997
-588701062
985040127
1793858577
-1767993153
-512856812
-1802085101
-635431985
1649264082
-49819953
-116131629
-636409673
38038987
-616440014
1215490648
-142455342
-733090527
-1321585637
-1120433164
-621402612
420611142
866404579
1628947078
1597585908
1105972252
890450880
-1685778161
-1271708225
869238183
744410475
260821381
-1619991662
1603350788
-1220464894
2116855527
-1155066368
-293003366
1471392302
-418218863
545683152
414381454
-379543672
752395985
-1152643580
-1976119684
32626488
1765406905
1725568278
18053475
-514244641
1236984630
956508804
-1415839777
816592822
-68292255
408336783
1827269790
1560790007
-1298975212
56990270
-662108916
1383488123
-943161664
-1604178519
968387153
255205796
763977598
-1460700557
1340626300
1950927484
-904172445
824642967
14344960
-1155241698
-1426836456
1259709287
1010934110
-1813057708
-1687433304
225107154
-1005005021
-1977340543
-1368908901
-48724763
-878922731
1897954753
140111428
2053253780
600039849
889748814
-1566122153
1386615481
1793992375
287864869
-1607502658
1966392923
-718466448
1366059752
-179648340
52216115
1048044175
54247174
-913441551
1277428844
1601902798
1360143640
-666431600
-1904111190
-205032549
1440821646
-1023941490
-2021322162
472595979
-2015584374
1888983308
-1585762569
893135630
403529227
841839512
587291467
398929892
-618280114
179963327
-1914430986
1514082767
852738672
-1969728794
-204538638
-1231447286
-1821155496
-1496706983
-1916410359
1788259065
1657773267
-1606462812
1020480407
-261384799
667693311
-816104415
-1362131564
780174937
447106029
838631634
-572430638
-1919624767
-1070588798
929682288
882419330
-797269261
574963613
317689795
1065803260
250138617
-1695253122
217921076
-129753410
-1998151298
-658671259
-530150240
421029045
-783652409
1996961657
1196783726
-866948933
-420428061
417242347
-558438941
1928370017
-1930376159
-1554362789
2025738420
868036589
-1922773310
-487354246
-1396653604
-753741914
-2019112465
1509560047
-715041104
-879170226
-1520792084
407022974
-82402000
1453590767
-1332793714
-1685076121
833720734
-1628335142
-605788950
-952925940
1493395796
-1762929428
1664604238
-699199531
-1270196526
1016155411
2066317941
-1053025193
1994949398
-1664131056
-1090149643
1101767347
-665094096
-824687235
311817724
1979184444
-223438571
-772241902
1464017467
-33176228
654099122
-1510962909
755667489
1493849783
-532518332
-753207700
