2136747084
-1231339376
-1090335514
-1661931503
-952721604
1789813100
-984087445
1124690143
-1643105207
-1187845900
1546589549
-2101273897
-1819976234
-719938529
-1393669466
1116529133
-1046121273
907589520
265646462
936410893
-1672914641
-218229700
1280101348
-47184034
644278862
-1596951985
1179700064
-2114812983
-2146465350
2114784848
-260707991
-814709572
2146901467
-129702782
98644211
-1343115734
1464092572
368264845
273108300
-418873386
-1656635554
326477662
-1932709336
111926737
1301548336
-883310262
-322785030
-498983615
1846939709
-303728007
-1780445308
-1714841245
481429893
-603051135
-1640434767
-544795438
-2001461809
1430989905
-1818085214
-1570608376
-512851234
1477036880
1246855430
-1566681563
215403490
1212617413
601594542
-1642050321
927402289
-113901447
69732192
-246825703
688172854
-870378598
-699711766
-2118900280
567965865
303060193
83525242
221632082
-1775126528
-37536521
580696364
296572232
250268709
428875028
-2128511515
1030599606
352037992
-1466110487
318760542
84299945
651607990
82815167
1514988419
-1379610384
1460368139
-1142255904
-1174832387
-319271129
884294437
1379599157
1430178317
-2031548431
-966447751
-1918248400
54976923
-35125628
-1434665878
1623606252
1182715790
101619049
1269899960
-128797551
-789616290
-1115850876
-1461708234
1995271933
-557863962
-2023215790
-1949861441
115643808
-1629698946
1245235826
2110502506
-1631591001
1559304009
-354607258
336118780
285769820
412407499
1763064730
-1079244642
1434019532
1899495613
1991216036
-1806870577
-548828247
636408868
-971827252
115878043
-471163022
155653279
1610917583
-1804240115
-1381631280
-186798335
-593114912
1245323489
406014787
-1814981857
1837174511
182738301
-1459952131
1873401578
-847580628
231674146
57664781
-2045610305
-1133826098
-663755938
-770936128
1614038781
-16147184
-396812091
1346168643
-1818105128
-1929005189
1972322272
120364173
974972012
-959416982
1551712612
-1053713285
370348564
521411275
198336422
1405259068
652619005
-2125588958
-1471758002
1756659694
-1760289547
331033043
-840162486
-1959492215
2020619656
1862690208
-141906426
902508028
1292546125
2117055599
-1613141543
-1560914539
392493181
1697055312
1499793090
-2084051803
-1620665404
-924500289
133098323
901670243
-596642725
-526598363
-197542164
1962316816
1965350998
-651246172
-254287060
404966748
73079354
1387016212
920883365
44793608
624756434
1736676167
-70284594
-316408117
409668674
-1906358636
821731133
-682267782
1576191580
1457136531
27223061
928808034
-1248547790
374996517
-815994436
963994360
1027996395
-238348106
-399748143
2045321908
-1771701798
-1427629883
1969392989
-2002910407
570092492
1483620260
563907655
-1707441992
616317344
-531240068
1315428365
266100374
1911874077
371434644
23087025
-631521203
-1583244545
-1243202862
-1097389328
992767119
-1344467117
-893732991
-1834528071
1903009456
-1561610492
502736724
-1927500579
-1881470396
-1085291596
245989546
-1022531838
-27790073
1064697552
673720851
-1121071907
569871101
604632286
1044768018
-2088282721
-822882086
-1005518312
110305572
-1903258448
-1556686685
1573983294
-1540162816
-119864934
1009786004
880883112
2003463201
-914437305
-1846926268
1074738586
-1888194943
-198432145
703780870
757531099
881727654
1295574859
-2132072813
1230865800
1037694433
-1285028210
263774437
-215342811
-353755435
-747843179
-341839771
-1938354188
666162742
1486466524
-852079801
-1572712822
-475025966
-27232332
-1955050699
-1320298850
638154709
-1636740046
-193377750
1886864420
-105150392
312487530
-1366906464
-230934630
548342490
260592605
558999534
-244184672
-1380224797
812180527
-1592350742
-1098079282
1846492069
1831602204
1811861205
473535169
736405204
2083922861
-698147720
-657349257
-763889832
28932006
57041290
-1753960996
-565349808
1763567170
516798548
1556625060
422658138
1372835617
-2125110377
2039169627
-1220820719
1122252417
-465946707
364799929
-1781984554
-16798804
-1718750739
994107195
-1225076013
686858929
393159251
-206023186
2017941821
-1251134122
1520667488
346200461
1359607256
-426803380
865999935
986542542
-1019481920
-1376056924
1441261865
1566718712
1018581861
2015951233
2138424841
1031280057
-556220969
-1531185649
-1444255902
-755449803
-311309245
-1739064909
2103389552
265383010
948555964
596214404
424410509
-668325998
1735976255
1661654521
1321782742
-1493981359
448633329
-1486009374
233424654
-624652432
1704575914
-132655972
-1465835327
1157399905
-321966410
1995124351
-1499456596
229942469
-852608551
166690459
-647840164
-412473021
1464114579
-160022364
-1272432620
-1899404901
1033560998
1884733994
1263799795
-1429454854
1557353173
-409297652
-674073002
-524215409
551899885
710075694
-539195781
-1140623523
1423740168
1185283433
-853600666
1534714451
53693456
-1246672957
2064744199
2089370777
-665591422
1775838431
1165465244
-715182548
524620404
1171584694
417107796
-193332564
507629784
-1670636921
-1551197131
1382997620
-29571838
783552012
-815955906
-1973735189
-111907993
-1360055314
1376545743
-160462823
-1052456281
-869340295
879348809
1037597053
-1540356660
-573378669
1742598641
-785247204
736579284
1227567338
-1236553703
1341155293
-831390356
-31416468
-908305535
1559801364
-836186626
-316893444
-1708995846
1481369436
-392721171
397271906
14368332
-1336081751
-1112034785
31821698
2089307993
1153032604
-2126860101
1934947280
-2004135551
1984941593
633536307
-147212285
1666761544
-1526123242
-1571349628
-1426342904
1917826614
-1207190859
-1790308420
602676281
-1446686466
-222626923
-2121712964
2020852942
-716976158
1712688997
1542938943
1758677139
1376692053
960962745
-2105980134
-679678245
-1426871071
1453567520
1977118917
70069427
-1836357046
-1595062155
2128903449
-1904935589
1720254196
554099317
2122622811
397200881
-975424639
-481557102
-2081019528
1484648559
-898718786
-689012730
-461023598
-1097086505
1081025215
-1640472534
-1193077317
-1155190868
1051508040
497144071
504415487
347711652
-273351058
-829445075
-285685593
148210842
813652605
-1836526397
-261469508
969080777
296346652
2046668767
1871900362
815654199
-773214289
-1214362089
-210141723
818570350
-980186884
-1276044712
-123154704
-1021899151
-431497456
-576380427
1533701916
1976380910
-1323890077
-1221047805
2095369903
57798319
656494906
-1556412957
-1167526394
1194199126
1997033036
-1023384801
678954716
-218570679
851287464
-1457357190
-590803508
-335587606
1200944085
-953108927
1612441620
76395531
-465697990
224275943
439239067
-1287166303
1672270784
-1319340336
-336335051
-1930523721
1799188661
402092652
1988372772
61370532
130683123
1489289608
1145137633
332104832
2000231745
1166693600
-1244007139
-1776915245
-730154760
-1658522888
35343106
1626812815
1363390697
-2064595157
376638397
-511396800
1968043134
1229147652
-895742144
-2143558015
-859505378
245838540
-1130449596
-793414735
-116996138
-1350569373
-1489522291
-39857689
-1907866315
-1245423789
-64432015
378859042
137782134
-1008983263
-1574195302
1260513220
1167791844
-207718170
-1820997878
-657813695
-375389062
-1405887201
-1438966177
-1741054957
515814089
947379904
-1667556776
-211169807
235431198
1554234766
891866775
1654877503
-613546781
1020043694
1896325032
-873668921
-1353532091
-615171976
-727613119
-1354482007
-1120260841
672909968
-57912117
-2065484144
-385002763
875241271
-175625184
690848550
-1501587540
1665515742
81294486
1727913161
-1831888167
-100108548
1305890364
1544304510
-1632262705
-707131104
-1162177693
2137230885
252438718
1890295625
293753952
-561206034
886760976
518935413
-2101818481
-965300469
859222038
525846647
-484569703
-2005064793
285203683
324590093
1121057274
-1653141994
1751471224
-1715029455
-1726009411
-1078381235
1681022241
1818759087
-1418065270
346650259
633768477
-1038292489
1560538082
2116554616
-867471228
460430900
-501001048
921637638
-258587035
-1546002019
1573229282
-229147082
-1352544210
668120330
-1410922559
-1963548763
527384656
1291777481
1263225310
-2088909177
149089570
1446750130
-1222727738
359754971
-1189347066
-1209643912
349097656
-1863560992
546605258
425778241
-352282196
1794519495
-381057968
-310103175
-261796713
2084381609
-1442783888
1969949155
-1265516563
-881086790
-1346541284
84723440
-2044837785
1824861631
1494177476
-1866414252
545138438
-728424515
-1594772996
-1959270443
896167254
-1038786318
248240732
-1509725851
833274359
316309257
-919071321
681411187
-809705127
1519688840
1604231215
-329698947
1284650694
-1641638004
96919415
333718761
-812119643
-1434687560
1517722394
-731984875
-1078019332
-141236373
1901158378
-105126484
125359926
516062256
648573275
-1453711557
1777532966
-1821814150
-737284830
-1981834749
5370699
1857626256
1149502745
1065904400
1054093397
-733240122
1632334693
-980001654
-1014430745
1315984109
-85816103
-643715510
-215549282
-1065294580
1861784989
-2123406416
-1733820334
1797374799
-1037091830
-655656781
1777446811
1695315775
1035886040
1228023864
1395955095
-1171153357
1269595003
477423016
-1810534935
-1377628410
1519418825
-96674884
694131460
-359782647
435663327
760611994
1412456104
1972990523
-1663754427
-171233499
-1333881172
930620087
2114821200
1997309328
-1596259842
-1304884371
1183204552
-1042323148
-2004790808
-218230252
844183241
-732973148
-1886221420
-266056609
1441708526
1288162557
1943371217
-575390610
-1151912789
-1443506303
719474455
-1087053689
-1427860486
-864399257
359294920
-931952123
746064185
-1564168724
-157401928
1367191439
1000555090
1614848685
1388756463
204025485
-328564708
-532185544
-851415635
1314566104
933703424
812548831
1684169646
453059504
-1670847009
503596240
1371259054
-944207630
-1590890701
-987994526
-222931410
-847940726
1386397811
-710261327
-1990883720
1388185126
-1741290564
-1306497172
984916193
353129259
-285403219
-334238996
1364737614
-2143201044
1278552466
-2084588663
412770808
1842285849
1868778947
-801770711
1286693491
1421028213
1271151182
215077401
72212203
-1094468661
-819296301
1045819423
-1781775183
-362183902
-1274700625
-732898609
2126162165
1492374575
726247005
186783005
-113509675
477393674
-1819065064
1703904307
735957398
1808367652
-1687695933
1938052485
-1106879696
-211378568
-1357036019
-1282428383
-646697201
-1798452991
1845722832
1867174731
144836888
-1866757269
-1206259526
-1791800248
-25382679
672240141
1010057006
1845468538
-1241935515
-2134522603
-265714324
-1656658771
-738147217
1842045700
-1748446738
-1232486737
604346100
-1370567075
638546965
913944101
64276783
1492386456
-322699259
1534172060
-1110438105
-1370299299
-211604276
-114277666
239244668
703324398
-1921388343
1457693062
1223855715
-1115516700
609910859
-1523860778
-204469521
124998173
-959442312
-356236088
-488528751
-1804333836
1028624495
129995362
1687403234
-679503693
1214354097
-763080882
1419200927
716075845
602165436
1532813481
-1295410445
-2001289169
579495672
762085147
-479307268
-1678196031
199595735
1527995943
177850760
-1935915128
446358838
1235055811
239149854
-1500073722
-363873527
1505540907
-45915579
2042141604
464907320
-1593249295
-1239613440
-1537389337
-619263805
701253208
1109222039
-1404739102
421239851
1795516387
169674140
1942581483
412368660
-2013469912
-1407214036
1126732433
-857563354
508876265
775798645
-2122185267
1572626741
139939940
-1226456199
105407350
1549926817
548993001
-46400495
99620090
-830662914
977977005
-1168216013
-1702755766
298687222
-1435581218
1976609143
-1781093610
-873964178
-707676425
-929540650
-422764742
147260903
-1792328364
1541128629
1477741175
1812743974
1222463753
1969188385
-1252636827
-505075433
1735625198
1448101724
-1913016920
-1483043602
-377439746
1268531096
1788481378
1333022607
1852467681
1525895682
-1629840920
-1312707024
1721174726
-2136526335
600509879
-1812934341
560787830
-1992283457
-2100592216
1490657656
-841126234
-1979583768
-1391680157
-654423189
1545115788
-1375504208
1001207569
-1060760326
-1547986508
-1775703525
-2025021355
-1679988397
882153747
-1988133512
116780668
1110458124
372543324
-1922122195
-1530553870
1252146315
1429773714
-1708432966
366989559
-1141227865
1236908253
739502327
-1703659117
-1817369201
-907362399
-1637903968
-454598969
781061098
467291085
-83076077
-1006027516
-685224897
583980656
931211607
-1094475296
183105687
2097741969
1764046176
1059214087
-1601460127
-1491004097
427717008
-1841155985
965525652
-1343088410
175932289
-1311521329
208247322
341178852
-106009599
95485777
2141399660
1377547867
276634205
-2016610938
-2063199623
249137992
6647778
-1648360295
-1827063860
248152276
1624274848
-1331584313
1316637677
-83367958
-657402255
-519788018
-529471994
1113890057
1308145465
-251524828
-244903223
1849238618
-1695828114
-1668739158
-1082098031
-1580403964
-662399014
-2014590559
-1317560889
-923108929
-1281444449
-787407332
-1770358906
779142311
-1945137284
1075684663
-482937214
-724646830
-1621304498
1543465287
887153701
1560384548
2139090904
89655122
586805754
1896894945
-1009809722
570680001
-2109311666
1511348867
-1137370386
-1137418156
618641684
1942880333
-178034983
1560173653
1996425737
-987296225
1410844546
1788694544
338354456
-457331700
1036552029
-1312892287
924962815
263289129
-1161931366
-1238261681
1047860273
-1583485273
1219980714
-577915143
310309886
-346136540
-1978191103
1562120014
360663536
1285631293
1955415326
514167586
510321272
-679217049
-1219801144
-1792415170
1755353034
515634943
-460252263
-167175528
411113476
-345330018
1623892672
740980675
353722773
-655313998
452210177
-2074176088
1136689628
1880440138
-894124544
-605998474
1387368975
-1728929232
-1864416065
-1900327978
-73175458
-1182461124
-753962139
-2095787165
817283927
-960878873
2065637441
730379865
-887812724
-189461986
595429645
-595252085
-858689678
-1444648360
1782707574
854426266
-278494837
1287941354
-1436058149
-607005853
1283358919
1995982745
-1120404907
-781949767
1369800487
-552841616
1908956663
261856084
-1487177052
-840267052
-305593770
107657736
720797262
1931030485
-1106204853
1198186553
-551341641
-1266974778
-1770968329
1819343758
-1160480111
-792529137
2077310471
1126473956
1482232981
273141824
-1317627848
1651966085
-1336392794
-606259862
1730179357
1628989849
-1528495050
-2052672854
-112574177
-1828843301
703159784
1379515909
65736389
384896656
941735031
1773103227
-2105160650
-549795915
2029679317
636980310
1923320059
-2129512841
706727063
654314690
-1609008120
-391068184
699617679
-212338014
1761683964
2066527471
1713315770
236958368
-495637593
-828230529
682262364
-23836538
448878797
-2079083254
1585517929
194368460
-1965860055
939333432
1125144615
2070770033
-1432556108
639415252
-1498076656
655429390
466963494
1840279302
-1477591300
-1653583065
-807168324
-1131132217
-1579012225
3618500
-920310212
479407248
-2091360625
354952255
-1183888330
907135572
-884075158
-1225216160
1742429067
1363604145
1186888118
733559462
-622734029
-491543455
-70893079
-830399001
700425530
1673570550
-1280554006
-1549917669
1029594123
1955505862
1972009464
-1558223245
-575164432
-748626397
1219295691
-494861648
556864216
400164303
1853643256
-54592845
-1477156773
-2017068370
1109987737
-1385474225
974579707
-274581827
1184194092
550271078
615536557
-2050866366
-77292613
-305793997
-1810412905
1393334853
-1763345603
-2019584029
-1332641767
-350246082
503233340
-1964810901
992083729
-562694385
-878950729
46426773
570403163
-283412684
-1198203319
1628335450
333644694
-889863112
165588874
-1296176777
-1761462995
-1195135126
124485300
-1000912070
-260143979
101729232
-1200929143
-1541680228
460772307
396386908
1950249588
-895962732
-802758335
849440093
542054126
1291705513
-743223152
-1907181768
345689123
-848329527
1690222608
323659863
1093471956
1834888025
132410926
-1441542048
-1201386626
840874381
1845048126
-571648342
584710076
96282616
-457452677
1430093292
1818779113
-1969648794
900328779
-1627640009
-1538326775
822647529
104794054
-1371095003
790671081
-1876032719
2100790649
581789778
104124036
-1344791775
-372670618
-270657013
2013743271
1300876702
2019675215
-782781883
898184408
-598160215
882096179
571192273
471745652
185819567
97398808
-1954283060
690052631
-1887277281
1414620683
-1618653861
210570047
902919997
839659877
-646042984
2064292915
963623989
1605939023
-174194489
1718953505
-2040869517
906225543
-1318172212
-989085818
267654705
1157921123
1216074977
1298177746
579354961
-1912564458
-1371209597
768147275
-1077377428
1153680689
813506477
334229552
1373844522
2060012653
-788234680
38564386
2112490451
1871190951
-117983007
1217234623
-1576386010
981050411
-852468836
771036816
-1341965975
1564805684
1136393320
1453117732
92686529
-1962116173
1886274675
-519148676
-1543822141
-1653428401
1476762848
-1912938327
-1932935862
-1798647891
-324963657
-1131243340
-133978998
1866815216
-825997795
-1912694339
-699116699
789618307
-1425344316
1742284646
1707138813
697050901
-513405020
1116107889
942994313
-1910907675
-700916758
-1959507289
-1671157652
1510530111
1536016176
-598618885
-228327037
-859211195
-137494801
-927025169
-1227607618
206738930
324983601
1879295031
1857024754
1906079068
-563290998
1927024539
-1539537172
-661277896
-683045560
829534241
-1338624568
37421219
2135888361
1848497514
-1969332860
1388494623
-209693491
-1826677668
-1717410097
-178669861
-1370244820
-486606591
-1002654937
855534902
-863925943
-334931282
-1632774110
-690167930
1452184551
543682151
-1711424502
409249300
-1889620740
-1473993855
-895916113
1047511915
1419904420
1504532105
1176215929
393257938
-1549037736
1915536996
-1029986884
1291981077
862838367
-1264896073
465473616
1570512523
1581203332
933980808
-1870836897
-1042460331
-757271288
1977533989
-379971712
336038115
1865469658
1649794884
-1898053371
1547987900
1876660741
-157238165
-857221488
1396530301
-1464212631
606370962
-975473428
718224162
-1681872467
1960985606
-1168540647
1784837764
132717171
1036358543
1679081896
-1644940766
1890838221
-1101107755
-438561719
-194673629
1531853552
961408767
-985389918
-1351479397
-1210415833
737295004
482781025
905936653
2131376138
-1387732026
-1528232812
881566512
-984286225
1640838020
-649189321
127351286
-387120225
-1098256016
-1329838066
2101846473
-2057865140
-823356775
-2041007435
509213975
713765058
-1050545494
-1410794507
-1222211056
-1796790307
-190645429
-100001192
-535088466
578119226
-1927684666
-1186772482
637573365
1208374065
355386094
-1495021391
231547772
-788815614
-824896196
804765495
704499243
777603149
111200570
1687284712
2024063813
673597127
1799178275
-1821580673
903479464
-24242901
-1919557429
-88083148
-1506112173
-1177614227
-929439044
-464446711
1290208041
-804187595
-779827295
-913414300
-1069911820
-637299573
-1389031704
-2045843747
1551816875
836254926
849522594
75756889
1819594231
-1491330582
942687404
1629577559
-925370125
-61906487
127948564
-166465399
845316403
1815058953
1563060916
-1073538650
-781343480
-1280370704
-1883131613
-1424750722
-479330047
-36697188
895059662
-1582220978
91114419
-280458626
-1273880991
918246485
328436157
70798601
1794768491
-503514457
-589169146
-2121264219
146224448
2030353216
271211080
-1588205846
-30054623
-1524273317
-1350896686
200320778
-576447846
-225535740
-353828727
-2074567027
-1528633557
-378300692
-1371398097
1085410372
338651690
-1169047172
527873511
1202837623
281224679
-19741396
965858808
1417406816
-582111472
449433108
303811537
-374486307
2048511063
-375433022
-384795572
138386784
2054319185
-1251427250
644032566
1259372585
-423193183
1663418796
-543337713
1133701815
-1722174123
1282399297
1958662669
-496981637
-935334001
1066129336
-1855895706
1858433486
-381921688
2089291541
914460111
1036665125
-1257166064
2115928329
-160049089
-1690633341
372280633
-1061988984
-675313160
-2134704850
884882613
775792792
1087638215
265589669
1840861533
342994540
1055398793
-975531568
-819000011
-1604287311
-1870827791
-26053767
231091405
1764967718
1110084233
811647995
-754689559
267136370
-854510602
-19350472
-1515871132
-311300047
1928851071
-2067051568
-1871174320
265716559
-1069593392
1786839438
2125213794
-720633959
1614027514
1376093990
413906829
-1991285359
-926178115
-601709539
-1198406420
-340108415
803707914
286522376
-343593244
149567698
34825154
-453248008
1674046089
-1145310563
-108739900
599108404
1618911296
1812053378
-2008661210
-2128194776
1783260838
2081454264
-1710112319
1173172894
17352624
-1118816667
-1782189582
-209801173
95187987
1255961904
-741746273
-644104213
2103658726
888528659
-1839363720
2028826736
-681276540
1909498229
1795659135
1855443703
1594654647
-580406665
-784133687
-1307135268
-1768375278
-1817274482
-1702226043
216649807
506126493
1409319249
-1491790275
-1178758584
-1393716297
-1421553517
-1452837540
303588279
-913184456
2033080500
-1253684753
-1654378496
169449429
-1250168012
-1522654033
-441535834
54829256
-1451870072
-995541953
1425182277
-331395664
-1185975760
1131902897
1684430533
-1382569803
1170741769
1292770638
1701722828
1498403567
-1580500257
-1263720042
-1533061004
1196743944
-421706170
-735800699
302827838
-1946679777
124400553
-981206249
-1576042171
-1618836241
-1801782109
-1575773426
1579883958
-1529200848
-1754641779
9264882
1909726847
1001395005
-1078761129
-428243879
703825734
-2028562442
1090048923
-1526581656
-615572580
-2048231705
-1996559377
1288040089
1656531570
-446446423
-1320650886
778608062
-1787159349
-1715864696
390573513
723509573
-1754580045
725253221
-252710429
-646526788
-208051857
1372305886
1501661338
-347476073
1080068597
466973099
640278563
180678449
2138601118
170432586
-1733804823
154561808
-1312827111
-1224221986
-1731207267
-1138734739
-627394142
1696324436
-1447167855
121483762
-32207756
841779911
371915846
496049349
1124706940
1126909477
1705258307
69758917
111354190
-1716545262
-1141674200
1734727698
1135283804
146983692
1237890818
864032210
-1779500700
-34301233
52014303
1926578226
1799938602
1047907322
-907980123
1423394219
-1472268953
-459576590
-1674394593
252292230
1622482177
-1829246203
-399547304
1794922401
-181739653
358974162
1352797228
816272243
1303593646
1211067113
520490523
1615327052
1685824953
-1069686098
-1529207968
169846497
1704052277
520298370
-2087938495
-109469688
1474847917
1747290659
1766800808
-748437313
1067269196
-406458797
1324817907
1960092018
-1703263784
-184123209
-1057701113
-2016944259
-656974369
-144580862
-1464883285
2003735534
1436620335
-860918190
1700806162
690614928
1402722954
-475743271
-1591120455
1994544420
-1555896166
-646331456
434870899
665663217
-149095646
324026951
-900167487
-1579621249
860895350
-212045008
1349563239
1704780702
-2082335700
-523246755
-1073224133
1713002413
44505108
913127607
-76008896
-280500712
-1380857756
1219892306
1065848562
387505954
1347360567
1880257230
1794489571
-421024028
1855068984
1600335616
594361734
-467150188
-715653734
-228095280
-638880694
1424231946
-238529717
326623844
-1251916566
1104215424
-1025157784
-879366787
76464899
-2063196263
151170290
351613729
1295107814
637109156
825279938
-1792765062
-1211597905
1500268577
2031475898
321653758
564542102
-87460477
2039299389
-847242801
-869644412
-2075049673
-285711904
-438411677
-2066922775
-125371164
1823796321
-197301657
1739809996
-369609228
417704151
-1607216416
-2101422813
-1428698797
1978404907
1876489363
-1291930268
-2075136137
852688326
-26998361
-15945893
-1038449505
-2101179253
-1712032376
1739857214
35590494
1352683271
423127821
-94691586
-171288742
-159492377
760565980
-1084804897
63661649
-743522390
-859338739
-1629743286
-1457619619
125350039
-1222280947
1389179873
1208892536
-993588752
-905180476
262576084
928508481
-1544015514
-1690769414
1815373682
1395118591
1048162768
-583452938
-1138466046
1232010726
1666294295
-1319524504
635873492
459526553
-1352464523
-1930495352
638583954
1527990512
391751390
2145151358
1925275611
234938106
2130508221
-659583484
-1648547823
-1590730427
1232157155
-1644187319
-720585358
1338848092
-1964459844
-2026330856
1973763941
-664615280
1303836099
-690517191
446450198
1963608571
98183223
664940311
-1821214396
505665217
-1641598962
1002952098
-301808551
208247961
2089755178
-1570461834
302188474
-612642165
-558570550
1942952252
1844662112
1093955579
679250243
-106367408
-585189721
-191958555
1118137326
992211364
1160376678
-1997492119
1125854052
-1568415517
-858205633
-463304566
179899880
887555545
-294297033
-921379278
-1073843164
-1291908591
-875012728
680737401
2062177304
-420769601
-373544523
-1583543770
-1356927153
-82738464
16816351
1693270133
-171034541
-170362465
-1474884009
-1852644838
-1945986206
15330042
-902571916
-216482683
-488694175
2116287653
-564472923
2061159784
-374535152
-1020518098
-1825920311
650911349
-1539531138
-1263803551
-1096070979
-1562896020
1048665279
369394669
949571382
1798740052
665460701
-806597305
1391568593
-1380305400
243266315
1781711310
-1256358808
-2104188172
-1915337952
-1726543825
-749715545
981795360
1435111747
-814859766
1252947678
-1658809746
-97182494
-359827243
1559067672
-1239013345
-560645913
231075072
948533099
-1328465253
-587775955
-813755558
-558880111
-1272345999
670588208
-1008862030
1389650359
2006492059
-270034684
-290561087
1791434133
-1679900665
-1875057272
-1842561721
2121321150
-1105932718
-1371924773
1755227763
1561729592
-1056857898
-904036339
2107200903
683233103
954501350
1184179993
1470886076
-270395739
255320664
27051027
-568463518
1344486030
-351120573
-438304867
-1362106037
-380188518
1207288841
-1352817505
1615820905
-1744929678
1145525143
-1063274186
1242894518
96437223
1922812907
-760761620
-622005677
785248328
-2118624554
1877817898
-1577412108
-1551013645
-2032168190
767635690
-69708934
66188078
-1996555977
239988912
-1186278687
-8068297
-1982750247
730395578
437974875
-425768295
1750114997
-434826
-1960436547
11302848
1309826300
1215960627
-858284262
-1386456369
-473570418
2035641883
1967420589
752280497
-938999428
881032032
1095500283
1920904558
-73161528
-1514952778
-659583943
-538801473
1864872302
1717379328
-1404834326
1197656035
601391271
-946265779
1903653324
1225274803
1973653612
-2075835899
-1650460684
2102940148
-115333320
-887402913
-1272723144
47390956
-1206915054
-649115370
1859239116
-931361737
-1669410102
-1977902757
-706505681
1402755802
651267202
162435852
2138026311
234690200
-2113483664
1902890534
45976266
1168339588
325507297
1537671544
1967293152
-1535310121
1813643392
1294292121
-1421671418
-820087293
1004428247
906845468
1064175669
714493703
-2137414890
-1044563199
-1048089021
870007045
-1492378605
-394164114
781697416
-592350191
-508173166
1587482782
861820867
-1555293365
1682971845
1825341976
237824319
-2136107985
-128993771
1180209188
-299759823
-686184661
167766563
-1811138694
-852880284
-1827488399
-1440834039
530586172
1048880151
529801230
1573205476
-40425689
-284794075
1590203451
168598678
1639972868
1831726950
-593630989
-360479800
1220662115
-1348189867
227232197
-1384505299
372284811
254249970
-622236949
1737942542
770704556
2137634537
-1936137574
-1252259327
-664058794
-1621502220
1856258971
-1115829765
-1902388178
1055017085
1448135961
-966409591
876606942
-1667542906
1844036541
608162906
389854797
1804363725
-826292233
-1615766016
-2110263792
-1777036246
1586937246
1344523767
-1053303521
1102345276
-430827332
-1147678491
147783115
1174069572
1146659746
-511270877
1581583087
-1317057712
589697601
1789604988
2022552933
417543067
2098329276
1424318771
1508949180
-410621645
112782136
621091658
-800170201
1177545692
49153270
-2140376831
153506999
329750836
48751780
1650128284
1446431180
-329578473
1019082735
1151182185
854330569
183121476
-696270756
629835265
-1724849402
2048846912
1048130392
1977583309
-121980662
1536949114
919897997
-1936693812
1575756281
197114543
-50658442
755473554
-400860597
1829201039
555458869
572168595
-240008770
1240939681
-2124964956
-1657681503
-898334579
1315282531
193083561
1646867891
-1667904542
-968533324
-1721604915
1165408487
-1154384504
-353499274
1933177871
-546368823
-741412124
-962124433
-599811082
-715957803
665675557
1931821167
-235537691
-1151036870
1547648186
-252285512
454770866
1658023136
-1618220540
-305279847
445795448
-1354861908
-998802099
1282665820
2136953772
-1580130302
-949359625
219955809
-639670674
-1204112245
2092933368
-1640104054
-1459395295
-1545880777
1393557125
-1760490534
-36947139
-1779069307
1525532429
1001777496
416248675
1217879297
-1483693720
-367413447
-764905295
-1380421106
-2028590000
202748477
330045783
-290994459
-1459858161
1767626584
2037980778
-1846206499
-1520573062
-1732735851
-178647816
628636140
1117093149
-431262665
-1097243557
1633602669
-1871025737
-1177039327
-1708462638
410149667
1806570216
1869548407
-1356730035
1834177661
531098920
-1547798396
546661255
745953307
-963041285
1181950173
709910874
461799824
1109429090
-692760121
-994145202
-794451095
2052733076
569335509
-211215246
-1021223314
828260846
-1171682091
22199151
-741121753
-1828958681
1233077996
-1932690215
1506253729
-1699628345
2043675136
1917290440
-1473549454
129692121
-1928301995
1212171687
557122553
1744299743
298252154
794896971
-555575574
-2123960571
-1836555674
-2049808057
711262473
1048078490
1425570269
1972710525
-838729931
514909627
1998840088
271720440
1870016423
-499724720
524240036
2141480697
-1029741701
-1086083780
1278341514
-497660337
2042365040
1799396560
-753911121
1602637803
1511297771
-774338945
-1995681667
1740651443
95453249
-1581110824
-1196790077
-2088789610
-1660425931
1018109616
644842713
1976408288
-625478465
-454277474
-753943544
1392386254
1062722319
-1156357717
-1181450200
-774580635
417913040
-1208698294
1162342025
-124507265
-130313551
-170189691
-1884434666
352701222
-1823888096
1874562169
1890614199
-5441756
1042979928
-1341820924
2091538935
608742106
1765208222
-2099306564
-1956984089
-439052464
-765615418
-1679420638
-899697343
1066749069
-169663236
-1387717609
-1950675505
548217897
1878670272
-796498546
2004746765
-511917792
1495458610
1870539138
-316036851
1659582696
-1556364145
1646678570
-1074831718
1155480004
1358364667
1899657835
-17224544
468959834
1160466048
1409745294
-1165695286
1812479619
-679034794
-165337550
639818861
1190468962
1488493412
-186033020
-1307360092
-240438089
-42197498
-492547156
-1211381573
-1617590923
239479313
-1159045494
-1033842480
-1048955503
-990634989
-971230303
-651921737
999346972
-2097524002
-559466413
730284830
324088979
1433742151
-14496946
526719217
1507822197
1768387627
1221804614
-1062538497
-1456507370
-1113743694
1433571044
-2132256803
-247383629
693972695
-525746435
-785799158
1568232901
-1686360025
1420151815
-2035897772
692332442
754234056
-320508472
-308086151
-2076418784
1891931324
1241834575
-1819001328
1914982915
19536743
69725480
-193182807
2138024443
475144526
116479946
-2052886477
1629207646
-1466639327
-50664108
-473817442
728409340
-290816261
1891082104
-361900608
-805433813
-15647513
1758802615
143227004
1980500000
326266790
1976686542
2143671329
3768704
1433200302
1758292079
1177694479
-2008337098
-1777950090
937769780
-1095579232
-1432936058
2087223280
367313616
1512917828
1731058786
464164951
419720327
-1113995795
-162244356
1319131434
1242788319
858303918
-698617188
-1979737993
-503279208
-862661986
1265619123
1764632924
1384178648
-1396542718
-1815349201
884323530
1725119914
-851784790
-716988912
722852492
-158214231
1126550171
-1186885830
-643244409
-445961224
1834600430
1405534605
1137665603
1253457780
-1674352393
764961330
-1495528791
-630863315
442896808
-1961888457
293585422
-115281135
370640951
-1793762722
-1039899024
780112617
-1180717313
972278577
-810361858
97727113
-445679453
490219098
1301715933
1858418755
-282035592
30940208
531146537
-1767507812
-1352613596
-708374379
-1282922951
953130562
80006018
320259582
-1014548441
-214229700
-163328055
101656018
305575566
596944227
1314959084
-1031161352
2114187669
-1006614512
566508098
311602091
69707820
882296086
1114877801
1713003408
-397033323
-1834110222
1704496744
346023689
-1617853146
1618835009
1483550227
-143774005
-1199412916
-1310016398
1278456499
982135469
1994496723
-1386189381
659770085
84596419
1649992547
-50181552
890361538
1686070699
-1750098355
1280288466
740187456
1804297254
900384391
1406204933
-1467812905
926124522
30499061
1726102982
366672999
700511157
479643370
1381444923
-48964264
182248101
-729770771
1825970763
1943312387
1675140294
-453623361
-2036807600
1828643152
-1304804628
2076483996
1695181323
675979423
1390456771
-1874863679
1387587800
1680931051
312325156
2089977902
610200354
275922988
1866941609
2104566701
-1134604776
-2115467011
-348820349
441767954
1413613216
-389635457
-1641277046
1624335043
-1507484276
-2098417028
-150137451
-187845766
-503858421
-1830171186
-1969241845
-442542775
1378514273
198456066
-897490246
-377166882
-958179622
-2003301577
-1658183449
-2047078136
-1723838725
351720780
1780479909
-130810247
425591547
1970265914
892485738
-1650135091
-192007823
-1947438659
-1641177378
-1511876406
-52159154
-1483697607
-517904650
-61961239
1395143692
-1732542756
1934413889
1587842325
1470325543
1162955007
1398508161
1152568498
-1203384116
-686214703
771655549
-1574154528
716434384
-57496266
-1150874091
899941120
-905967901
-1101189396
871852694
1537429366
159773444
778905071
-69349297
-1833495120
-876524233
1695205919
327368804
-1585810841
1951298422
1883086879
-285111839
-1034502619
-86944540
-955132033
-563038446
1042584070
-931360440
-1722620132
-1928496111
1599198402
-425288776
-1205269562
-2092991841
-823323670
293721236
2059242788
1352625975
-331960975
703057590
-1243353900
-1400202400
-94597779
1131885543
-855350314
-1496186557
-1894939617
-599327596
-546942423
-202816388
1004369968
1349054144
-708868938
-1847442380
1011087677
815831100
1926722925
-490749329
110294677
408107030
-983832147
-428168030
-2384319
-167228593
1391891177
1354422664
-1919702972
1796845775
-745958008
-1258467275
606966307
497916061
1098062347
753888362
1408929447
855880266
-1357493132
-2123926485
-841667104
-87929170
-1393922586
-1546095985
-1015021203
1703373014
-331948920
-441947178
1150533883
-1395865028
732771759
-508739904
1821160203
-2022851016
-1165953476
461752092
-1992335881
135268535
-22135487
1707742622
1056490806
1754862634
1377277162
-1268330251
151959262
1525910208
1111287194
-115010531
-18289302
989384406
902559572
1990286833
919865789
-1567291730
-999479972
-553032189
1971038566
1332981599
-1640683491
-249435472
-1829167835
468577036
-749790899
-997012370
1631093678
-1831666088
536876622
-678884761
860769452
-1573474024
-1218960169
1218671691
-160208888
1543013962
-436585005
-1575475870
738108778
-160301242
-123755895
-1286726432
-736753665
1005149747
-1516707844
1040680828
1396380285
-548824132
-3070828
-1729196478
-1384034461
1199014914
-889271299
-736117080
-1183934075
195505875
502678862
-1301651488
-1904678713
-1047247076
935507822
-860862100
-670193880
-978135652
-2005268557
693374710
-1974808062
613778138
1442326219
1094554977
-380474481
-819887016
1627899871
-202742501
-609943377
1207413001
792520180
-41923148
326649575
855455999
1931983765
-1574031692
-154462547
-949576600
-1379069777
177207720
306726370
1951464891
-340065605
713572734
-736221537
-552117459
736078625
-2142049518
-771183053
1147321194
-256292901
-642133240
-987199380
-1464043135
-70399399
42826971
-14574827
-698033121
-1445859164
-2028921034
2057289152
60779519
-1580839738
-534077054
-435639867
-104219232
-53289368
-1826857280
2114872970
2041094713
235938491
1150796184
524662276
1604514794
-84492645
72682928
1175995772
576745779
1159538418
1280174657
1805821590
-759800919
-1099109542
1249739240
948589710
-600650266
-1997568250
383929273
-724022843
-1254949695
1110236129
-827666022
1638459772
864016318
1167309815
574097357
-1622523426
-902841144
-1901648620
2067073486
1684924995
-163368163
-1196354902
1403867230
-643563086
744350089
1940261367
-737692449
732500392
-1034144810
-1972190105
358471138
1600706839
1452893058
-443573194
218935550
808731569
-742336590
1414242137
-690715165
-204926619
1312886886
33254558
-911518034
-1129450967
-148533010
1616264977
298228093
-1303504390
1384152477
-1341273182
-711594170
1936429344
-857481029
-1034693372
-1397623836
1932510390
-285881665
-875914793
878672754
2140543849
1999225277
1233879304
913887452
-379284864
-211995619
-842946440
1519634866
1185064731
1706812045
-1324598821
-11222209
817827775
-1658030792
-357127710
1078713562
597232145
819245111
-502053476
-2068118661
984236257
860355400
-1188646375
1115202193
-1311076758
1542074557
312033872
-15987183
139927255
1866196918
-2066921662
1969093074
1901770505
1751428498
138919518
556306967
-378723433
1386406562
-1702165977
536349037
444339222
-678416865
-833003244
1128640439
110093977
1923399006
22003382
-1790646649
-872208517
-1705852351
-1155095776
1134200494
1464584539
1454826736
1189764226
-2052289770
1506892135
-193880887
-1201596649
1623266510
-1019497507
1124639892
1105203009
805379174
1733950671
141491707
1597981169
853828732
-1770397402
-1438304200
-340967604
-1898872426
-1526504472
407563791
-1608842357
-1307178190
-1582449731
-1919570177
-1055786462
-1140307428
2078672046
112248756
1531219748
-379258882
1447610928
1158454719
1749807845
1242620989
-1348752031
-883191160
-2029259808
-1886416382
-272323696
-2048548478
-1218440485
1056777110
34654467
1555770785
1027814728
1063986930
1123296243
-12406263
-1764386322
-1285220458
-1316375589
136595975
1354429384
1935321497
481900785
-1856945084
-1484468435
-738512383
-1118953484
1360344375
-646208208
-1200701356
833773096
-167691045
73089353
705609070
967608734
928609186
2092784948
-955702379
-2135903815
-1380470104
-214460647
-1669946422
-1605911572
857090859
333456876
1344097377
-1308014392
631734587
-633409514
-1885436716
-169843403
1292459437
-1142495148
1466462931
1846774783
1488563029
1498272991
-391111522
-754140268
2022044531
1161225421
-465904489
-580475893
-1624273555
-110708810
2098395666
-644861592
-1141467714
1906162586
-1414759569
-2052590050
-60235730
2118124802
-1531148949
-465225260
-1007593149
1826620772
408345522
2113712236
-42497289
-2007776309
990533304
1271602496
874920106
1918008247
-1125227832
-2039454034
644564569
-535640511
1461771356
-295051818
1756520208
-1606438525
-799744593
-438124894
-8450403
1964862006
1778930064
1172188166
1638023814
-1877189733
-889233543
307113096
244475452
-693900897
1040319712
-1174443262
1101827727
1758210361
-1630965812
259637158
1821927524
-1404028138
-2016416086
-1955478205
544202406
-965137288
1267698016
543686342
837200762
-2124709285
1474860962
634802434
-272807754
29348569
-1003820923
-535505741
-1483869293
95490255
-1093578927
1697334464
-625363040
372338111
816359834
374639808
119977209
-1019152905
1696117393
1582185406
-723511879
-1502655757
-1680459881
-1511661760
-1782880596
669261823
-1398046189
-2033022330
103696201
1650482464
58526340
-1056371185
297444574
-1368126412
779995353
-1398955168
1627845900
1648587864
-1813531136
707662087
-1088740490
-470284407
214061756
167480030
-174971211
-543160691
-1869985861
-1500786036
-669290354
655123
-1624608025
-417506223
-2052674201
324503577
216528379
-256738303
-867727627
-908795763
1944590938
-1506550192
1938185786
-430353353
571481627
1768608337
-2102513490
-1924232491
2104245864
-879220936
1693916348
-1866783353
-1102277880
2104795751
-948946577
-158380435
-1977905351
-1884008025
-612190867
959979150
-2049229885
922107317
672362787
-1016529413
-797737399
-862043903
-1847097279
626549299
2093810145
-1179711823
-985432471
1570737865
1868141799
-1516866069
-1509686494
281230404
1533284366
2034175316
199917842
-1704638139
1066343095
450687699
1975970924
-797058577
2139840645
-787104871
-624196442
234654082
948112432
-661770139
-1662091921
2098762313
1732352922
1171886596
1426637536
-1667166282
-134455009
-210099689
-1331671823
-49496374
-2129574352
542831640
-2059422162
874176698
-1319722206
-215528802
757336489
-288545841
-386908093
1113851104
2423858
-476268915
-431303634
2087968887
-1991572283
-1605703401
1495307104
234328935
-389412797
-640679727
-797006582
747045471
-1974563739
-135191993
804032808
-137291968
334931437
724596045
1347681234
-1207698469
-1037101539
-245831834
-329760303
-432554753
-1958720659
-1525075863
-1967994252
783391154
-1713489545
-1774715551
-316530012
-847871299
1539914806
1545954741
482817334
1476890221
1740470895
709627528
-1901251456
327902360
1875999598
382115938
-236058322
2035541726
-633609227
-1757121777
-38905258
618633520
763596401
791843783
1430880969
2053803670
1838969455
65833358
901187499
1276829228
-1197011123
168459229
-843553723
1242621037
-1154527692
-401039486
-1409859815
1331942579
2297669
-916582972
-1339466698
-1751687426
797431314
-585668150
399565005
-1918931469
863652175
1978398780
428129285
1934836008
477723080
-525726422
-1542043381
1451321246
-676649834
1925313581
782663276
736779918
719676557
-1094404405
-1794228570
8378472
1981646584
-1315019489
371367419
-895291368
-408750201
-593902407
412561800
-805581686
-880248952
-927626814
483244950
-450267024
-2045963179
-1380876700
-2029795024
456192578
1878626573
-1128514456
-616295179
394180742
-100780154
-1307550432
-729103569
918443601
745030786
207242118
-1520861
1560261645
977625888
-89267035
1415848362
-1629867909
-1786844268
1281765943
-1776846592
-1413888517
-740435686
-675411057
938322395
-2122137589
243510055
1854724281
1082268095
-1451440883
-176970271
-2104544290
1701884560
1178482764
176891345
-1639562003
-504021144
240990272
-1040254249
1258206072
1533231787
-264520431
1029635677
2050642651
-1661167273
1285069657
142629071
247852195
-700547168
1072131886
1891773002
1383517484
-400438597
1645065054
1982302867
-2027817333
-666604550
1229162748
-570616758
-31908434
-1312845544
1270543131
-143691938
1201132994
-2083588650
-862418215
1054576323
-850555436
866335430
1878323103
1140364643
517424314
-234728091
-11634778
1149670993
382080819
603352431
2017911996
-2144558012
-386003891
-788743313
-1694424761
-974920638
-502610937
1714109589
-2144384630
1995741083
-927077322
501043147
-115243738
-1033547496
977641388
1004834825
841643236
755747188
723981206
-1069776920
-1179240271
1232209675
-949209307
991222389
1757237737
1991888081
-266786449
636460360
-200481320
1909687429
1709746584
-70443052
762455164
-939714523
-1885543124
1060228095
946788240
-808423772
-1759229745
-2055844876
2079940037
-1368358950
447231768
1686913336
-1171614126
1138701243
-812267080
7264507
65044655
1131774155
-2079391518
-1055403600
-779840356
-1894089263
-650836761
373736927
1066473064
1819105994
-1264427489
-722350023
-1520374929
-706644704
-1149876465
-1206657811
-1685474589
-301270245
-1950319416
-2063713223
884483791
474862231
-600886899
-1214756285
352520537
789034743
332858808
-162447320
673784391
-748043687
1460087517
-1120566699
-1418522429
96785931
-526772945
618266646
-868616862
-1051748804
-615162078
-1444579220
1017133154
329510134
-1024343214
-1104627678
1427763251
-375568309
-1165078366
1639195938
-415847368
2099150
-1126155096
1248471812
351709134
-1629106875
866318408
1349737703
-602822260
1559340188
1709337246
384983172
-1640623412
-1861601509
1911780897
-1214056833
-1700076694
466058715
-1098044412
-1494174720
-483936821
2141497206
683102687
-104382078
-245237983
1163797757
-932635250
-1473826070
1157554156
854528558
771574617
-1532506917
-1097994045
285240550
357495381
-1967174840
740816723
-2133864492
-89867511
-248480438
1535827880
-1833261969
-406430637
-459945421
877319595
1861615657
2129822348
-856755230
-818578709
-171269916
1814660330
-1181210024
780940447
-164643675
1302564134
1181107339
1636226539
-1609131898
143594846
-1676856710
1021323874
-2040259855
-1180770245
1655897217
-297655092
-1430991605
-1078145194
1491264493
293582376
769326957
615070679
-130451245
1625723124
-758249959
698660191
-1923368675
-304915285
834453419
1740393255
660114661
408362382
1701108686
-1842429079
347419653
1415894183
-118254351
-270310146
1868200174
-1930781686
-1345597125
1699821384
-1247691591
-2119580834
1708711612
-457188271
723398779
2010493083
768884452
767125812
-659566628
-1481012972
509097272
1880547515
1983049962
-417274185
100666690
294073417
1509457194
-1723851372
-848147512
134934266
408954864
496817563
1665154881
-421728504
-1179699728
138411177
474588036
1877135728
450079252
-628730683
-485864254
-1337592876
141355919
-1116396890
-64811594
-41930589
393230641
-1462976392
-1647424230
-1892304522
-313491971
896211167
-570163620
-1813531715
670456568
573328955
1192751505
18971546
223246915
-526904787
-1613189462
-1384337140
-1744732309
-1500614310
-2115743772
-1980337328
-330684160
-602990737
1246498693
-1026396541
571701092
-463319196
-856261436
-990994548
433188068
1486570499
901483528
1429533240
-1926743284
-1293990741
1513420373
856038821
479785270
240521809
-806315005
-431267100
-175374236
727939271
-1151738192
76747226
419965007
185251904
126494327
813037670
-387079745
-1553956077
-1920989599
-1983766584
-1602184675
-503802945
1430238235
97090624
-1025027002
612900655
878102249
-335973643
1881735841
-1010391234
1986556378
1439324696
1685565043
1160442236
1158065469
1348753225
660652145
1304045106
795870035
-62308295
1982135958
-822387805
2014377029
-1976999536
657593142
-276688492
-668785320
637751312
-507186861
1990615311
-659304610
286074873
-581064145
-1624644509
117317743
1239932591
371361826
49585006
1872594137
126061210
-1227259219
855986205
1810303828
-265960115
-201564210
-1503314125
-705144710
-1183740951
-690153835
564595018
-839000715
-1033748029
-116046089
-92983273
-182893063
589412676
2027215585
-1741380622
728519028
-1430558960
1532044432
271764
-1235514492
-1104338070
-1797845473
-810975199
761239465
427302359
1259875937
-997597335
-1913453509
140175104
-143403280
1239074410
2106972318
-477645604
-2122682490
-804427239
-1698737485
-155695858
2130358922
659453025
237602705
-1909259893
-1815240978
1276146539
-1939219596
-848606337
-1718668489
389511456
260343029
1184960625
1136608733
-404705557
-1604808837
-1560146524
1889996500
2066276803
598020337
907109824
672478826
-620672408
-851474759
742419634
1741389139
944903660
1495174623
1575865807
-1751756286
178156148
-1537512815
1269723199
-1246238919
1482040383
-1686105394
-1458193000
-1261068317
1128064743
-2036420514
1181298377
-399514591
202383079
-1844785663
1778729785
-690375774
-1407738019
-1956928533
1844987439
338069815
-623474672
1491220334
263816820
1339712421
366837683
-583712263
-2060852170
1292961725
-921710998
471864128
1970592046
-1064382550
-1967055730
1633739452
607608581
-1082221687
153737645
1601586262
-742107149
-1144670402
-1844670508
880981086
-424387159
1951385989
1514579727
-1471648063
57219697
2067931207
-307536592
-407960197
1007325330
1395060270
-1875905073
1399286346
1963389944
-870953605
878470802
1868193700
1233386004
1944853526
-530316370
-1697086230
-88423423
636945638
-1887571795
1698853340
1797637863
813582947
2018335089
861050191
1123702436
373368424
262518648
-1785083106
-2032290136
-1326722227
-1862817952
1952111965
-1369451232
-995388875
2138509998
-822057772
-1815866282
-573816157
-1395412534
-1322533717
-62732713
1558142803
1483287117
-1810694815
1836334805
-1114278841
-329495169
1137652482
608214863
-1787796961
-2123416805
-1667546471
1237172590
1124467373
1856924756
-820563230
-1793662030
1643119304
-877335780
195742788
-315622323
2080310624
-2090452573
1734198269
-76491186
454321107
-1243566563
-550836578
155344130
-513335426
190006984
-1523124806
-1517635178
221108373
-628213203
1688939738
85665537
1106304567
-975845467
545169843
-1832083424
1784982460
-1829565410
1853420442
-801715166
1658742609
1895227167
1970011703
1086246182
326710727
-1025573879
-1689681031
1148310817
-82020441
-1836188770
-1063976759
1358537989
-2030025847
2005590471
1107370881
188176927
508473765
2030388113
1913360543
905129408
-1940534102
-18396808
2053174197
-271185121
-2035860530
-2104552984
1929283876
785129341
-591398362
1633499136
1252366217
121489546
1839443767
31359640
-595030922
-58817273
578583756
-1271726203
962637924
463981484
-855026167
666177307
-376003096
-451941301
582104000
-1895357453
1645684773
1491820340
-222643710
819411693
1628486785
-878106917
-863952135
185814904
-1301394533
1283532728
1262519029
-1204137968
1890440572
1588959854
883603908
388585224
619820300
-361300945
673162565
1971137417
-736221498
-1620303523
982280511
-1751363879
-1514404177
1859538549
274129006
-536995360
796195204
1348696872
-1335457057
-1115181336
-863210190
-1589697590
-627208835
656393124
-1224975222
722750703
1714001642
1025935219
-1089265100
918134099
1782431122
-1332794907
-1713592604
376091130
1665379070
-1892891267
1568556748
-872410984
1755555941
-711150920
675400273
-87466958
-249012088
894732110
1385311744
952348676
-1090753857
-386251337
1491629507
975193253
-712182962
244416752
-1076494513
-894581911
-461499140
-1502578562
624756704
1157164038
1083357158
597455027
94329128
1293906041
1328744848
240962351
779506052
1067068202
-2141593028
-121068631
-1777943696
-1594748082
1986177919
1460335855
1096165437
749048716
-2135516144
1582664235
-653344255
230303458
-554607390
238764135
-1720071986
-1664065590
2063756149
-324117422
-410505435
1682881944
-1689137815
-1117259708
946080172
1973023781
-12326572
-699806081
1232913951
-2137552463
-2115921708
1671160759
1068195204
-81662203
-1389967385
2098976211
-198511198
-1226607144
499856761
-538193163
16098739
-343946893
-2004997826
1170963639
2061259352
1061801367
130495170
-135971912
1638651084
608044958
-766818883
1998505814
-987700900
-1076365857
-447297621
-41687620
1133469974
-52758185
-1266523492
-1873893346
-1539755328
-1399999100
-967724728
947955523
-560232693
997264020
-603449242
1697973315
1354320904
1382682047
-102670019
520827282
1541168091
1256760304
1369500026
2072430652
816734893
151691946
-1119650748
440462705
-1943687193
609590057
2144151693
-1735652284
1171351196
882881479
1475193003
183691183
1221837126
794964897
1489710886
721963226
1250974900
2016846970
1374465235
59559324
-402670013
938061534
-46537695
1095015233
-738686644
-1231219574
1922620850
-1271989874
819075036
2032430347
420844077
124656129
-976524630
1180600484
519691602
-699560100
1742513221
-1459118732
1778978382
1589262692
88638349
194945752
-2139903664
2103879910
1587974499
-524648690
-2024984997
-100450310
-1636436573
13757210
-1785267875
-1834904949
-321640622
960704748
277909377
-1865495787
2129783828
362227650
-265359935
-378988624
-594257184
-171109685
-559829826
636511054
-2137598474
825443853
1827016147
1263722304
524169231
522892679
-1378531993
322576638
-1115918122
-1804479847
-1575184766
-1847207897
306703511
-2039129180
-10284126
-2014486330
236954421
-856948243
483006671
1695659478
-1207821727
1055656390
-1674390803
1809680392
565913352
-369604369
-1014732720
2104065218
180378125
-1049352391
953390741
628545899
-669318088
-1446738580
-519710289
1500716773
-61209235
375238250
932671552
-1793369765
1668602656
-480463213
1758253353
765339708
1194107400
-1806897813
1796040292
-1266171258
1074724626
-2002762374
28221712
1991473991
-250993768
-43264397
139705037
-1389196704
1052795090
963108248
1131919434
-19915380
1136459404
105177180
-1375960805
-455674464
-1231861479
-2023893687
1576214735
1430066195
168561287
-1679198428
-2122414783
1939750081
1897194259
-1203034546
284380718
-1313452053
325596383
-1857684372
-361987576
-1281834878
203134690
182122058
1983265801
-67982684
1538130719
-1245358084
1609344906
494489190
1527657497
1075228486
-1623270252
947843796
-1213930107
-1180297155
304771511
1925477685
-923407295
1914480685
1920849690
-331478894
-1842980476
-1365040451
-155398445
1239804281
-605741737
248733009
-2073848200
538970622
420928580
1708258479
-465922570
1826486786
-1048777652
597375204
-499800160
-1897754697
882552093
1708684136
-159953526
528028771
1000058756
88140672
-440309736
787216739
-969908192
-1227076381
1780629969
1313036658
1534994776
-978168672
843449464
-1164719573
-124043122
1271785534
2076306269
-609599028
954045076
-684197084
-332413200
292164924
-590904482
1659954747
-1689934442
-1124183474
970224889
-1288366639
377402815
1297087047
722618811
-775671360
1923593528
1564926109
-1886104132
1487938511
-1041071683
779301377
-1012960380
-760504233
-749101358
-937826401
1127624709
-47835863
1666565330
293513892
1940341195
-1795349841
-1686844089
1927932928
-1926250639
1483342672
931303548
-74304404
-1729771178
-2108455655
149522513
393998510
959945361
-1970046567
351947854
1741897243
2006332705
-431439861
-1104790791
-159941795
-2019418775
-1187164742
1814750315
1789436278
2057558234
1744427169
-252638688
88254725
1417749489
664209489
-2135209969
1861451718
553325412
-1896460009
-647120134
-23309729
1276155031
-1156915875
393820166
1238838872
237240661
1602038096
2089413006
161890411
-1690715460
-1803930429
-306027213
-1579011331
-1886322825
-198611118
1514770231
-1353617172
-633900750
-1538080054
1350754059
-1364569973
-347407030
-579838008
1571674406
576613098
-425386812
-436326241
304271895
640525146
-135946367
-107800961
-1456451875
1919132463
25327279
1030640850
-268593546
-980759097
-790285695
1776668393
-2146678603
512487627
-856283359
-943195177
826019416
1122120884
-167744283
1150203037
-1714375079
-1593896559
-1260834879
-831635321
-366193532
-1636676602
-957873668
-1541520428
-1561053879
-131711337
-464181722
1911583900
-663700781
-1186925786
410911817
-1063044626
-1973061800
-415313734
706690654
-1868785352
1033902258
-807149183
-1817765885
-803465749
-2125334225
-1544751849
337257833
1656252255
1999727012
-130407672
-1457556077
-2039994125
1067256008
-356486765
443067324
-995956616
1405926334
153658545
687717400
790247119
885070835
14514517
-381993025
761306832
1331392042
1672204532
-137522202
-2050054547
-904562988
-46427834
-1209911217
-564904426
-260980828
-321897394
-294903550
-1545125281
-1062067613
-802388840
586084157
-282725408
2062265600
677667265
-1391442520
-1798403748
40645354
-467834564
778939340
1998274597
215424930
-864719022
220771526
1680117438
-224108917
-557599638
-327000777
996236738
67464196
1441342090
-386280322
-1015583997
1759634360
-30908643
-1007540951
-133416203
1004412980
516338934
589656232
-1217840051
74694585
-918349164
2036576835
-1882455579
1280123475
922802343
864435533
375764706
1972516138
1343722707
-312448359
748368151
1944461079
-925711181
34154797
88688044
-1380277639
59165984
-127900107
-1578679302
1083656265
570577330
-2089910214
144423609
-1505777556
1095137414
-311740013
787868509
1535468360
-1818679743
1595727387
-1287614532
-1857576806
212891221
320311331
378066419
367732613
971436931
-529534806
1975432842
-692886547
291263648
-772565301
1593968854
1981148421
1725874587
-1725101450
-1820198497
866607398
-122362691
1855993442
1955252225
-1931891998
-652129229
1711768898
-843584361
-1330576551
1341906889
-450290122
1426001621
-854178358
575041272
-111217532
-441815883
-406689684
-1200776414
-496787833
1671403669
-131584386
-1623743973
-1415501849
-1296453281
1082025885
-545862421
-413248758
13400298
-211922859
766346961
335150537
710405279
1586423801
-919707509
1512807782
-2008398753
-2083565642
1512211412
-683997762
1655208868
-83917082
1267030830
-1500450886
1725155557
2133334177
432828897
774173451
1252304703
-959017318
887017538
-1738217707
-1912973743
2035137831
1148147768
-545464533
-1930955673
-1033487199
2097276412
-928631299
-1416194343
1475126254
-367314657
-845718450
-729414475
-1441769381
194505169
1301634793
810284955
2119108270
1361505887
-1035773995
1972111080
-1233774213
329807101
-581222713
1591779607
1964294326
-520481339
-683750184
1292875619
-212967799
-1077567233
973498231
1416363951
178679143
2121797027
-1264630112
-2031226710
-581160095
-287683557
216615501
933092398
-360851784
-417463988
-505924819
-644166679
-851466318
231501271
1319318163
-2086665154
-1835158607
1747322267
-1857485392
-1297788563
-233114240
-1369080962
-128053243
-1319861520
1607644912
-415152787
-1585633006
-1060062936
1145436067
1479728288
34279763
1475504441
580381991
-1833222622
176669292
1122319153
-443944890
877686672
-1599598942
1011033711
1337486235
-1223160800
-1859828851
-2070253502
-643850392
-1588650523
1322763275
-1409126192
1762152103
679462736
1686949240
-46317000
-555112098
1890156793
1767300123
-249381381
-1412495305
1720250271
1058759394
-1779209065
1956990287
-1955031443
269994578
-1627894924
1807547982
557050238
-1119688008
-1212248828
-921998409
5932195
-1945143900
-108218587
-1031374464
237603427
-513342825
-476003383
1595661541
146632515
-1325616389
-1113774120
1702749048
227456326
647078226
-1048255404
-1190324356
1744853942
-1850437710
503645630
-2084088461
1979647781
388598128
-993249865
966403830
-1558436434
1690135579
-510180629
-1996523836
-8350848
403999660
-1079786710
-1146555876
-205093988
-1505565189
715666391
-2123388082
763539677
-68183693
8600709
352506255
-2042553543
1538036489
-1748371490
-1507225075
1211749701
-45701271
-545823033
-702974397
-2058967554
-597587086
461205953
1218696077
-303398203
-235511836
-216392558
504504318
-1278728789
-1434270632
517591075
-290307983
83182575
-450779792
2136596139
1200694238
-664000316
-1247397298
1097639437
-252493842
1605744726
-932911799
309523583
-2013281584
184688399
-656610338
1322554219
1460440653
-1283018475
-1741604380
-1363403623
1481003033
140230167
-2071092221
-791118451
-28226708
-1669505719
578379110
1378405677
-1556830255
222197164
1273926831
-84060249
1353406782
1202554514
-1709544405
648217745
1125315939
1566504033
2099757382
-1965261999
-220067258
101244310
1152022337
681486782
1293208079
-2020033523
40384801
-1631809273
-627564512
2049660543
-610867478
-1685553965
111706985
-1395407286
-1988615667
1915685033
765139449
1269208440
-1396921058
905090962
635240919
-1958070023
1452380873
1723081213
626905874
1251896115
568608774
-1985970718
727166742
-736089412
915029387
-1129872088
-222793408
-1228381850
432772226
-841695669
966055093
1568634747
-1147671940
-419992775
1195877231
-316647607
1755803812
-595451267
-898874728
396993760
1329185335
1919440543
-1157287909
400829977
-381211085
-448630839
152323446
1202837211
-1424988082
258431917
-1108093995
-1666677351
-1018964695
322221990
1679617372
1859179550
-105978427
1806498077
653815748
-325547892
-303745482
623196206
538813481
1904548513
934175637
791838858
-1170569183
187877692
-2102997702
-1046426466
1359942672
99681311
1821291818
-1640231180
849744570
-1743442442
629568462
584445401
-1517593063
757660312
-97668378
410588480
1936233840
1755966860
-1534663748
-1872411930
-596729697
2137242830
-1864407908
-344100682
-2021419847
-959996975
-217052797
-8142482
-1835938349
1597944520
1299250197
-1256909951
-20032994
966149665
-787011884
470834751
1402589752
-1131916719
631283599
-533447374
151050942
1447796694
-1053244137
-276869685
2115308325
-347958407
248775736
-1652145346
1755473353
1989164756
1814984679
1421661353
-1738470074
936342803
974641335
383576443
-118160633
1520429054
860516242
1785309203
689093403
1299812662
1471283108
-2097001817
188258639
-1384715330
2128796570
1058201191
47885176
952811965
332438027
766464225
1356805392
429822593
1222057270
88567719
958390275
-882715449
-450895378
2108210734
1636607691
493525305
2123942353
934102520
-1614099526
1799377207
-716122944
-2126199563
754676118
364494297
425885066
930602534
-839210646
-475182284
584756714
-1881460604
-769586789
109796316
914783667
434272287
413082169
-1572714326
2055287113
484580745
1714119319
-2130962241
218049363
-1953507468
-550484964
-424593976
241812910
-273071463
791793243
-1501847421
1487619492
-353266725
-771831711
-800429695
-3580067
-1855600468
-1212994737
-1320324564
-1226834795
-48694865
-1898534361
-529679861
1735735951
-406801505
-381984022
-1700348860
2067452744
-359433618
233704673
2103026018
-924817936
-1546003791
231356475
1861962072
-1227009387
-2076922566
-564497704
1024094662
-498066143
1603367174
819291747
-1588888454
-2021880954
703586137
512115622
1142659640
-1672416457
78257703
-637530344
914709950
1190029785
270742710
1918935739
-790824191
1370934586
1574282880
-2065598172
-229984579
-551627135
167139421
-163473957
521030188
-927880025
-2139216927
-1972035868
-961659116
1503046182
1907277058
1388084125
754092039
-54441489
340643326
1779305674
-1464215322
-1124175968
1109093755
-1562717714
-1901231194
1217494774
1538740975
-2132308004
-1815093930
1850144383
-159748799
-747025268
1763536736
-1777761900
1191231408
1219310642
-164005618
-1771981434
1350150388
2143370124
-509442736
-99095017
-913114974
647238523
-109832004
-2135753428
-1238010156
335036885
-863585323
-1996119617
529515016
-1377864839
420472207
-2119697894
1951835976
757095331
670534162
1062823233
-1343203189
-102058880
1127305662
-1206220881
-760076965
-1054722812
-37503889
-1835636923
-1112630857
1829933051
1309127937
-412298625
-1811142854
-1736716194
-1706075882
-1671461144
683326588
-1290295576
-439682794
-1148794161
736161463
128810215
-1552968585
-641110469
364878253
1590976599
923948605
52389659
-1353377335
-1545659092
2116081092
669351106
1912046724
-597682194
-2120867907
-805587311
1219461898
-478691957
-1639396490
-36732427
-292310244
-1174823832
1873715293
-133315692
-1090604488
950106808
-805924922
-473413694
1031288566
2069036561
-2027813141
631064121
1976294580
955496508
1171447092
-836309751
256804213
1142467916
1209230009
2145658573
587036166
-759322895
1018319620
1378553887
-1859088286
-1479677683
-1759203301
-121057203
1531662423
1705712519
1350289852
-1577465524
-294752664
-698843808
-534907670
2006995692
-1684235
-776096509
852801448
-598772403
-1456434279
768987616
-156537596
1814189713
-1976197934
886330171
1346741590
-2085597230
1928894951
-208451520
453297865
-805773994
751538438
473619803
348697114
-534651391
-1941792340
-1757156666
-1332777056
1083561482
-1024197815
1694259298
-319543157
-1514723087
-1731653085
1825401547
617476208
-1506246992
-1837228422
-487502426
-718068988
2038024240
1143824876
977694524
1026447911
-800286978
-173789414
734298444
1153318948
-713442242
151441292
1358967580
-2104901065
-1970445601
489841617
-1872234287
-2042206385
1544427792
-358997526
699757568
-916009196
-241795855
1028625896
1689538948
478387498
-510623603
-138688300
-1523011439
-430877513
952924424
-1584827954
841770761
-1525028830
1394437396
-73493128
607893262
1977155870
-1496885591
1460025236
1478445527
-930724634
673401845
-678362389
-1576369209
1074337993
1219019664
1442712432
-392002117
705014505
1003120627
-1628762459
-548180061
661340991
-1073205718
1440601662
1193195603
-156753695
-1031822392
-1263623933
1935060635
-1008244857
-1705072612
-1045056006
711489428
-1493049013
-1892940639
-660830780
1259806268
-1038968657
-736323398
-1797980601
698320965
-1020490012
48434334
1203762317
-1218026455
-541126071
-2066530416
1102432491
-397515646
-49645263
-787356332
-760043163
-1410966377
-421575447
891029213
664409681
1266946617
-1057099528
964254282
303795513
978966736
1477309096
170370579
-2055438843
-555595344
1904651461
2021434239
-1339429287
-1495355984
-1907532892
-971041703
1261858620
-1244009475
-562610842
-175177758
336546041
-1427434965
97483390
-1749005559
-1543634615
-1567635060
750031471
650780633
-1699110991
-1641525819
400117978
-689907662
-1751296983
-1859929954
1337036471
938958779
-296721410
1166325528
-300727326
381698327
-1442479880
861141956
1780002009
1117114966
-63574337
-99155374
-1478981436
1783903405
-216065414
-306775960
-413813835
1269242729
2140113080
-1297293388
-1403543249
1375243809
-1023787629
621100356
-470713620
1263344171
345375506
1008658964
-325720102
-1926420656
-2000670257
-1624385304
-2030977177
964846531
1328603097
-1782323876
1755852030
-162825394
1560844763
-1456537544
1118767056
2054655437
1570638461
-123908855
-1548590377
-1587668768
1114911753
401409260
-1882023657
207571163
1445470290
-1994968404
-763340250
-1299979007
-374396207
125934607
-1720812818
-2018293006
1831684368
343239788
2026475186
-1014420127
-2009270966
1908241537
2103544910
1513884169
-151478445
-2075651197
-646839358
1000377057
464504757
1372986741
947496944
-1536866674
1194338588
-478063939
375009444
-1352297448
1160614899
276446451
302373077
-945199648
903438414
-368671492
479198506
982736849
-1016817142
1623594583
1590337215
69049557
1345735474
81175478
-2114793944
-937896053
1934723236
-1949146928
-1081457995
2053696054
-2114116365
-1172306571
1235001847
1752488440
-1434899057
1708617186
-1819067517
-2035293889
1370265123
434072662
480394485
696528254
-1351109058
-853631003
872849975
-1338031072
-1593934540
-1528666997
-453220861
1579893433
268927046
-1606668157
-1329023322
1493134974
1086015232
-1253641511
-525585659
-410663177
-1780385310
-1907669186
877491173
-285569038
-1922050238
-53308645
862741862
-595196230
-1508306320
19292135
-407685936
-1585465719
-1194852069
515540669
-1249782127
-533848006
-388646158
-1495924440
752707718
-2102613694
1502580622
-1011387583
1048376441
-1848834592
831256206
-860896516
1216435946
-1922526573
1520164355
-931245891
-218214894
-974565172
-1038615794
-740317903
576124196
1058634469
1730150600
1341696091
751841237
-1580997807
760996193
-2074757651
-1780495842
1402901267
-2127725173
-1814682919
1827098688
1184652147
1346594328
-397277146
-361372920
-1185329425
-2057071647
1196517127
1729924180
1965118832
307182058
-1475806680
1838471125
38752189
-49343037
1094862923
-1615743979
1958116916
-519445968
-1843803117
-695279684
1856970422
-969093108
-338213600
1123247886
-1787136541
604514665
449939035
253752759
742504327
-947879172
-1450158702
-678821686
-684293549
962011064
561262662
949030151
-1919753521
460483256
-128644668
743150940
-1700654705
-461788319
939939442
1230853550
-891658076
-567978041
-1665140630
1788935640
-979104683
2086119759
-11476660
1804308723
1441784591
219633558
-1996915377
-2033191720
1853618329
-1899979375
-434553959
1479374306
-371992437
-1201738507
-2084845615
1606173432
-184751104
576975833
-1077425935
1219962313
1167525514
437704856
-849725088
-1074660519
1816415846
979423228
871803967
-1155485507
-240454672
122319256
568726530
436914210
1519807576
-1060147596
-39657917
839100947
-2048580714
-1813738001
-2134214446
1254115066
541776283
-2014964511
1308202000
1311165671
-1514201400
-1318913281
326743676
-482511472
-906845277
-1550085501
1811674510
455717016
1335709640
105940492
1711663043
2122395155
-1390259171
-135704382
-680320007
759336266
723954761
986158269
-440475140
1826862011
-225852571
2047800231
-890335136
977277026
972500980
2088717727
1127183248
-1861136578
457423632
1299810912
-171531737
742473998
-1388894490
186994850
-434900354
-1576273061
-1568184220
-1758441536
-1403146875
1221948603
-1444853712
872808346
455350998
637935955
405118683
-1662453060
-1709622777
-344566883
1958846550
1111840447
80362815
1646814570
1937500836
-2027577617
902666507
2123230506
-696824879
-1893051091
-1591624334
731153259
-372804830
-402776809
-694825914
-763700065
-2029846131
205452645
1758912700
-29934815
1174515051
-92855403
1280425023
-1371243142
397176171
1464251850
599911552
-29668129
-1682907446
1753792241
1279573713
2045849598
558389952
-1504857819
-1856531277
-1859156487
827748157
1211529812
-678531667
783330738
1948888788
-1605220574
1816705630
204594505
-1436218377
-363130867
-25703211
1296854498
-1505283227
-2058660655
569080352
-1934516309
-873948705
134851085
147767586
2005932573
-1553977055
-561185498
1330088618
1905962113
-1303775216
-710495638
415880896
1838944949
-769009105
1322123640
-1226839232
318489135
-237465001
-2061880352
-751937619
-1672215742
-120617817
-11556346
-342629826
1182390944
-419183688
-893531573
1957868093
509314847
1246737685
-1779810707
1580288913
-148727873
1852705002
182985518
30879641
223534571
-310380294
-1778381261
-728615110
-1754284033
1480852182
-264761809
-340854213
1162194954
-574516917
-1936127680
-1839212593
2089667284
763447580
1291918744
-1722583949
1216209698
1018227952
1848174688
-1529560838
1110932792
1225591949
1417402072
-1023680795
-970162530
190444358
448914882
-736594440
783848999
-640120398
1788572416
1894993673
1654300718
-927261026
330696060
-1240578022
787057443
510217028
61550407
-1108937302
-1009483707
-1566480708
199814660
1068598599
1781945520
226049202
1326787975
826717544
-1845459302
-1121518760
575951032
-78055815
-1627239719
-1432974178
-1292573507
-1548613322
248802984
-1805726048
1149297239
-1149522373
1878725033
2028822368
1884758412
615201500
601521197
-1560875084
1828053894
986785586
-1960012365
-643477119
575248059
1175120246
1266204591
1205581097
803289421
-1679379823
468195467
-1501771199
740031922
-2031230989
-2064880910
1545975687
1316623767
595867299
1221610827
76291603
-1787508991
1427585942
-1750387325
165452747
-673173579
-629523131
-1751350001
1046118684
1159420634
1090577017
1188876593
995667430
-1267102500
-55356824
-261821575
1873725879
93972882
-1911272955
-1176605042
1783450427
1460721826
1017295508
-1568025810
-255458573
1092144164
1036356988
1258443122
-1396302555
-1254732411
-345355936
1032327766
-1176908013
-334138195
294311023
570258808
-1650384017
-1767559836
122814459
1212968736
1797298701
-1462309135
-991295160
2075476608
625970906
-1045444092
191519654
-505930692
1085381644
-943591211
-300490814
1163874603
921136026
-1997267572
477391928
508052831
-50942993
1794013923
-1998902421
-1121632414
1288707033
-992283895
-664204647
-2087539774
-1080696377
-1113519927
751011369
515806416
-812408269
1369677547
-1623627961
1636389540
-771946148
-494317094
1422542514
-21842077
-1734427591
-1057077370
-1532827436
-520668221
-1376197463
-169305717
-335886574
-617287729
1912196334
209108370
2083543653
-1914162201
-436060580
1124175863
-2017002711
-1781760501
-884697267
-1137580884
432171573
-781340840
573230167
-1770798500
1443452715
-46481967
-612448063
599763923
1916368912
1198700130
399761970
1768201116
-907213282
1263622946
241652650
218338795
18527192
493937112
1033434038
2073556157
-2143915937
2125108928
-344155681
1735774781
2034928644
-1357355121
1566563
1423586665
-1465511395
-998925645
-1679333593
1480516853
-801739748
1715287774
1736521963
274596975
2138022365
-1161240891
-740639809
1441783715
-1542993090
2073765156
1897524149
-957380544
117409524
808230150
724723415
-791074373
-1229288804
-1773983166
-619098789
-417384589
1065918480
693065288
-530943723
1195497749
-651123716
1875094813
-997423060
-859424447
-1894491728
1645635235
-1748412656
-1962829203
714942518
-1822564322
1311376811
-209299959
-368110425
863807987
-375974954
1816078820
31493562
114961841
1547608334
841447373
-1853170531
-1007603627
1979382630
-212509827
800083719
734901449
-1256281665
-2030781772
-374182258
-1406664018
-927308489
-769608799
-1985750731
1885525338
-87771681
528158086
2527049
-963709148
-1965939024
-1153986660
-679425428
1995885790
1770538174
1883988531
-683691535
-1277651550
1625611693
-607199715
1298169963
874406609
-652856988
1671589452
1886252672
-1152447399
1547176705
-884119622
-1232537854
585344309
940897548
-535299192
-583972801
299971641
323615982
-506484886
1444083352
391034127
-1642153565
716687425
1399080016
1058776444
1313507758
220082953
1270321830
1737204456
452672589
-232392715
1590874148
1266670620
