1873320975
1207092586
438902049
984578061
1379196108
-964757025
-926571396
-1820896589
-1309706519
-1212256228
-360167767
-1321837146
1233104029
-1488009015
1883561659
-1887995279
-848777487
1016038985
-1542433975
-1955295189
1237742447
-436682139
-1349696193
2067755956
-703221480
-613082585
-1806411789
-312831938
-1572194150
739505160
219178614
1528108047
1962286018
-1726512051
781728300
-2097764988
1199003695
-1833684051
-757819745
1522721880
-1706493624
-401781705
-1529172337
1113406246
1810883951
-296415118
730879565
1314506028
-271922570
-1196121915
531662664
-1701819311
1787813201
-972926183
945555688
-690838680
532308237
-2137825092
-3452262
1782046902
1490364672
1776291464
494140203
545406129
346982978
-1921010876
1430604121
-516056822
1549103195
1064583241
-1715160665
1032909806
226920765
2131964008
1644989809
10308487
-919880588
72614154
-1170491585
1927853512
-1073782373
-819291751
-1912096675
-1006849942
579332626
2048279839
-1625930838
1783295281
-877137427
-395042261
-1395803728
551296627
1372187694
-1464980229
380162549
545294298
1856888375
1749960663
-703920752
-277719192
-875372935
-1500584518
106467070
-1831466309
-1015199119
-814138568
1525551926
-2121964398
-411703339
-1606739557
935413754
-1554663793
-789748470
324851790
-1808454801
600998718
1530064088
-1423839106
625058031
1735507029
1502855520
937766654
1572308766
114762045
-1281027508
-907304854
-832070853
420512208
-1449622968
1480039311
360955320
336390500
-1756426318
1788317194
1912040459
774698504
-1746578291
1254256430
-571636794
82501645
-676376134
-1861354198
1216783077
-1350765113
-1891026583
1533618283
-1289438874
-1455583340
-1564087092
-754495169
-1728481
-1026572259
-1151655667
1825520570
-1641035573
-1431812900
-1552523390
1147854301
-992912539
-2112455971
1680168223
805530611
-261925703
1130453960
-2106645205
1971799870
497515063
-1538734306
451130167
135115475
-72272119
1316723649
75569226
-1362726206
-1240025496
832005562
-1721845919
-1658734215
761843499
-800152522
-158292714
-1480652951
-2130340704
2023680978
481121950
427286761
-901603169
-1781503720
847956984
298155611
1126787803
-1098086584
-1821922974
-2012292468
-875478661
-772685990
1275589647
1885258592
-1375226136
-1335438525
781477399
-740831058
-2001626904
-1336936073
-561607249
-466197143
-1336163092
1877785775
-1009046631
1947148031
-501977691
-1395813397
174556381
-1082501371
-2045073956
851211962
-154821703
-389833965
-1434762109
535032249
1763083221
-188858644
1603237382
-827031720
1310279098
-925995806
-624783642
-675272476
-1542978171
-1278715784
743043977
985707456
831807703
1220376392
-204265141
-964894986
-445171697
-773200857
869885144
-8030994
1268209339
-797814650
-1667946052
-972343940
-1928482997
-305846245
-1416769733
-811934689
-242934265
1803012799
620625501
849135239
-304158910
-1734147943
1706655053
55181143
82076879
-1638921092
408148963
-1532972756
1583453876
834273422
204264831
2147370462
915114781
1899837737
1912634392
1671804421
-1907306093
-1979112955
350650516
-1478701890
-1268683411
1330030998
1502424153
1135829935
-375456890
-643299662
-986587101
1244912455
293404464
-1367559050
-2086523880
2129417034
-890992025
162449514
615372057
833906572
-1481788087
1421674211
1998805850
-980716292
1660197061
-669558360
-1225402828
-643323164
-927547246
1920568536
-20694727
781085806
-2038347677
-449153526
803690120
127059561
-725149608
-1153177162
11350627
-341902003
100267191
1288315602
465402878
-2097514628
-1292348197
438272192
-821280871
-1559394358
-821217940
107724647
-1585633840
-382149569
937318864
-1646522978
-978660303
451843355
-629624608
-330062383
460014351
-1483257831
-1116614434
-1074082594
-1310516075
1890415608
-737100121
-259761344
1049065757
2048796726
-1897958364
920663150
328109250
1889920286
2116672006
-1147973499
-280683981
1775040517
-771348302
441728036
-1094205750
-1047078961
214819960
-1441451370
-1359189028
690767288
1202579723
1066612278
-946233006
-2147469743
409417773
-535573745
-1026671240
-630470969
-1832812631
1483814850
-369756652
-1782726037
1389070982
-198217556
-772550982
-1099006867
-1240133255
-1890447033
-779280289
-1838087701
-590307685
-2041706543
-1095432661
149350442
528709723
267900714
-1100921966
160185122
-170604619
-268856574
-360777819
405098559
-429101661
728365619
70168996
-2096070299
-1041941548
516969322
-355157288
-1627777995
-623016805
-1955139571
-872175201
-598683250
241972777
-1817675432
-233532984
-554823338
-1578109697
949119945
1352754720
-1907605894
1351674269
1934189758
-733257907
-254601422
1663382911
185738843
-2021622823
-1351537271
-1816968375
-1881377359
-1651479151
1009675292
2043438656
2131441436
-913143792
-1361337567
-1314030340
1417112812
614696086
-1430298197
884640603
-934151098
-1743048931
-1218404565
-104497223
-2040374196
-507031378
-644613830
-304113827
1918800763
188377840
1626900884
1584928309
-503634091
-1760421631
-2057463705
-1434303034
-837295553
-788387448
-681922866
1569189725
-1286040661
78562826
-1275605609
70043018
-305713543
-449758339
-455357364
419066062
-1391531622
-121096166
-1454168975
1368667027
-172603658
1391301239
1625402633
-2098439844
1773675664
-2011632172
-1976169889
-435886788
372915174
1662504884
1501419010
292041612
924955549
559479471
-1417297136
-987921705
-1708349603
-1827528058
-268352841
715692057
71420410
2063879544
-251040519
1474490921
320177619
-1860929837
1218130350
1567637618
-1923727489
271795917
1255740879
-2022240023
-762863963
1147663251
492110064
-2073958086
734986538
-25190494
1424678670
553402180
-1905165166
-1725707946
2096962187
646055111
31855007
-1674600512
1483747957
-1922057636
1147467326
1615155388
-19730162
-1035190875
-1811474013
186754113
1928660616
-1216035132
773277362
373127418
1007029264
872859920
1147701408
1647441430
1936929549
1892330246
-543443494
-884111781
-1336269655
322799997
-1887943387
-1005260671
298571151
-962102755
1981468934
-1169350467
998396406
-1232142063
1509813603
-539002981
-2124888610
2129767931
336081770
1404285456
1560626586
-2009787352
471115697
-457720113
59251341
1664258564
-971448675
-1543564069
-323184584
2029231056
912163592
-412590243
196328819
417037713
1383867166
97620663
-2109659654
-1437153205
1226008455
365936344
-1180233685
66575983
1645811914
23147217
-170493171
-596946031
-154298640
-647641688
-326852460
421925725
-372070553
336746604
1705463842
-967146549
389397801
928114057
-201462447
-1830742383
-1206640867
-598232739
-228256017
1150549465
-1011523
1372286986
-233883063
895809588
-1859624712
-818842483
-157509972
846161869
879756121
-339854065
1404138792
733489377
1394448231
770044027
-732850025
-663757970
2139750991
887988560
1664362973
-1885105110
808943296
1808624056
-1800166288
328411318
871810838
-233851688
-617511142
1570999059
758267322
-1790228120
2113785085
-1118377899
320387015
1234889094
-1924238632
-316965227
-1227371023
-1840342073
1943243911
1734172203
598726562
457175439
-1539789104
72780317
1353315429
1341382306
1856811356
819735505
-1805990009
-850790918
-996864766
1193201162
346212859
-165535782
-1759356341
1463735057
-1610131842
-396419805
1422898226
234199602
-95562757
1329425381
-1708195029
648480874
1286906415
-1352965832
-2147453850
-1422497699
-1581536112
1900579917
-1682726572
439670157
-953628821
507492031
475343721
-1028741431
-1391314101
-1995434450
-992751580
1329630178
276570785
1617920782
2041854284
-1619766620
-1984201311
1631111356
-872739461
-370112764
-1399054231
-608804142
1099498719
1661297301
-394993816
-531940421
-56818113
-1395343551
52927997
1657815177
-51605444
2147090740
163652446
1108794885
889385689
-797823973
776395195
-9585913
-1969480387
835950478
1920916386
1107706888
146277302
451409609
90239908
149871605
-898637311
-1968003166
-1834651079
-985741755
-1234772536
1394113719
1271987680
-363979187
138661227
1056798438
1718272394
-727355438
-398842109
1845502465
234659128
250987744
1015307171
-1908307774
542325986
-534561575
1175593696
1076098044
1634613659
-344358704
215054995
-2015762157
2028906737
1438820631
-1188995363
272767918
-288047463
-59873258
-1821802902
1898202794
1464034380
-1870623138
-524128518
598614097
-418714645
-488948739
1481516573
1112464843
589971433
65688339
-1600603587
1073936852
1183331817
2063269797
-1823100959
101266095
958195621
1390635184
-531736785
689238873
-1797442030
-414458239
-1030095437
1738644482
-1523000639
-1322509757
-1920927650
1431133624
-1608668280
254042841
-587740720
-497443483
-2122779551
-2004636946
-1330648871
1843007995
240782225
-45548471
-326112451
-738520595
291996684
-612383643
-297985865
-1285897248
25862679
-532949440
-1451447744
737683106
-70584785
1232287091
483604880
183903323
1955480105
725679746
-1054006044
-1885330175
-787542886
-402784139
-1295848702
1258345489
1780385400
2085673895
-753351814
-1825370757
1668065025
1612757469
-1406601427
1503667677
-2133089829
2020799386
-809714413
383648244
1410472828
-571656528
871341880
-753749682
30523339
-985988582
1393929222
-303398844
-1630658809
1798212361
-906168374
948483367
152696040
-1553834180
-939052432
-1247122247
-604029437
1050826900
-652192367
464931295
-92749966
1941419495
-1637634385
686484627
1724507315
1654484243
-1349465666
1451844639
236722128
-1663104426
-1585053722
1274548359
-1814628416
-684347171
-1794199929
565028678
1675301133
-576974694
-1984996739
-2072293571
-1424163658
-45390502
1241138084
-943192088
-1248261802
346084118
916139166
264163282
1702220421
-1458850936
-1829676333
-963363253
1940810365
-333797119
-1644490055
1361019991
1157822976
-1278834055
-1798957995
1783498984
-797377927
-1535673113
1556929536
565711952
1034055265
1177669075
-1394562194
1393573616
41270244
1864196904
113024748
-1584490699
-923398717
1567872078
576606952
-552357179
-830054789
1729003640
-1023091274
164568820
-1346399833
1049572922
-2072043119
670557308
1044660130
984825949
-2105623841
-1495461267
-2003626128
-1526076426
-885715272
478119010
1082325726
121953205
517225897
1883592693
706885863
2062138490
1457913524
1131070836
-731608488
-1148047571
-16341349
-1411690540
362919095
-782238770
-1129128099
-547782683
1235285857
-1793531446
1908069376
-1467310393
738961137
-1564567151
-455748463
2128552860
316906216
-273884316
-906119575
-458766210
-683650678
-1617920141
1625912497
2134014643
-1587548666
-1389884634
1869796647
-490104289
776434905
-370196550
137041185
-1423754247
-1023415693
-270762480
2132730578
-2022349631
-2110506983
728765377
-670423349
-348164751
114162445
-1077754507
1312842180
422053874
795714029
-482203019
-812211555
-279800111
-1115915176
2006887805
484989087
-477770702
-2057461545
592987862
-56588794
-727137276
1177341177
-2070658140
-1975183677
230362486
348693439
884452988
966418301
264198056
2044194362
401026361
-388953895
1800910245
-1152400782
-1002018800
730917626
1263381905
838513802
-404861472
1691852107
-298875106
1356822049
1253231054
-406208901
-2117104316
426215418
33930769
201472201
-418826447
-234036770
1531861002
1222313601
1375431805
811578560
-28765801
685718213
1915115681
-2136757470
1727394727
1666077328
1909359017
-1353299016
-1751126511
294982136
1139676713
434528842
1231116449
-1172278862
790144621
1040093918
-867765900
2100519131
-1991983885
-264013035
-1468797819
-877633803
531761693
-964164139
750708871
-1353436625
-1235609822
746640680
-966206220
1341079016
2126820421
-2027297181
-301181595
1308573045
-302475702
949998730
-386626012
149120802
936630052
1717591282
-1460582913
-2113848457
580865522
486279720
-524986018
1456506043
1265300012
-126015215
1830517400
371804861
837860889
1717988434
-1920099455
-644432175
211731588
393077233
-192881593
-1507957735
37776814
1648303932
1975587710
1226504197
-1312157818
1742325481
1348748152
-1849762020
424236311
1540345214
-1494249254
1456085499
-701486783
-1460068365
1589415531
1446774430
978786475
-328691563
558297647
-628526626
-714121480
919088684
-1275590732
576961850
1500255032
1577150816
-24742998
-978969383
1559046048
-1200116648
1784028345
-137743921
-1741803394
-1771943773
1605193103
1452639391
715531878
-1891836069
1968268343
1858446336
279222193
-15489145
-311516495
-795284508
-1274282713
1004746433
-1395395394
1064188085
-384817669
1687793688
1623506682
-1969878303
1524297463
-1681818313
-1053816016
101965464
-1956071177
-709102138
440247785
-2135508012
-384740709
-1879795441
-1374224058
1440498329
-498513609
568049124
1205530895
-1264470147
1215485198
1543625920
268997643
276485227
743756992
-1281697748
2057240209
-1872862813
-851342336
-884807836
-185304481
640998148
1314789769
726992698
-702451799
808822157
-149497774
-155380423
1577601909
1436784929
-1948508160
1261304076
902100773
-266214774
1040586907
1464238113
-1377585835
1055293887
880121220
2092289929
-1134004250
-643831703
1567828902
-1441099743
-1414724773
574061731
615315180
1986410742
1152217955
-1762458623
-1857633550
272636901
-1732250442
-300729644
-285766914
1299847298
288213028
1630411691
1701479729
-1151133381
334553834
-714630373
566832377
-1897808196
-314916793
-158082109
179765449
1828969875
715012174
-2105926006
1717495564
-799690217
-1476431875
119534378
-1614975402
119402118
84555407
527985906
592600284
-2000025747
1965057038
-1387569209
2132230950
1873306188
280431915
-639309461
-448788990
-440120711
1194500177
2036189953
1881510843
311545924
1757364215
978409168
252328075
-1051330981
-1448874443
1306392135
-1972746675
1612304752
-2124128870
-1508275136
981664630
-759333352
-118588612
-873252984
-1226500795
-1079373578
-917633521
-1525663329
1099356473
-1309678312
422692730
1456080315
-31563325
-1852773216
137576743
290438162
517081661
1284302758
-192224230
-984771239
1019860506
71279965
-1075305211
731972231
-1256517795
-117460108
465961433
-1312258850
1814747215
-1276239938
-1173762912
-1423277525
305898603
1791897620
-582791287
-146892469
1722076317
1170617466
969055812
1129921265
-210586965
1767430016
120137872
1418824359
-199153677
1912115434
-27205103
-952775662
654904150
1351425682
1396544358
1573052537
-181054860
979183501
1622780027
93821063
-421334503
290221453
738267162
-605757872
-1221436938
1568747653
1519517896
-1243087983
1858631571
-1651922798
333756110
2089582651
-695700348
1883552281
881360789
1365740850
-529620006
1784629292
2025170487
970360657
-1742187812
1785317681
-331803311
-2128120143
-24416009
-123731515
647479838
877762091
1305232114
-591984163
563426497
-584526054
1736349029
581173294
-550911519
-799056539
743645803
2039484367
2141866363
357840828
-1084678506
1146399771
-760443150
-924919775
-157867741
321201883
575700586
1094389929
-1471292562
817431717
-632818857
-1859020669
40522664
-1264798850
1870386256
-2794183
2144638662
1317308358
1539741737
-789699530
1755518396
98050901
942245951
1152204935
-1777720854
594193120
-1335667691
-70164251
-1537065770
-1145672287
-1172059617
740997618
-65589476
205054775
-1048458786
146870467
-2130896222
1895179210
1226162988
-185505378
363330575
-570868110
1332500184
317808388
-113946755
-434564647
-89527179
1216505073
-792802196
-1298167010
-9350801
1082096737
-1784124166
1357606652
-1364413090
1368660758
-966052784
839061803
-537290850
-1575793768
-341743521
378576389
829258271
-1160623747
-1909443892
1042733677
-1972212359
-547742230
414571816
87522796
64473666
-1795686311
1025711204
135432988
1814342563
1819049884
2061049731
-455587255
-1979777239
1333114657
1628263825
951962196
139673048
-1267657610
1875844819
10357722
-32103803
1662349583
-954540737
131086998
926609765
504267847
-1708582866
484284675
-1962007328
172945828
81766223
-801635771
2127401899
243169118
87431391
666641993
1599366165
1732116770
163432214
-254221270
-1555930976
408134419
-2070851356
-723032362
1567326674
-1016282864
-168400419
-1915361295
1993720141
1397024316
-684182160
1057045753
1297648157
702812346
334471519
355963562
-1051567535
1922004408
1767011178
-1683948893
387869132
2016674223
393805389
1072738120
-784504228
-1883105048
185971181
151794154
-1681804021
661019713
-1239876915
-1501321435
-373262155
-939297232
-1771100986
2131301769
932101594
2047685640
1118647543
-422942084
1235899317
-1171951749
1214050041
-160667298
-711198067
1893698655
904362327
-962402066
-115253430
-1407742283
-2044635843
-314244372
-1044202422
-476705562
1953602926
-1249764866
-455003275
-1635089842
-507920261
-2017011241
327693710
1610204670
-1295898063
-1926261355
253594316
-573134403
1950584915
-1336432534
-1582247767
-44628656
-1913923960
2016132222
-949714696
-1351110149
272154006
-1017177068
-344467907
650525255
-806235696
1921151211
-333831880
-1817230844
1622035661
-2051238426
1235575747
2063395473
-580198822
-267624722
828851421
857782106
-973172559
1594129175
117223941
1150858914
2038250474
-782183167
1253425612
2021126786
-1551287119
317134208
-1262703707
-1172935120
-461544904
-151376769
-1659639553
-2039663740
-579647633
2137195553
757912469
686240952
-658928782
1884209704
-770091772
850921071
2022743363
933575578
997227421
1800779256
272371384
2061532833
1009191036
1858289619
-1444830538
767071923
-853914919
-1926403469
-846296417
1132785394
2115820701
-1892415163
642680584
-10029356
-415624136
1331031024
1489493935
-1570247418
1373519793
-1282015778
780822188
-454167411
1440677118
1322539515
-2123433243
-661989330
-1707064427
-1480698180
-1505215033
-1301733360
843576130
-270217629
-50565070
-1413325409
641399867
2025334656
-2127844684
-686566990
-381913999
-769793606
-385555207
477417711
-1401410008
-1622431025
-216039294
-943420818
1615307721
2127577048
-816428395
1453003932
-1885778697
309501649
486287732
-867965855
902803679
924077145
1234299089
1841697413
-321992236
-867454539
1638390144
-1184820401
-582775270
1127733018
-921880466
-366295954
1335538177
1281293867
723161297
-1142557411
-2049378507
-377626432
386108832
720817281
651730260
1782945768
-1443893690
-87248299
1335150529
1046638385
-664628591
678403528
-1067127625
1543907366
91279856
-2124878171
1335337376
1423208984
-1078226467
782120116
570251431
733518369
-2059481192
-1812559520
1239999372
-250103963
522424597
-1081516135
-1892364362
-129837157
2030793014
1291841019
-734400626
-985600053
990657340
-364865745
-309025526
1161860440
101009787
550368401
-899956345
1786626881
375364429
171534099
-2126180645
1315450787
-1931159992
-1296870816
-1704929878
-1097140862
1869129395
281110084
-1378421512
-889284920
247673653
918919754
-207266048
159029901
1280481231
814137254
-2146889917
-835957864
-769352693
1989528917
-784871965
1382832933
-985065355
24726146
-962440144
2034592744
-1931428022
1899658027
-1386502525
-1717974703
-1316799377
-108645628
1773909834
89575185
-2100109148
2035118747
-383735964
1039713501
2076396537
1693463228
-2129446993
1099575922
1551616896
-1514208746
407388126
-1267339304
-1441440189
-549037794
1665285775
70481386
-201353864
1688258610
-286042468
-649514220
-1814641677
-1405393918
-1997451856
882436190
-97963813
21632043
64118813
-1868148054
1481654688
903850020
-1469907475
63480889
543018796
-109586851
1993458998
540775027
1735203416
1677691301
-554676814
-1559430169
1739199393
256516299
-780363378
-1489999217
-715593190
1990755464
391135106
1188165209
1347622308
541144988
596615713
1586908130
1091457117
-1944664778
482658418
-1928471676
-392875178
-342085224
1937157054
-662866798
1293970056
9261306
-192475477
1853804769
612021255
482027695
397291913
1210045579
-1991696777
1692057222
671938539
-1169193489
2079603391
543619698
1933792121
-103546373
847656189
-561217939
-1543370747
-1141575507
-2019751751
-2044684136
-588505893
-2051392042
1590641756
1662170022
-1324511396
324475424
936710114
-254154373
762452685
-195721133
11430606
1700174863
1421879660
-141100333
1293604190
-457557864
-1888927036
8570220
-1371154176
998607080
440568642
352544594
-338746364
298858259
-1351800569
-562040478
1049373842
-1189976236
-610295298
-150008658
-2134077731
366185520
1499367217
1945462072
516528792
925882588
-1513881256
2002353404
-1350777943
290977243
-463793485
-1187828941
-1180702180
-1941644309
982295065
-81966122
-1386893991
-686556895
-1939233969
269771616
1747402393
1092486226
92205213
1620392664
1105749654
-300080459
-32200290
-1187334130
753513089
-1461894202
-1861997736
1579841060
-1645478855
440129388
-445844085
882106959
-406339143
1592410717
-1421733555
-1115823905
1592655825
-1615285055
1194249430
1180384892
-921730024
342181653
1927995544
1285452209
1620240928
38109522
-939306605
-1911983954
-1991198741
-2065780659
1973331174
-1744920759
1871728030
-1864127135
-887605080
417601862
1387764852
-531301302
-491268616
2147146967
-1916086027
-1427479725
2122829906
505387365
1475910758
-155491916
-1768077788
-2063391088
977414531
1284384821
-2125769056
516220788
-870922133
-141887466
1811112148
901357102
448032219
462162994
-877551625
-137530466
1301225886
-1507823519
-783894268
-2103953555
2015615044
-556111074
-392950388
287775825
-558713839
2045271401
453633992
-621841265
984080696
109133038
1522783213
-1198378303
876183881
1067191399
1795209924
-548392231
1949587942
-1426328002
1063883129
-477393051
2052602557
1997598069
1332916914
632456980
356535985
902232266
-615435037
129283704
-1344091046
-681800683
1841222112
65776141
427211184
-1225092107
-967035981
1970015353
1581627138
424613803
-1523926353
-1790642923
1440417068
-971664059
-711716667
-1534649685
-1000326392
1720089598
403119637
944107137
353066532
-1369872156
-1181273400
794878870
-2121706827
-1852044869
1921219100
-1845270997
-645212468
-1856386527
-2074473793
-860993660
1833532615
-1976652046
-1748293535
-1132092945
-247637751
480379885
-294221180
1959426309
-1886169363
1439416215
-1757037419
-1508402641
8349943
1771159903
1099164480
57508204
478480460
888688130
1830073088
-812562864
1317255012
-1596756432
1110492148
318690639
-302220291
-2116218001
-1708626183
-2014381765
1742767186
84813632
1377398772
-2097809142
881355660
1146546303
294029679
2076691933
-1619603080
448084751
1184154983
385561917
8403323
1835912630
1369141091
-277535833
287139010
-1122551228
519117768
-524657846
-749954115
712279035
-1045344149
1123887886
213490381
319723562
-639917464
-1298556456
-1607788997
-967658214
-1796842191
1863483916
1001392492
2146818862
653002473
-1379507885
-2097789614
498838597
-2059643406
45801629
1708585510
-540975774
-1769051196
441079913
-88278957
-1051484529
-1298437888
-915483325
1985250485
-1755276035
935702212
471490702
-1523442686
2131067760
-756915903
-1446735485
1142092168
1154030809
1216348041
-2075022727
1329558808
839613764
-1453448019
2096612966
-1397470142
609015028
-1166555641
-234169691
-1371198783
1735119308
1833075411
-1746890503
-1003471304
-1826737425
-740632316
-1299628591
1020272927
-1695780181
1610502997
2116777677
914721015
1898162834
540148893
1420037504
-2066668603
-1900079639
1434772583
-1058770313
2083084477
-2038639034
994238657
-1348090758
-1734418372
-2040013196
1508292948
1504120849
756967163
2069571481
-1125779532
840008521
-1689472895
-73362277
-254568199
-335177289
-1847726887
1662003134
-1307886450
-1459583811
2110853
-1170575727
-1528828856
922309644
-1938004558
1433618442
-1670983238
1426694761
-1741700692
775973104
-1113101113
-1469199694
397681043
335626873
-411033736
233105699
-1670147249
366751539
-47766770
1966681301
-457201728
1113000486
522009179
1782398344
-1579950278
-1228958662
904443213
-804013663
338553136
1273646038
-129721909
1566707829
-872568018
756325066
1691944387
-631227193
-1592114420
-1423868306
1800347267
-2134170737
-1559725984
1748373003
-1159454392
-1311270147
-646819532
-399670408
-1295750892
1268800956
-1489584648
-273503736
-1414496828
-1905693061
691245242
1346820003
-294815
-826822744
492516243
-1721969614
-1475114827
1004778366
-1848978844
405820224
465160225
666568769
-1783829566
-278338595
-1541831250
1530102984
1644133678
1461811910
-162904223
-1033348804
1578385033
601619138
-373637934
-1085216738
638886086
159014734
1606893311
-1424118898
1748665313
349007228
43514205
-366499127
1393154063
350424855
-1097854928
-1440529421
719756854
322747403
-1269278693
638537238
-484050018
431527427
-1624935686
-1687824534
-1385147159
-729933228
612525551
-123468842
-181033920
-1209430503
1709571259
2056441782
995393231
880773278
971673166
-1273840930
-2094563982
-811319295
1080358560
-406282273
892599472
896039958
990960065
-1138082936
1878026215
813192075
-1319795665
2102208687
331842505
-145352884
2047343719
-1396485071
2145479686
466489384
-1220273730
721169718
-124635062
959836852
-1749044112
-279833159
1238989930
-103469713
-1684520199
-262154425
391976921
1375827238
-1983088477
1974607878
-755169184
-1571998822
-325535392
-1163572232
-624610290
2010889311
386299609
1082130049
1373462124
-1530303482
40618694
-539013082
-446251787
-1730931330
-258350465
261198999
-1992696124
240279991
-1269952557
-1387725585
-126952561
-11598457
-429747432
459250233
1170537939
1149694417
-1871089021
-1032158155
1469996112
2052579811
-156437831
-26072996
-845736264
-1331762144
-25787227
2143421730
2047289762
-933431074
582368396
102913402
2067336644
519127953
819078750
-1575849825
-1240557983
-1860679128
42339149
-96280048
1366344448
-371208521
-1334739805
1127906779
511604830
1369886549
201013200
193066270
272192677
1095407687
-1728170046
-648696118
-173075747
1007703133
1646659449
9824426
915485089
569163676
1394944474
2091476131
-216805098
834789404
-884364606
-360241603
1745353753
-633018061
-1230951075
-1352661919
380948663
-1363366701
488573881
-1599532188
-533316639
1290485552
55335829
517221188
-312525728
-1317293915
137555071
85200432
-108470010
2054619608
229741341
1516106573
-141134299
1775351323
-1401334326
-1699579465
1342871109
1062578197
1356353124
1205094341
1552945680
-1086192479
-898607773
1177737872
-1273699439
-1674211339
1413794350
842287542
834969757
-1919575801
-1251210071
728826715
-200073071
1374043947
-93946862
-1423915920
1725909309
-860951040
1692798733
2032685367
2143368991
332411789
-655435524
472625670
-719964973
-1226943322
602542228
-1660880822
177223114
375800724
-1312134227
-786706482
137742394
1731779828
1727652952
-901095363
-1642417579
1228050143
-2135540938
2023768805
384347836
1471401547
1107479303
-168521539
13827126
509673136
1454080385
-1792783191
1191621788
-1660506130
-784461470
1788521979
-262856936
1542018669
1771811272
464850749
1240756622
-1131028091
-1458110784
-542079699
1913042265
347788320
1412878108
-1960091128
-1805794502
2129118110
175117192
-1893390069
1743686284
-1836359432
2125861599
436975158
-1277880388
795242535
702650298
487366227
-1427239431
-1423158842
249881418
902695734
-1943959513
1349518070
1372289383
1159895109
650548504
-1232685183
-1964893720
1920987962
356893437
-386436543
139754293
708330791
-678138342
480329666
-1890346471
905095098
-1970682184
926414630
-1414483236
-740349246
329892448
1028760905
-1761200240
-572051983
-99521467
-1036188124
675895211
-555543837
1072908545
1165734006
-684462890
-588608674
-875970172
2051069856
-2053119741
-1520105509
-397358775
1610598352
-1595252283
1305741893
632763337
-702316446
134640859
732520704
948661556
-1833234302
-1924414963
-904425940
183405150
-1568892395
-1903712709
-286597334
-36445193
-2110054695
-140254286
-480380834
-1312640769
-2062976054
-1516796991
1271191862
-1410182024
1225209543
-309609077
2098568299
-722382244
226099829
-2140670433
-1845069689
1553080273
-1985930141
-896193083
1726792870
-1294450022
-1965168273
-1409651046
67175808
1649636305
-459312025
708382815
90719910
83737043
-1019956494
-666311283
-274512885
-728978054
109294769
-1207851604
-1979177019
2037735057
417472673
-2061489948
-940318699
1810205572
-1825725246
-1423226668
950817188
518791255
-1610007555
-1182434654
-1514345969
590754009
1326345794
1748334162
2083215013
-1016798696
605023984
767655771
-562404497
1398011671
142425466
-669113737
407717488
2096100542
600648774
2037021882
1893587757
1807094033
-305172008
-2109644826
-1684237713
1927766436
1495509039
-402135044
-562488762
-48497330
789995119
1528256022
1337918033
-2055600867
1997217983
-1876343692
-1436426179
-2036348791
77896308
-2025158701
1263057034
-1601210133
1732916847
705319429
484487061
1490952239
1975312834
132147646
-197441838
1582223048
2002965657
-333542485
477932120
-300010268
-2062777001
1634617544
916640418
483531488
-1837946369
1696462322
-453607789
1235447038
-1160549419
-711688005
-284997190
-774844843
-603115196
-462602883
621044439
1267918600
1591452162
-1288043855
-1937267042
-1236606534
-1102657167
-2097470079
-1813962054
1779878977
379747144
-1757271141
-1155185388
1535037337
-1014735246
1206732359
1610627924
-341216486
106250806
884402875
-98220377
-642490643
1656758679
901127085
-260503613
-1850584644
92502268
1621178410
1606813479
-1868153432
995086868
1164862374
1392180647
-1646346112
-223827469
-1425417389
1860608295
1620339503
460002688
2005650613
1482488230
1071680628
-1292908525
-1008959114
-806452610
1514762969
-1829478310
709817462
-770073623
-998483491
-170778756
1202136102
-228388665
-1550027149
-1035571585
-679299562
-1689602915
1376900783
1718867438
1433386955
417160672
-1254487874
-1962390603
879151318
401981556
-1710768873
-1897923760
2082101793
357690479
633198576
1196026916
1876930187
-1648659167
-1446664718
1401301548
588863671
131892312
-312006609
-1318365992
-196742623
-918790689
-249189549
-1751402447
-1889392783
-964552888
1827806745
-1248832448
-1553025517
465864683
-1484268799
1296201392
182464263
815445294
-1990207169
2074266290
-54029579
1561345797
-202278666
-292093152
-2116019324
-1797943108
-575185243
388334309
-23083541
624679412
-1612574239
520660891
523072199
2097746922
1527337796
-262563211
-587682001
-1557096705
-1480041051
-23278754
215776005
-1488911244
-1371502967
678984290
-646471537
740329588
-1354698280
-1962937523
-2063961787
-1346586537
1787382995
-251371631
-1588397076
1625526564
982041669
1149653612
-895610909
-204514728
1180281336
208761674
-1756061252
-1102614299
-1848803990
796781159
2031248653
-2116796803
-1335604287
1957262264
1498132360
1034215695
1581619963
880032779
-736757431
2125022865
-1593813911
1915481196
-1584951697
1129038080
1681547869
-732854325
1768441325
1164007076
-741346014
1154285275
1580618145
2023248536
946709292
527146556
1629453222
-1440687735
-2068850544
-581649701
2042651878
1472431805
1921337781
-520994663
1333827826
894850391
1647926603
226559786
1484491541
532699609
-1452883588
-94957249
945016997
-524218391
-1486774174
36444647
-2125517667
-1632092073
2041325496
-57469902
-1192279960
-604519586
889149395
-778469097
1076098559
-1040669911
-241349166
661372823
-76417227
576807577
323058964
1714141985
1379452497
576941125
22449130
421108792
719932381
953281985
-94320755
335830866
-709431875
-726359261
-116956334
-1561168381
-1655012478
1027430083
1628829467
-1236216229
-954221568
-1657857727
-1301090031
1777933451
-840251363
-1892518453
379514511
1195745998
1349345003
1182934687
-1105448863
880063365
-1902153991
-1139798577
-1654874579
-2079704668
251728101
1140487747
-808973007
133272397
-1905225930
103145732
1381219886
1410820793
1052284776
-145759561
-1321253213
-2058503841
1839720519
-768354970
-317040322
1506433358
1774522752
-358456698
897196431
1119013086
533076084
-2097600203
184297214
1210975367
-702736817
259523778
27257599
1033870096
1198007129
-825903246
1197454979
1480417259
1789141899
-1680999039
-2071704911
-513581089
-1914222491
1732201575
-625579819
2116025319
794909694
1854849627
546071960
-2001973670
-1246942884
-540210660
-662619279
-853328309
-580938235
-50383122
1596313691
-754195150
1266041046
458939618
-332111160
-814601525
739293714
-1426790053
3756501
-1584219331
1744611517
778502092
-469519170
1959639935
-1420922581
401039046
-616335981
266723319
-389730093
-1903455951
1877074731
-1580742301
38937448
1529769945
-755175847
1232063484
-469187286
-1661585620
977045085
1463977176
1564362360
1644148033
-1883453283
-1399922289
-520870742
360698908
-415303787
-533299679
-1408041955
-1577253840
1342074122
1206091031
-1967659122
-1336521948
-1767507067
1912684007
388497579
459668186
-508202241
1612682652
706926055
1349145772
997080280
834563510
-1232737907
910073080
-1034337522
1459219790
784371224
1829987038
2078774954
-1620209538
716747713
1576861768
1993509245
-31010305
1974893400
26973738
-738775284
-35239150
787849815
1603275018
1739880648
460877220
-908518349
832946626
1653760386
1826438316
-1649513227
1976645252
-244589539
-1517771049
1303615753
-39878625
582777220
276522855
-1444168106
-1598849152
-481429026
177115480
494643854
-693020806
1334918400
-800446268
1091109574
1539391177
1538344483
-1522438521
2083246152
-1646334380
1512457942
-311049690
-1582594392
146485169
-897981131
1575697900
1279121173
-1639362578
659370331
-290950826
906945776
1802140302
-423363052
1477238192
1774170018
1589985489
1115721943
637540607
-1459567190
1677185337
-1886003981
2000010017
-1195600652
-1153981624
1384496647
1675655474
-31069071
-1386636403
-490478154
2012287794
1614054115
-1838552095
1670213787
1067710436
794990328
-978635794
1349539451
1407894264
-1222902630
2034804208
-1981994567
-1116931732
1921002373
1316959167
349231630
-1431459794
-568450279
1354631180
-146051464
-23475963
-748013711
595513322
1294199411
-224554574
-568648781
1335531664
-585575834
412946770
1084013993
501761373
-805305504
1208926214
1755104912
238936603
1525666307
607970517
-2137139920
-71412345
208053440
-895683120
79414572
1710307345
1259699524
360339062
-929261669
700109535
1984242993
-1692133286
-2010197802
-2111403241
-216731119
-224157182
-712024173
1062616413
1917670535
-1224974318
964583730
1443712410
2138023622
-1890392918
2053855063
-730435841
1179643463
526129419
-577330504
-986748855
-1206090570
106653056
-1890625737
-124364730
1317198892
-167709829
1077001522
839401111
-1965043037
-874025475
247206938
-75969354
-1688385370
2055398459
2077518402
-775437510
-540676280
1464382078
-147612167
1740136282
653492566
502437194
1666636762
414424239
-1421157425
306006722
953822817
130436925
66890132
883254858
-197922110
-824682061
1492686427
1907047022
-1879947531
-1909816334
1139555561
676396289
-1508326123
-520309301
2022065280
-636188279
-1370611734
35035660
-724999787
1859675610
-1049725756
-838275651
247606726
944106752
2131781258
1637744551
1118702346
-194198430
-1546103279
-1521212395
181437993
84016931
-1588180047
52764894
471329903
434344907
-18848234
-427174495
663292060
-1062533082
1873076819
534357074
-1284162786
-496732308
-1437855428
941186550
-268607103
-768780639
187944436
-1723484246
462897446
1842387774
-1730983484
-715027479
-1250793166
447490065
-345030354
2085645325
-2014003255
1736811617
-617353663
-905296362
72756860
2108891477
1665879087
-63102295
-1394204161
-1554108011
1658552348
-1942077604
-1929588449
334386993
1732410168
-1602483920
1464172274
-1122899006
1654729231
1270266718
-2077348785
-1129650482
-1608923873
677226070
907832448
811017840
-1052109141
1472946948
919490870
1218584120
2143537614
939226708
-1136025156
174592079
248649426
1391995128
-349515409
-2033109793
-1627561790
971478888
323512686
130905009
-760047555
-2037694934
834066829
308253718
595425164
24479315
1401152654
-1416558837
-694031369
-1922230708
1983912850
-556421225
1339179091
-1582437671
-1713365812
-1623634568
1183112415
-1187742633
-102332040
640052734
-1488605103
-1656785851
493020939
1966147381
462198315
150517509
1566629804
-1974656695
1097027154
201246178
455513570
-1183043034
1304091104
1167310164
-1973944435
-226357409
33116472
-1832422525
1241545754
383556176
-1270446245
-616137975
434313714
-364410235
1806634617
315624956
-1970979021
952629853
1385853387
1425089834
1299098017
248617450
-1400194913
-977059930
-1286276642
-53367781
216565428
-246309245
1318600153
1703555613
1426091463
338688223
-1395052924
2020206845
1686848621
-1493570525
-1312222007
1286864273
-479947229
-735925112
-1965127234
1377082008
-374374237
267434460
647595542
359511328
-287600008
-973497211
-172722982
-277234905
-2063565100
573435590
-666419879
1016596613
1176550049
365311552
-4425635
66143752
-1722788139
1315262908
1070089375
-1503652128
-943805430
1607302951
2006150780
493664317
1115073357
-1697563171
272948967
913340214
311617589
922325290
-499219039
-404741908
-1545621449
-1813027060
1979855528
-1660235537
1857471288
1951278909
-1945758996
26001888
1317372260
2036444785
386384968
931923030
2015863357
-1498269220
-1981270865
1691303941
1129171190
-513472778
604618917
1897718557
633899522
-761222270
416105713
-1638702097
-66734617
697330123
1331828624
647067862
-1063846569
1368524081
-2098717716
1087334996
846611072
1875761891
-1356700082
783868795
1076702114
154223341
-1762909552
1235805325
-766850334
2059369845
1720234518
1319091174
1256943454
1655550016
-939313922
1948592410
-1614548096
-318588805
1918956181
-1886974374
-916251497
1656476856
1085101325
-888712165
-1569661021
1526950710
454913132
579986168
-1780703377
51867749
-1913377592
582866903
1349040101
1599156648
1588583345
-1133816245
1376971421
1989707868
194797805
-2004771527
-876707658
-1784104680
460156522
-1721286211
-696371735
1361937206
-448875664
487109710
1093222619
2032346258
-460878059
685732895
-3666767
-1521724015
1400042998
1135514824
-1675986967
2117960037
803438371
-1261471195
-666719128
145538702
-1216951205
-1993085314
1371333838
1705659299
-61161096
955315944
1014870801
442340433
1526349612
662178282
-107635639
-1323367772
648959213
47877218
592584136
-1803083643
-453239251
-1781679959
-943624339
1469042051
1656143567
-1562160139
-1560307911
745311445
132133589
667801087
-1039621598
1384853407
899343709
734848741
-1506470361
-2088870028
-2010561843
1456035664
-1237126748
1655164188
1561836109
-1116342567
85904359
881854358
2122375797
-197333848
-1916409086
1966489440
