122830908
-361935223
-2395478
-15160578
1941061936
-788389933
418499602
793653141
-582609914
-967219955
1663516793
-754748706
1779689135
1752658601
-380919592
853613078
19509074
-1001527698
1282005935
-1348987980
972272700
-391593385
-619362283
-1381071118
660545300
1075302843
-2617840
-777144436
582356818
1143389357
-1985003482
1214505415
117825521
75001253
-1154057676
-1332129100
-1112042398
-25121441
1424890237
-1681375051
1259184324
417405186
1109680645
-430233536
-457604782
-568535419
263922975
-974278430
-387001060
-1884771506
-1786200763
155737735
-1602162694
-2104272613
128742183
-762342664
-1645013060
-1269013211
438018054
77767588
-986521434
1464708482
-1355931327
-1456470110
-952672997
-1945210678
927330607
-103816714
1228346519
-798184451
219609392
868641810
1674704354
868479652
-1529777922
2015626400
1923856514
-566811339
-708681912
957408894
-741973648
1264888251
857935745
-445723639
-1363943665
160631478
-1157000972
-170196322
-776933287
1171136575
-688286949
1170190942
1160432475
-1169479824
297153329
-657760720
945043171
686582786
652906246
756146187
579210102
-1104975818
1682452753
-460692107
1618104199
49970937
1175955915
-1982713786
-1594858778
1174254658
-332862918
609492913
1184623990
474744766
1825977291
594625924
-1863875293
881939887
866496869
1330056110
870268690
-1220353519
-582808134
477343234
-1058627559
-931728898
1414240991
788663353
1468047472
38934354
385670942
-2085480387
-353913175
1636504210
1585355531
-1637653340
-1691935267
-1171230967
-1971413804
79402874
1036372775
1609121076
2019947741
-42285757
-31013290
-593719457
-506175604
327940159
-1345725987
-519988081
730331232
-939497489
-271397362
-1235964510
832866888
-2079841064
-420699257
1837840565
699339058
-1813824378
1946255596
-1994142011
180830433
1509071315
-896055338
-2125152360
-1963842301
499131752
1479279882
19306461
1910910594
-1035343228
-1041453075
875945362
670712346
827606012
1658055991
-1297502555
937335851
-1824303742
954583271
832775646
1021287887
742151465
840473462
-465327621
182441775
1683188008
1170902607
-1700361444
-231218414
-1852629539
1906733949
-83062175
-578820170
1274460181
802284709
1681811409
-1020276509
-1522473078
728358199
-116067715
-297756868
-1792238164
653411296
1113921252
-120969001
1309543588
967841602
-1602324583
-817969392
1255543445
-1272106521
910367778
-1684148838
-1916103388
1285544306
-136830429
1258690262
1265275194
1222610199
1682824380
1320022375
-1222843640
-2009872564
513803822
-389883130
-1279980981
-622811456
-313202748
2134094994
684289744
2065740428
-1693672464
525099882
-745871046
-1434833496
599772851
913806335
-1098542077
307342751
-1937792958
-71200348
-1951455040
646113414
-1669427738
-1542436952
1470590376
937684522
2017756451
498188197
-397183146
1646674056
1231979804
673427738
-867908914
-3375231
-1199803851
1879832119
132737981
-1222468658
20316154
1048771064
1771242244
-1617836752
-279325377
-212962443
-499791497
-24606740
-1764209017
750518903
-1768271135
-238891658
1124958889
1118863694
1339544907
1095021676
-377197136
-1099292703
-1836210051
-250186811
-1861786109
994089989
-961103419
-520176310
593510341
-1395643630
1448736758
1784435524
963428990
1362159795
-1677263949
18269558
-1269672710
-2042241282
-2093060115
531204429
-1645870223
-1395917884
1088028329
1724637525
1946960871
247629609
-260061690
-1167374353
-249160491
499904374
-630613634
517296449
-1126723063
397344301
-628583573
893991021
2127395786
1359858269
-879641907
-168260604
1055337535
-1041695688
-301416118
-637424196
629835536
2044409314
1093279093
962992481
-1037078707
-194923125
1776682322
-1968593143
1469689743
-851147585
-1758327526
1122450571
184991836
-1820210948
1527737914
-788880847
-1744367409
-1018885756
2030058145
203845292
-1676626568
-1364427147
-2054815685
429407816
357802368
246136086
-219635528
1671211360
506842641
1786533234
-433299055
-1804095981
-1268780044
-1576913621
1208645707
1693286711
-844514437
-409803897
-651192579
1859320461
-1732344160
-454300978
1127759120
-2051272650
1765947758
-954858792
-652554170
2119308646
-103832417
1924649185
-433339907
-549277610
-945785210
926175391
2062042291
5487487
-565651921
1478376086
-830974516
1547142660
1676610755
-1555366998
-1012850797
-1015011473
705290545
-882568714
1676474238
432528032
-365524469
1015472859
878607541
-317746175
1147230637
-949723558
-396846379
-1716238594
160073891
-1860500570
-239242000
-1905357132
2132984396
-953869580
-857572136
1524084200
-1735305286
1365653654
1008220828
1797921338
1362115804
487873863
1164478547
212010649
1730687967
866273224
102123031
-1571970823
1767492304
100977579
-292173228
-648546493
-299495547
-1611251346
-681209278
1771878285
-1733026371
-1518836790
2141386415
839663498
1820257158
1879453261
1370417410
-1403867324
-1781991457
-1913876186
-319619973
515896072
-414597219
-1772483009
-1642643521
710015136
-1539105646
1428329361
352168595
1410368455
-261426454
-214554958
-1042275353
-1477618215
1056428248
-107072078
221930518
928160970
233137266
-172056280
1492727660
-642458280
-59773990
-1948986489
1761404136
-1994601340
437519261
-377456203
2106899778
-84882371
139622239
-1564036898
1618351663
-1517486242
-78776138
-105267836
-1273940510
1756637403
-1236082602
-1594056742
-1840581930
684902966
-1615372945
83564882
-1966470198
783365431
-444287150
-1272711308
913538061
1304986843
1077970266
1425848305
1033981947
775532940
624361737
-960308744
-44843577
-1952107374
-1944725903
801140935
357860986
1796533961
-826730795
1354681220
-2109676742
-820951404
-2080231025
5981772
1794015951
353743121
-1851058381
279943308
753163107
707271309
2072374004
-2030029680
803755145
412738106
1119610438
1027116121
-1724969600
-30384865
-341552444
421941170
-1681177673
1532892239
385269332
-1428031611
567188883
1897214557
-2119578231
2078552682
677764464
1313788942
-670937016
-1205008768
-178863898
2011836496
443317421
1272626304
1441140813
675400555
133395503
-1898190834
848339586
-553375370
684291841
927539538
-932554518
-255806453
1570073019
1856521159
-459122762
2138097470
1549832505
-2010888622
819723880
2102401482
2085202115
1122107542
1543529622
1087829133
1003533934
-1656000122
455368430
-1495536330
1289830849
-1179624645
1297830009
-1643505604
-873017190
-80459769
739200035
1211360785
-418263470
1894730953
1408977531
567943063
1274102047
-1918362494
-1855162442
163689938
-1922567750
-1847377624
-247734791
-1192601377
-2081822399
-1922265670
1732374487
-1713173979
-673617571
1648172436
-417745129
-996598327
585679527
1039234308
-1658737733
-1265541273
-883380921
-433547492
-670795971
-1841148418
774965214
1616782537
1995712539
1212261162
1191977125
-1403070172
1785108886
963025305
-1830097706
-896010489
483005365
421897911
-502607286
1115126755
-896178288
-360604756
-2128877725
169618385
-846787638
2134466951
247516459
-1661875482
1243282782
1738065083
1429178301
1539774411
813131934
1053164489
459077859
-206546037
126639737
-1228073666
2073223424
-1964858706
-232580612
105175264
1894418992
820048775
-27420133
511289380
-400260691
2065044938
1357878192
-808715806
1157104500
361414497
-1704591422
564727115
1903885351
974207615
2120403466
1064226842
-873609931
-1539516172
-284793933
-2098498551
-1639710921
1997326531
-1038533023
456943494
-596234595
932650481
-31231115
1255646630
960364169
662316447
465640334
616927577
-560378374
-408463781
258349650
1858129887
1317956397
-243502670
-1179884947
-279652742
-747757249
-2041271543
-193727015
-76865691
192314391
-1375410260
-104061344
-918406652
1015244418
-2007798745
991025758
-1765201316
1470662302
-173241644
-752428597
1913441220
-1402864516
-1520752715
-1167956103
-1022612772
-440408319
883238275
1981524633
572787390
-741682420
-677834746
-1666012029
-1936651916
-425887523
861640615
-1442517323
1552619433
-242062412
-1483165117
59170076
863254434
-2119524424
1520792897
-284450670
499103598
-1522800102
1595735270
-1478945368
-254387620
-1304109190
999552231
-1287787612
1049568685
1186313353
-761031105
1690054605
790348938
819201262
205925955
-96810779
1287829303
265921645
-292781325
1859430134
1806745993
-1672683962
-598431599
-1358648495
-1362211691
-1768765733
438312055
391744723
-2145603671
790791060
1018181925
2009939050
-1561684864
1355459846
-806529127
1569689047
1064168112
-387436718
-133287453
1271670964
-1924850073
494947531
-2143659272
1039140281
742950486
1009100507
1111220165
997391418
338705644
413823270
-276732537
-1569840141
-1960716089
-31444241
1978882393
-745533688
-1132677017
1372043963
-936114930
327950406
997381412
-1936054221
302751040
1144160686
325538145
1463693390
71212201
-835551436
-1846856190
-607453265
673054897
-60732988
-154922214
-353607861
671497031
-1367644539
-454068247
1695678286
-671420941
-1141420448
928085509
-1634857921
98222636
1944322499
-1679055914
-1121619359
-997723418
892769441
-1537387961
-1999211684
-434676881
1066792637
1497688505
-289377763
-1478418565
937720872
-1960467909
-1100867335
2104180861
-776279544
1173621496
-1794032104
1305982007
134286234
-677440272
-1142806000
268750996
-150203527
-1659726614
392832208
1160257717
-227848929
1334538409
2032364735
2107176777
-871374164
1424288605
1442249764
-1996402143
1778694886
-737557156
1859305672
-1216290045
-138955904
707470097
-1921439271
1035424189
-131744865
822767412
1931554832
1332218749
-1018195303
1640148027
910965782
1555772255
326446847
-984553200
-206991581
1648658504
32641501
1273154819
691343848
-718121999
-2139813312
955084545
-1120293458
546551622
233975031
-209851386
1656591295
935782384
928384158
-1957138224
878778116
-1709886672
-1091748392
1804708564
1411316719
2106317294
-354135077
-40250251
-1679334757
1082006033
527892784
-613429133
-822300880
-619841263
882866363
-1071249247
-930343796
-908155959
-711873799
-1035336742
1064412447
-638814319
441392009
-681908427
1806831126
-1196160884
-1520170259
-376809865
372400315
613595454
430373009
1556506569
-254243301
-723470496
836747531
616734378
-87721752
-1997704713
650894499
513876518
-1006386783
1308941474
592019990
1295819336
-1676365585
-1204480972
315339159
-1574526772
-1183390638
351352962
668298262
-562753256
-1143430916
858230653
-1621452093
-1196063891
962719996
925779330
-691442987
940265305
1604382367
-1555341584
493298055
719417712
-1000021486
-1395544325
1524083810
-789573573
-394586804
-1693063233
-732466751
2011225199
1611301418
370939799
-324852334
-1763917727
813285083
1477388208
-1744722343
1258328761
2090650749
1536765912
-1834998150
1281212517
-1281446904
-1421036645
-474929737
336011729
-269165205
12328080
1338179318
-151425196
938028276
-1646393872
-1999958457
582093037
-1289194764
1043475815
-424758490
1446905134
1586178466
-1073472210
2145628924
-1061766281
725024063
-1503272103
-1688879125
-339722905
109492859
1397647981
-1286133813
150041488
-417841385
736905013
-381751442
1398067561
1865830602
-1460203563
-1430856149
-1515465592
-405897623
-556363745
-119521894
-1978744048
-1753125055
521695013
-694267492
858086759
-1185004345
-1692263922
-1161704291
1238136620
1824518771
546703405
-591346660
-1094210712
-573722648
801156175
-212145813
-832724990
-91362985
1825744723
-1404958029
-1095725960
1301107237
989007872
786112571
814479308
-216924724
-1248992238
1387031017
-394534469
451715838
368047766
-2007932664
43043636
-1787269873
1384312695
-2112519605
-2122886648
-1736704109
-1357828009
1810052113
12669917
782536774
1671606947
2034519274
497667176
-1132578004
520172257
392793
2021384922
777712889
1006845259
-2031474725
1180228251
-573849678
446885793
-1377020377
2124405557
291898771
1490977851
-1321143624
737526674
1355365939
548272733
1436116872
773487722
796344805
2033872846
597703453
1520205302
-581701790
1731788715
374106312
-296583959
-775485532
-1542178184
-472155860
1670279840
-2134547436
447515511
943070973
813462679
-709563674
204021565
-109356023
-1856827617
1903224260
1960320897
-1331006852
706877261
-2064998743
-910796745
-1591466401
124266549
-482580721
-1876715043
-297790623
-765051048
985886029
1405775123
1589320410
564931674
-1623784391
-1609110671
378547724
-825243657
-453361388
2080493972
-1055065941
-2098452936
441389991
1706172026
-1551356001
195377121
1809857705
1892209679
1920436231
88051501
1502201443
1263512839
1518312065
1931688892
-1801591914
-209921042
-1063766360
-1441009204
-1671538532
-1861539972
-343676195
-1776815961
-29306164
-2130249682
549569610
-1152754596
2014761506
1474702097
596413220
531431089
1889011999
-1530282528
1390083887
-1993825449
-916957458
656779345
-2138515321
-1653963937
-769605688
251426475
-1341615972
-1780452372
-1556805736
-1130268260
578434942
2075970602
-1064971551
1355652936
-519841446
-2004994434
761885151
-1778366043
-1995687869
377938175
-176965140
1374074373
-1329537482
-166608604
900174117
-1508259340
1230818136
1686888125
1472401485
-1406445245
-264944511
-364717529
303128304
385431908
-337213955
330899898
-683954741
466466296
1750228624
469994118
1430582123
-835044698
1858008762
-476364737
-143503597
454182446
-1484502979
-431341451
-1097058846
-1497761091
2090535388
-1433938681
1015205429
-1839407230
273159012
1878901209
-1014882998
-136927360
1162575343
-1186588220
-2102858971
1046548902
-290782105
-377688370
150962358
263665180
144926793
1077957018
-1476811717
261084383
-2101027157
1768707105
652310499
-1152026225
-788870785
-259521630
-708895052
1327270023
-562085607
-1112306217
404442029
-733705938
-1900072466
1379337577
624500526
-952942196
758911646
2027190692
-834275688
292386592
-1027312077
821515630
1371804208
-2059769617
2083323563
-1626982027
2019505480
87840480
692548531
247186855
-1465342816
238660167
1651376565
-1715599897
791291657
1224184767
1674896660
-1007454723
1830153291
113259068
-130742858
-2087726899
-472678840
1379637087
1954956994
1405230795
1963466848
1625570572
1688768170
1905309614
-1615118057
1423228985
-112800917
-2113459357
-635575819
473298184
-365988077
447039044
1585846701
-529422312
2048024707
-398613367
933106817
-2067816168
-1052001162
543525118
232273636
-1628980580
-916405567
494856950
355485280
-1486019789
1112693724
1216409470
-2007253831
-1258021960
1781441184
87179734
-871782061
1668597480
-695058862
684457756
-1275804464
-853352907
727111903
2134059338
1787861757
429613017
-373541527
593614178
1162145518
-1073313235
-1406293246
-2089252633
-658981529
2070788154
-1667364938
327383695
216039805
631894928
1250959310
713468469
-979787908
1707691862
1250069843
-1222704108
483858955
-721002334
249127889
1127613234
-1258162802
55470090
180935772
-1272412391
-2022576693
2131230843
-2039464489
-577187636
-636919345
-1399494840
948209011
338615033
-230057454
506114438
568234870
-1576435350
1239600345
490832534
-1304895427
869673921
-1156217637
-377939966
-1750794877
-492048540
2020691495
-1639268723
-201234461
1864522933
-170472124
-689437564
20737179
350972806
-564026215
-1223082662
1723410322
1186675404
507563023
2118658675
-470295140
-943745134
516570868
-800334529
1056126715
1435795247
-259972062
1531455115
465051176
985796795
9688160
-196860141
248923860
832807358
2143904519
37803355
-1448894167
1902045738
372018408
-2100196162
-1104331436
1032682379
1262236013
-658114105
-1118543033
-55969924
-62408195
1050015679
-197205317
-2072659620
-1004530779
1211446150
-349315212
-1113397438
-1364451596
-1812093018
524197320
-195420627
1920580133
767378852
1724715873
-1863176833
-1873622653
1524916377
761806913
-1365011028
-1485839863
-2137543422
1153733638
745061934
1784183368
-1656624685
-1139219601
-1311304004
1998243213
-999389487
991343134
1976342458
-746349246
511171617
-109652833
-762292750
-2053038956
-483866853
337620648
1102847364
677433942
2015019107
-1250258526
-718256101
230993188
1989590842
199360359
-1196277151
2050491851
-1571783151
661312845
2095674548
1765829608
1605956703
-1679383709
-1753906407
-1587799858
-1491199565
-1122126854
-1877731216
1301949613
-962902516
-836532377
528199913
-308864529
289325928
-510605306
619976630
-498474267
1123968154
194640512
-754152446
-977990238
1616786784
145387089
89833761
-816287193
-79063116
2141139588
137178632
-445692224
1842373218
1983255233
-1697751042
1708658348
-58796838
-1795104631
-190954349
-818262269
908096583
644713663
-1608409391
232271316
-349493792
-965225111
343350193
1975017357
-317646211
-157185096
-928728624
934741663
1921867628
-132467131
-1272481694
382888289
-1696061307
-1395453027
-1470463642
686989877
-2073221253
-742211329
-169196773
-1061573143
-1021344652
-984610461
1809525938
517700703
-1856222244
781492414
-504167868
-11278481
-1110088330
-39530620
1506737157
1808446475
1583114419
1377784430
-270523206
-1093402205
2123752007
1819603581
-1423266968
1706937291
35839736
532879677
-12837811
-2038341093
2086129592
-1777539762
43496724
930740822
-512419082
1767015200
-468236221
-856702770
1338437424
1438567933
-1364040713
-409400570
928459468
-2044756660
-2080067629
1294569625
1714777384
-1537449453
-301484490
857853529
-754539281
535197885
-16544597
-225511494
-657543250
1012912925
-1627582555
730733169
989585062
1867095730
-2027969173
661346392
283473123
-594162900
554417233
-497001580
1365996173
-1546775250
1490188328
277047544
1668759933
1918531925
-1342553353
-827673428
-335407341
-7515271
-1116785430
-2044863223
926883654
-994333134
754812810
53063623
-1915435781
1124894366
539199534
1766366554
-1712215141
1376913504
485211569
-1110147432
-1749078561
1642857963
89601380
1247580318
1652323821
-236769025
-1645532346
1409600244
-794131800
492885875
594837874
872543215
526560835
1964976181
977713880
9967447
477530647
229262479
-211587793
-734575800
428942263
-284515925
-917348822
-1548964003
-1786837184
-671777192
-834551831
723300874
-1522298124
-1989644018
42549426
366749769
32993290
-899591633
354542048
1569076088
-740997953
-961280369
38783514
1259696513
-879299664
-602673610
-287668536
1201017659
1519844459
-578880668
-1023184701
595096847
894357826
462730709
-550426549
-236839458
738473571
1749265989
2017614909
1926580258
-2012938715
-371448267
-639020923
434461010
-772688220
-46206993
-845883439
2041637771
1418534031
-53753144
2072163462
-1799336596
277833535
1646444453
1155699959
-990798783
-1235631604
134234559
-1062199596
1904860258
-1151891748
-139192406
1415429600
731165661
-1214247428
388976786
-321836570
1722985298
-297457870
-1448752696
1858983917
1812994334
-1796763630
428083324
1324927658
1144855228
250346384
658664396
-731613643
-1119797145
-1556054314
-643106051
1011526399
-624177406
306935640
1773622279
-444220413
-2129937348
161103396
-1568637354
-440839108
97044719
-2055783298
-1793940017
-1272008874
688479689
1391736235
479396368
-1502664280
1294405165
-1066477043
289828348
-1142727840
1206773083
476247920
-2064944266
124531455
-511647283
2076105378
1354944363
-78724344
-1132444956
-953960888
969781782
-64833805
-1953198908
-1161485585
444153726
637444968
-582261125
607652961
-1100803005
-887315031
-2040416664
-1649237959
1432015514
1206191695
-1905745702
-2075913799
-1031734378
-1393306824
560549111
933512923
1134794920
-7756609
889557982
1940439717
1878882665
1797718574
1993473552
-160603967
-729478762
1729436016
-1903709429
-1340819892
994313050
798342666
2004041527
-2098385938
855736787
-543169716
-1955638266
-1845156566
-1189333041
1152189891
218687061
1107937526
17485525
896481265
1885097752
972111758
-2016103828
-1114716609
420565559
-945129084
-1103770729
-16144846
-1445580878
1310315547
776204446
-591518499
-1525144822
-1639239978
-1315631853
-1404204906
-239471389
-80263605
-279886317
-1759864340
-1351646491
-1090295748
1317838540
1978877912
-1620090396
931124455
-185081536
-1070343375
-1650852288
-149266020
1957744456
1092971877
1044897421
-54513520
-503980070
1145083493
-2082018187
1099076081
453119118
-1776777759
-811014179
1266704954
-845581475
1396833205
537094214
-875136569
-283651924
-70462558
1893994613
1315897772
-379710072
-2011293632
-1702766506
-139411007
822910515
1717817651
1994297629
-494093311
-1806971681
-440729443
-509999186
712616212
-1656943431
-390888493
1944742207
500312617
1816822056
-77280430
-1247556038
-1492925431
-2060720810
-2063491597
108203879
726267753
31154159
-1593287842
1309559114
-40760705
1360875303
-871337540
-1050693175
-119973929
787108098
-2096301392
-740973550
-668912026
-2076505137
-186141817
-112392517
-1070543137
-1247184140
618054829
-860262358
168718917
89375729
990055522
-1006588618
1772045760
-1196894306
406577326
-122319346
-747284556
-561552457
-1680835438
28843353
616657424
-778315622
-411661185
293578142
970931683
-562919602
2141752843
-634050330
1481083956
142547911
-1772226846
1376464544
824039442
-2052393113
1974097658
-1314255933
927684073
-1324339256
-1360008694
-1437202119
275457047
1939813816
-316322756
1004997755
-537890626
1086941316
-2072689119
167749240
2032707803
371923321
-1032133660
-26497861
-464976745
-2083273817
-1211413566
980205772
1708655837
-1217168408
-2002647111
1144875477
-2085046740
866180384
245085823
1467589768
-1859728211
635106501
-1279895627
1084624192
-1471156857
-702614623
1586341724
335349862
-970475150
438413014
742210695
-532968171
-254186358
-122094301
-1531355310
-1650625023
-200071323
805444709
1577765394
-1848410988
-1382795929
1318374239
1625868749
565920345
287892564
-1109576771
-1997508116
591662237
-1160527578
-171884459
-210839761
-1418652077
-242397664
407313328
-190872096
-1475044296
-1845459422
726045385
195012427
1357711159
943440191
-695771116
-1402369428
1115674894
-1095577972
38445761
741573610
1822703408
1902663482
2103313985
-1832363708
-1855361043
585228007
1186684424
-367088823
-316459569
921367856
-1918912107
-271051827
2015972679
442592394
-1875823441
-777524583
-1669564279
-124933550
1417349104
422372771
-280072781
-1691917279
-1376019065
-859305858
-1634204876
-1554489755
58240568
1957598995
-1883554197
-451674067
25799335
2098986897
1273309326
-332148669
-2037844778
-479989855
-1816293939
825634687
278965740
989071582
-63894858
1937630298
1185946680
-1806178172
470027227
365317057
-1793921676
1380546150
1269015473
1349075755
-2010916531
1526902565
-1600955718
22093805
-1813485534
-1515889250
-500867610
-733853748
1525408268
-404719708
-1742950602
1154301651
-1842632162
373428719
-877708125
2129870439
626493933
-1390403757
-1973944003
-1584092776
-775114414
-269390028
-28863338
794948281
-1478857106
-862740679
-196883360
897369650
-1655971346
512881727
-1062382508
-1820291437
-98421873
659312272
-1620287403
-326720019
220138212
572304724
1123278037
-1121204131
1769427030
-1970473658
1335673207
1424071656
1577220716
-1919553877
-527341066
-1976540786
1354427213
16494208
-191162044
-818273383
-475520382
1550507762
832703222
1058141493
-90978561
-2109891821
-539838754
-1701898427
-545862301
-1861889590
1197550329
1298994803
1587297918
-1771674614
-670195829
671561353
122380820
1587769925
773564808
-1072775425
312693216
98929955
1201647414
2021719252
1416509659
-1749893777
354190095
807079329
424854205
1507563345
732252395
47630314
-953253949
961137858
1263929694
2010993847
1338785971
-1006570693
-583559330
-955167134
668315421
-1283886929
-1781945303
-1860470605
470787554
8963004
1203264869
-1073584599
1910836730
-41313508
1123045768
772185754
-1506000015
-408326047
-1583917447
-637396226
-2100345166
-1670866463
-995803529
-1524422010
1459568135
-1347090450
1194534714
-221768461
-643822753
-2133384886
-2007658665
-1178464730
-1916732846
1407939289
-373826072
731598578
-1320957342
169551512
997605483
-1545246919
-2124179068
795899341
-568524054
72490294
-2090765602
-1992062336
-1467824548
2074766870
111445456
-1626373079
-89835189
1255965646
234375480
1481020330
-553240906
-711805912
-2022502670
1740071551
461467448
-397222627
1244908445
-142264013
1735458921
-297356694
-825354588
-1294493419
427400835
-104673187
1596434044
-1417855701
-641911736
1034659823
1828375850
-1391872409
-1212343005
1882494999
2137372936
-1011607784
1277386125
-1436104612
1613135303
917528995
-801342030
-1465739092
-861918793
186953330
-1251874221
-534267284
1573219141
-1586086613
-802226195
165496528
-792098107
-507910875
-1940315109
2085906027
-1858028430
685152535
1755681080
-1147838967
-664465742
631239186
-1526876088
-571468612
-456820579
-1357253200
827153688
-150575308
2113457344
1651936141
-1998335837
1725422676
-247032803
1265653238
-574362186
1190891265
47453558
-1280450080
1340390359
-441556676
-2096886582
1628660252
-1877025693
1244187762
-1516513505
1721264583
1268852214
-1324293358
942216834
1251629574
-980872690
806508384
55513676
-1342474509
-1360928526
-1242588280
525555622
535418834
1410832336
905735926
-1279959474
-1205295481
-1206305499
1545825508
1679111578
-1066835380
-214435999
-560107468
-1100382787
-672523874
-863571510
-1382358913
130363720
375967608
-765842529
2089565293
972161780
533430211
1606456705
-1648855738
1563186078
2078242572
-742907634
-324735031
1654260882
713683319
2040571599
-1480835524
2112203275
1139750131
459064915
182314948
-1157897734
-894133586
719201435
1012060406
947966726
-1344980021
-993219400
-2126046803
1416632276
1523070290
1187952307
-1616673763
112827015
20100968
-1141753684
237877544
835855498
1448039359
1192584773
-361234960
1935058572
-287883441
-399547840
1134440108
-749896500
1775336261
1413473894
-631827777
-142527594
2088180027
313984426
264134150
1579454476
1453002410
211053710
-38997135
-1079516887
418859932
865059782
314195157
2141445379
-559413083
-929949414
-1839551489
-130118065
-231112685
451048080
-465782517
515053098
1815840356
-890900535
507965943
988628502
-1601063432
-1099555413
-273748110
733369922
1341006343
-2727872
1657422586
1962949645
-1487944492
-847538467
2075636261
1655792845
1060969762
-1368957306
-854568131
673896651
-888754457
-1895131504
-961192174
-1612772718
887380799
-1011283064
-288830452
921687657
-377764957
2045930579
-550762881
2066642460
-208851878
795012502
-608085437
-2042598142
-764964305
1723875159
73523586
995668028
849078115
500021476
-2109535021
-1641771206
-1686983707
-1222844685
-391899000
-713023357
-333032256
-1144150006
894239555
461256372
219690708
1340351265
602790351
-1702092343
1516038344
-1795201915
-1459196884
892977307
291000382
-845685506
-2098479125
1739761321
-235876792
-1935048908
-1828596804
-813868518
-2140913893
-317696178
-1550481339
-1411256830
239124738
-417040165
-114572748
-1750500124
1118729877
-1131649291
2111314327
1476151159
324450346
-670344541
-75584918
1815903149
-2096600950
-880604289
201972337
-602413072
-2130681625
-1883840872
-1915344824
-471130450
-1766316019
970497945
1143166904
-1472934377
-779327272
-792385494
679186251
528502821
1420811237
962173333
-134857951
1125824220
100046988
-1397748563
-280639228
844486867
-799997683
1318902763
-2321990
-296672782
1888271880
615771097
812024731
1433939068
-815432398
1622119858
1218077282
-94149041
-1504286906
310974538
1698607175
-909687190
-566722248
1898754859
-93612980
1659033264
2127129776
-357445632
282350039
-978938389
-1745273930
-1465786825
-193452672
98104850
-1332393047
-1604401951
-255616212
185465550
-1798218891
1029967579
1160294746
-828654534
-376483580
824980787
-154837572
-888286742
1918460404
-1657427005
487933705
2016799279
923374475
624530466
1780795409
1276645784
-1772829209
744503997
-142045167
534081210
857652857
-1638022592
1639871560
1621128756
-1629493836
-551313094
1490110154
-1141777683
-1296258048
1736037887
-2141010285
468041375
-294008331
-325258032
-1881408290
-1323506023
-1619537979
-752061383
2125831095
1526069440
1704179704
-595141702
1573859791
699335894
1064399199
526891177
-1763358833
-1472209410
647009346
997555542
1134803311
-1983772545
1826272987
-2119455121
1473438599
-1203552312
878581000
1399849638
2062774885
1428936883
635338555
-169387888
-1098519263
1043497997
-686701388
1628022480
1282952367
560674134
1828457714
1749174900
-1241172876
530002372
-181152666
-547596386
-1946836965
-1179087987
-1457749911
-665792409
1190075048
508267878
-73286032
-1350113793
2122699468
1873599046
-1813175682
-1569413096
-781508485
-396671633
-2127382311
311477892
1434865595
-1355766098
1279819520
845957404
-1521564481
496840416
-1903691813
-1495965212
-1248080588
1352990904
1371033396
5422444
764392153
1125650880
1437778022
-598149768
1988682581
-797403235
89797715
-544077341
-1386397372
-863730282
815418011
-1649867841
-439291246
-2019893673
-877575671
1435117249
1048264716
1551752689
-263490479
1026184412
1533106740
1014972452
305027320
-470906837
1505236820
473179873
-493075565
284591891
-591724843
-392010487
1249464627
-249809240
-1281870384
-1817104005
1993160991
-1985269937
-531226395
1522763341
1690629315
1055553445
-1601122485
-1140674472
353530601
-87258721
3834664
1917047545
1907870246
-1363671566
-2056525021
484140054
-1875992938
-1113736779
-1878662858
207479903
-608981301
1740036675
296731336
-1484957738
-1819689982
-779052186
-1747274246
1613185680
377897367
1387824049
589525057
-1459671620
-1821528134
-1615912148
-1427025356
1921906916
-1144251037
1157435446
986377382
-1640072333
273851778
278941351
1841644279
2143566454
-913251461
566658356
1559518887
-334416218
1902461649
-1221941993
1696139307
-1278470490
536221216
-1330452497
254851331
2122854792
1437641040
1800816612
-733340916
1343569301
1776993031
-450963954
-397301486
441755469
-23705249
1418760983
112149673
1751045292
1413348825
-653087202
-809052868
-1146955602
1635615888
192105950
1559970918
-1253090539
1435904689
-864270321
-1695257728
-1241794455
-2115690454
772893452
-589445510
-1753964992
1360468129
263667125
811401198
1761585087
-264206425
2079021462
-832787854
1235074656
213969965
-559561912
-1179075795
1175208693
-1387602122
1357702423
664770988
1841382124
-875439666
-673443868
-1219241738
-1826669101
1018816058
555132493
623373789
-1813954786
1555345520
-375368182
-129075562
-813150168
1702537673
1756693401
1907287948
379553399
-1857670156
1153518621
-1801997968
-549703100
-119404755
1598472579
-1373358956
-1384910535
1736132527
595936486
113120633
702196092
-42271129
-1653267660
-7944538
1622585580
531753193
-114042863
1827625915
-1430674263
-983771993
-792749317
-2054030907
535868633
490142047
-319022418
-910067502
-2021168983
-885848363
-1984099639
1115228872
388243090
-1261774398
1496934321
-694224014
592825565
-1402926068
739546292
153804251
67028584
-64039882
1717090417
-1695499553
-870283350
971761689
160430968
2094535934
942198771
1157977812
-1092580051
-2074159757
287345400
1695780352
-1142320399
162887300
-1440657777
747568680
-933403262
767754011
-2004979530
-1077538185
-482885470
70558614
1918564825
286158771
-1019950858
1537613786
1261827924
1683402346
-1994912719
-919789906
1451946549
1289553002
-1314857103
-161267131
-1237545401
1528992117
-1963212824
-827350500
-1856268981
-830848203
-329868865
-213265914
272429704
885869
-1741153994
310232708
-655007098
-2078266511
-644322801
794372698
-1954948331
2097175511
-2101606100
945813854
-1022365804
-1733931153
1370983542
930051219
-1146505873
701708911
-611482367
-137116811
159182057
-1363296526
-632955027
-620374378
-2264549
-2058509405
376465039
768368489
-564184517
516932021
125455439
802419037
-1866178271
-2044305898
-1168581421
75472941
1937771271
-1157013021
25804764
1576316790
-606134640
908928541
1988848752
679028617
343153419
-1000487267
1643557561
627467138
-1804366088
-452448187
1317830701
-278008679
-1216154934
-1970708872
1528381934
-1895811401
1800661998
-1020298293
1900120434
-1433791924
-1249756149
-1470113284
1650579302
-1539905697
-1362435957
1628435746
-1176129329
456330726
1830233690
-319883738
1679319666
1514854231
742307310
1635805297
1270093430
645406078
-233841786
-918546714
-577101753
381250193
-1923248203
-1443740654
862560956
1890258561
-1916337119
-1983729246
425194619
1410053522
316979336
2114464533
2080401052
2145080365
-1044161532
-1180072014
773280140
-144933900
-11207025
1065113531
-1371108301
1630367255
-1308272952
-842747679
1362604377
-667975963
1009131510
-25113093
1160959813
-1840734555
1488245837
-1683851790
-2114019929
-713811033
-1001699472
-1576837632
991475127
492106133
-1457461961
822147865
-1842591587
-1815266802
656054449
847214248
1981669395
1799590516
-733765780
1457175166
375043400
-1434940667
115985651
-1119369209
-2070705657
1297838888
893125271
1788333758
-689344488
-1787881719
-823009422
1500624354
-871030042
608453223
141552808
1059982697
-260581535
1016667308
-62141968
315398709
143566373
-670453187
-196600238
1731850629
-248515621
1093615379
1041781042
-493955154
-1165198369
-1982787958
-1766305908
-1604692471
-429661917
-1952250759
1629806976
1755495471
-294196910
-2059721854
-1090169839
391708771
2084554296
-978803542
1939831593
-876793009
-1734667936
-55806933
-1216655392
-471205133
127032830
-2059655288
-844386563
27805914
-1675393777
-1997160222
117832636
1779154830
-1880223810
-289680502
-1276466479
-999589043
1969382409
974577111
1591540140
1179791868
-1230727260
2104618040
424171007
-1539580325
1779371293
1142282636
-55166596
161901177
-1520484544
1931985072
-1650491933
-111276694
341401276
-131828903
-1506775749
1346719800
89499142
681314852
1191645791
-194777578
401901437
-947002901
-2040033861
-1358494757
1583684046
435591770
-1680182697
-1368374610
-763664743
-2094601791
-1562022123
-1992746499
596279124
328423979
-1278293962
-429257550
-489653137
-415611986
1365271842
546678184
545311417
1421776900
-1901627800
189382491
1968925441
-919907494
335149058
404820703
-226097152
-683891096
2136708062
1323975187
1564870262
-381080127
-2047891303
838390038
-1266093166
733399659
-1027704691
-1073233160
622523798
-2138312782
-1896889075
1197264308
222372539
-2073593288
1761434095
-715761314
1801970257
523658321
-410759862
1501413016
1542700074
-1734349939
-1853622400
1725593674
306526776
1452669845
356902782
551173265
-689520523
83948090
-1726326974
-840093449
48594690
-178581301
1774773405
-1338724891
214229651
-1384042842
1112379961
-946453163
-2003949815
1396932881
997610718
-1754529589
1618210912
1872399434
276148464
-1071248763
-1868821046
1175556572
-2084361156
1908487665
-987772132
607719475
99260403
1647909726
1869968489
-553048206
1249343221
-229393674
914092012
-1975191676
-1237711789
-1634739477
613126698
-43168911
-906519025
1356764401
662540376
870458866
628135973
-446445845
2043524345
397935430
79805390
1879071464
1745894091
-104930234
1036515075
-182150576
-986713629
1518761655
-1735327681
899154010
-796454121
-921964833
-1119096183
1975992257
-2061015653
1634952794
-136763983
1426091958
1473026798
-638069715
1565050585
-1827630057
-1958869770
1532621339
-695470793
976549089
395512425
2110235447
-1651218664
-343541533
-367002257
1622847418
-2091197657
-601327692
671561861
-1125717482
235198958
1961735911
1724163492
540873034
451316637
-69630340
717755298
-293010312
681944586
1787375769
-1097531945
-897115212
-24201479
-1125306247
-752571902
1286978078
-813805924
-193796957
-1364082578
1407544626
-1126969764
-1814384545
-1209875888
1222323550
1224466394
-87408539
1253769843
-1216506924
-1518544848
1022486231
1091568662
239016353
642747259
-2104016270
-608476140
-452676610
-1745660771
-825842433
-1835028411
820601318
-682339009
93318414
840487204
1731493608
914829844
30066406
-355014223
14806846
-808595611
1898547383
262984088
-1636271843
-1920151096
1981881873
164203923
1524358990
168945458
-593512807
291924492
-1601335044
1770462256
401812473
-580281339
413663952
1668268401
-1864674536
1243057212
1796080954
198157703
-1043092341
-605343607
1963502609
-958028050
-1335678902
-1840244853
472095583
-1452350900
-470290266
746523267
-809448075
1526202618
-1463783302
1802004863
1373251140
605449155
1179781280
-56252998
1073244143
-272931350
-1711200089
907902530
-1513333605
-1183886223
-220873022
647815899
1280330121
-1167870568
205665026
1734385955
2015690599
-114389853
-193830457
-1683341322
-247522334
65684960
-1637136012
1480371475
-500281217
782325480
-561291423
-616324865
-678313301
-795009244
-729366507
1207098665
-1242965744
-1901867885
-414028
509126734
1042876969
-1364637495
-815851594
699477278
-446005224
-416058822
-1142945063
-1002528992
-1555126857
-906877512
-2108923816
-511424046
-1981091604
1108335674
-1042547363
-50270701
-1422164416
466084062
-279221325
-1503194683
131748274
-400858320
-966936385
-1558698578
447303881
223275436
221826992
1502717342
2052671976
2003691649
-349125899
-1261857065
-41313051
732594327
1032435951
-982906712
-1511958309
1246472915
1065316328
-474907813
993780543
-1656990823
-1516466878
-524791472
789609521
1098001042
-1646580749
1060744809
-354601964
-544527698
1318805040
1694525865
-1210898848
544022124
-1240230296
352253207
-1282732618
-173890472
-1381356685
1092837352
-765033164
249919445
1072065547
-1067002148
1706265354
-1761738212
396031354
-1280686361
1861032013
2115794820
718422421
1223165460
-1009982965
525337859
-1356750872
576497318
-2054187106
-1509633548
513150514
1556568192
571355717
-138814950
-1884183533
386170054
1147415024
162259940
-953711101
1816874947
503554906
-230484238
1383043974
595709196
-174724259
-152766761
908739741
1739076070
806867841
-1734031840
-1914672513
-779107868
663143381
-1050110571
456247177
-400117292
1114412546
-1078361154
-1673481614
752704731
1575325084
-1915096920
-1286063934
1531389919
-912457285
-920344087
-944933756
-396642524
-1208841270
-580627744
401869114
484661817
356700062
-587035327
-158794736
-1713122795
-2056507190
-1360878128
58088277
1267783036
-1353119440
229886316
365259046
160823207
-1193397029
-154991026
985415019
-2000300765
-1428814068
-938107502
-906030329
479505145
-2092106606
1662544119
-2007190453
-998065138
-1290354850
716789986
1670429354
1962748108
712462166
-578007384
-1631742541
-1434313470
-2030738327
-554903796
-1391751877
2067757064
1479040483
19040518
1157182169
1160860455
1269125889
-693760826
-289605994
657984055
-1236002616
-973009161
-371272987
-252466552
-860991214
-492592056
1831617488
-1985156091
-1460152599
-106045145
395836788
-932046698
1335958551
1817487823
-1145432657
-921664058
1543064573
-1233846651
1237095703
1224311974
459229091
-1084667875
2009834285
-22287376
679333648
-253204285
1457504722
204054638
873491420
917411063
1680591865
596819868
-1972113149
1588345049
-169890915
443961484
371106811
1373072806
1737226997
117612297
2085184263
1845543810
-427686682
-2009225985
1809079501
781476727
-1538336583
437265945
336014630
-1044591171
-332962547
-982228564
-764054731
603764795
-1157181937
-1228701997
-1437715270
-1448488627
413102823
1177229018
-991059288
1141533384
1280464501
1795588575
-1460792588
1534349626
-597172420
-261240394
-1418837073
1491817333
-100654434
-1173985523
1544567638
1151483470
-253743287
171977936
-527082904
-1951838046
2057636593
-1192557106
-969838023
-1438553191
2017220415
951609500
905442566
1107002158
-837955064
-435837511
-2073849016
-281013522
-1639963454
2138731507
589945421
-380462337
1144436531
-1680253176
1167173635
1184983395
-1676838550
370539663
1402767382
1433547646
-743253773
-1952511208
885018174
1258308565
1083135301
1460199314
-1192263215
287916056
799893375
-1121532691
-75207009
-250492062
105623891
40382975
-1601442050
2147190974
686729026
-1405552213
-1356184797
-1894104595
1319512585
-1938695872
-1935308365
-137480603
680444762
1037633822
273067417
1065735837
-1847756337
914928543
-1174741735
166293383
-29331429
1913353779
28106277
-1189639586
843957122
1063080140
1290720239
182518945
-815964790
-385767555
16927167
-748673954
683781363
-1924842915
433428230
-1992938317
-1356957213
-1932707919
-1200951118
1383020177
-287553179
-738014135
-577848381
-893103677
1269433364
-218311126
1980232989
1089483310
-471477229
1568644461
-2067348832
-1723142822
652308031
1405400934
1933738357
338005040
-410699096
1262188551
-780540502
-1633258235
85528636
1184142726
1528626945
292811223
221280196
1550967358
1200764676
1368020693
-1759270380
-834846510
1812241501
-244347612
442350974
54015639
-893710493
-70384160
-396642681
-1593327565
-421714952
-2002953888
-121671715
-652850047
-1060909935
-1281419586
-996897401
56623544
977347221
1381664661
1695870814
1373352139
-584327189
959081484
488462011
-34268399
2117098958
379319059
-363187343
-508334552
-206426909
-1970375956
1866451965
846273047
1638308492
-2022201875
-1470089988
-1447533134
1359067006
-1473745021
1373948893
338322754
-1596673136
-1616220806
2081958102
613168996
567648982
1938741626
-1689732069
-730813391
2012610542
-1081377068
-551843251
984791711
1647214489
-875902850
48872496
-464033754
1274808717
35662684
993719713
-1665923418
-1485641080
161640641
-1088837690
-2011173753
-276130904
138519860
2115883654
1061620514
-644515079
-955863178
1625155899
-1700460705
2147348815
-2079927357
1883033254
1543944350
-1734737578
1828038488
470228003
1231696346
-747263001
585381941
-1312741347
1735637259
-1659628132
1533308196
-1129676861
1144017100
-702711386
288612857
1192413179
54835262
-612829731
-1627274214
-966313577
-1791883989
36602904
907506497
1310665926
306658413
-1822509890
283372160
-1658755124
426347665
1398996637
1927689605
-861723403
-1185739082
-1123895302
1819506207
572326854
1518481851
-1277817624
-1516683776
-2029954698
1192375193
2024900317
1613054148
-475884388
1582779660
-443942527
-370695631
1987029033
-1298173064
1021962441
-573217600
-661147241
-635251445
1494137924
-1727742884
-997896606
-1623362786
-2125114444
-137016983
-1531620169
431849184
922931424
-734887929
695460715
-1717019595
-1913673048
1744748439
-1924793042
-711823653
526933337
-90579331
695542527
-1849420338
-419935166
1985883687
-1718246942
606632174
-955733881
1192966990
-180910127
1772686558
-2021232332
1430638204
-713198609
-1369247442
-1470111595
-150409011
-1605126653
-783184709
-1109730620
819722489
1337291043
1339821141
1925919106
-956439407
-132860497
-1939232861
97046858
544637320
953534081
1459277891
-1074582621
1195518964
-2078474910
-1375490251
-1362070858
-531291114
2066875071
-1431923592
-592676321
-2056273769
565333147
1278426357
1959022855
-1165164268
1056446663
901386908
533260658
-850836260
968513105
-1412379956
1930715349
1312238072
289223226
446170872
1586675179
-822814613
-927843478
-353903737
68696008
-197902918
-807251480
1535336698
-1947444691
1292696750
1328207173
-1097747629
787651358
1494685015
259704409
-694352971
1951282610
-1858500268
1217646641
-281108409
1072193065
-2079817646
1805544519
-1364650402
-702733501
1245884626
-178285069
-592456997
138711247
-357166802
357679394
2080236752
-887953535
584062173
483002437
2032387689
203685384
1654520309
-26360437
-348237815
-1800200352
1413868273
-372503727
-646497869
-1782449564
-1203111756
875671513
-1044263253
1661367974
-1250807603
772137018
-1371752612
1059095171
1967870972
1449684631
-1714684548
-1709822351
1224470773
615141267
-1207128467
69577114
-435558557
-1681130749
183877606
1877078958
465999663
1186243557
-1886381358
1485330421
-1061666815
2140175249
1567223928
2043282851
1471894790
-520915922
-402145829
237394287
-419510028
121714279
1490526563
-441996187
-878012854
-474857891
-917379396
295549947
-1674573860
-1957080098
977005821
-1475477661
-851999346
-754200105
481348365
608402975
840427871
272789767
1575310914
-563282983
1174380713
-701527563
1305702218
-1009676940
-1632100954
-2002583005
-1252869810
17886046
-244294346
-1557964668
-1344069805
1634080039
-1518107426
-853113558
-1295004700
1178081879
1291640084
1808572483
-862488850
-491905925
1055566777
-1322679226
-286183958
-994517375
-2136624410
4841320
-1047332288
693466437
-1320462358
1593010261
1850870250
2045898091
-1845184877
300362268
1451900504
102103662
1586832556
292035434
406144403
1409221369
-2008094265
-516459270
-2064146011
-1912594827
-1573572804
1415281483
-1595129289
-966010909
-1006736271
-1457737836
-1067608966
1104595435
991613787
804297717
-450548406
1021274163
-1323925181
-943149330
1817801105
-661091852
-1511557171
112122388
1971511529
-193361461
657695285
-33495039
-1811356027
-946860340
2073783004
2033630604
-601861040
1641861853
1054450947
472840761
612625494
-746194368
1632751317
1438690291
-136209309
1327419505
531754922
470288888
-1569894423
267255345
1440585353
1959750420
-1548452826
1243122914
1336655087
-187372783
-1864643962
-1305916651
844730830
1740665709
-1037925051
-791583135
1462792408
1873091405
-2044876200
137907830
50170364
153359025
-1344878451
-419547791
584973616
-537490199
957942512
-1284128400
1976200817
