-954026681
-585664930
1607688930
-1736279563
-1560864929
770191668
-1764257376
1772681622
-1670308248
734941540
-1464169193
905305421
-2103194926
-26580025
-1033939530
-1855701714
-408016703
-1569475137
-960044394
-271300897
-1139536824
1602674518
-1588634930
686300763
308927702
-1744442457
412946438
-288913678
-1037229072
1433578364
578817610
898013331
-938814688
2116271672
-352168672
-236190387
812610861
-1261552393
-1359475237
-1491619053
-833831285
1834775539
640439089
726838719
1858285845
1462521385
1205493259
1499313497
169199353
1364612923
-1899222116
220458136
1043912946
1279817624
-1233850188
-1794413656
917287868
-1022505255
-118559146
1953872685
-882405179
2018463854
-1272349817
-56722553
-862329312
1705969273
-1274193816
1864809559
240337342
-103145735
757767815
1702873154
884810719
-389273813
1222959729
1917872372
-1828418363
-1535108820
1715952267
-98834584
-1419628117
-1460527134
1525948193
924994661
1094487285
-685820643
-616638529
635807051
643710375
1172176376
548694463
-1674030833
1559128603
-146896507
542538787
947165571
679483886
1809110440
1860887716
-641852198
-999769285
-450085309
-282308085
1630653291
-1411561717
2078292627
-995440706
250707381
1683536139
-826733351
-872431971
-1589352797
868601471
-1259255748
518192910
-1344936432
-183418761
-525119251
1575651414
-1783595124
-1503072961
-30655860
-1684989654
-1574241952
1472177435
2038671562
-1446761083
-2015762481
-982217165
2027853390
502498748
-386389858
1433949132
-1450367524
-592868657
115151574
-63335240
-1897799244
911549441
-1774231864
356861200
3345720
946000297
1752173138
-1054935265
1215098064
-1991499446
1521007967
1503674272
-559536111
18992865
-197299533
-143808212
1385540124
-746182786
1933142248
2030234349
-874798012
22184214
686530483
-1782622569
1174771443
1887165335
-446208661
276214169
-1890614067
1433927483
2118236364
1419373967
1805825045
-73028576
-233012489
-1571916807
712286800
-1219514600
1142746557
1342306610
1932463655
1024192446
1752848924
-1368126822
586431377
1823787977
-1037583607
1443744789
1310774833
323769252
158423151
1425250489
-232843780
1409170493
-2004533641
331578050
-1489696226
1986959901
2105335050
1051635401
-667800034
1154529720
-169698413
1892394549
1031712063
2271494
1981179145
1533099249
-1001326551
564086353
1403023404
834868831
-1074491191
-1623070640
1957808142
-10332788
2086088820
-2091650187
-1928963884
1748313252
-1530942382
1034809475
1498711229
248168359
-1310442503
-572852126
1924302179
1317598812
-573831592
686197046
1260002625
787175814
1010964694
1502222509
-1346937484
-311720107
979250362
-17762408
-986217531
1782401823
1091165900
1654545085
303641831
1333822543
-1146143427
-1167418134
-1823500548
1312163997
-1347956797
491392589
-1935798179
392426879
550600200
971040003
1344974490
1302930654
371259460
-2113068306
1679915455
54966541
1952417320
1204323531
-1977403431
497153014
2143051773
-481177982
1323197624
1219480981
1958213133
-1179776832
148464117
-706806358
-1066284479
42435522
-396287178
-1171493718
1170718731
-1233538188
-805315920
-648462346
1245709958
-1472841542
-1055692307
1475933519
-106626854
-1797215220
1666423503
-293518968
1808584933
-406586040
2090099924
1139582588
595355671
207453379
-2146385254
2048652354
-1578089827
-723066464
-431039579
271722911
-694996799
-1538662043
-126450080
-2098632773
2014171791
1979526346
-1610652063
127331608
694135228
1710482900
-1641272591
-8434753
1297933763
734389026
303870410
1568362171
-1829089711
-674737017
815338018
-218021173
931327971
-1674339112
-1840000024
716019282
1063874220
820802822
344053581
144770194
622928827
1800645742
1217048709
-1145454567
-980850595
-2048845201
847018958
-1324330886
1429713855
-1299999427
924478897
-59238592
2140368600
1745420788
-1173511289
1078898720
847291013
862900720
-281806786
-1142644627
629466101
321683803
-1350508195
763169232
-1541135546
-1181816058
-425682876
445207607
787038320
-850098820
449713080
1637942029
-278361502
-98050732
407934367
-1257952852
-272069526
-1902714681
1713230087
1971467023
1480576473
-2013605759
-1788220308
58323148
1522296806
1605233083
-88153030
-636803776
-925592110
489233801
-255258224
-169149173
-798121139
527788400
1939790150
702032830
-361177832
-1828608709
-81410255
215392211
1794926570
-2002331122
-862479963
1306395101
1150820759
1555199675
441319738
211055360
-1038815121
1651438932
-836495149
-1303232862
680469732
1058588160
-1574381092
-247303326
984797551
-1078553838
-1790045998
-2076207288
1804287155
1294545495
-93088248
-129307842
-1814769183
305715119
2145832615
-747638337
835924830
-441819938
141212149
1808608461
-2019339357
-1614761309
-178450726
2140555048
1494988901
-1942237430
1204891040
1534270652
113986549
-1725453058
2093083130
182605402
1640587496
-52219614
990343495
-1786934101
-904934406
-1410332704
1355731223
-949475743
289552431
-962998079
1579475437
34694574
-1269556933
1754540799
721328710
1476745465
1773199395
244610904
-1790636582
-99638577
-979347933
1088774948
1326161185
682511639
-35962414
-616591191
578492696
1375869833
769833603
856944814
-127606972
1431114081
435080686
1797890381
-1944243721
-1729683889
1685019664
1866098189
728518865
1906058928
-1268495025
-1453978321
-2141579895
2045106947
125863648
1720079944
-1802495763
-945352043
-1671610003
-978178545
-1354062809
1194696063
-1388730895
-1135062152
-1886326207
-304430638
-451095322
1436989953
-923695638
1942083600
-1108427870
-2097857205
-1450731655
147831517
545151998
637499883
1222303538
676658677
-441292232
111337346
-260358200
-1472716704
-1802803942
346247178
2102269219
810823140
-1452503973
726261874
731589475
-241466437
982735172
-573141395
1145283107
827698310
838557078
167182215
-1486012415
-1228241023
6728874
-972972679
1284569694
-2145636617
1847669466
215327677
-1719421598
691294711
1989648159
1849029219
1174175810
-322898617
1111540475
1098758693
1066127813
377999256
-790459239
-286566983
1328253187
-1894337285
-1691746510
-89201562
-976767376
-28654189
-534786639
-1984988710
480014616
-208710772
-545686631
601028409
-1320862677
-615467957
2002855974
-540941959
-937508676
137261286
1766614962
-639514388
40099781
792431062
-2145595558
-1596582370
-193240978
-799882773
1749751521
-159363104
-2072265074
-1183832961
-611846957
309735076
-180429455
895498990
-900982547
997527820
-944266533
1177068869
293791932
-1514166852
-153633203
1100286520
-1894653309
-1244930441
309600390
764318297
-1212626335
242516073
-1216682164
-1315741049
971310515
-1052580415
800440683
1845938596
1842661559
-207960957
1031802622
275387786
-368248207
-841281893
1619542508
-937868482
1173287633
1596210996
472400565
-2128216474
23688981
-1431983798
-564601490
-442588168
1922209900
-2024236163
1140882186
-264881100
648960219
-1574343384
1285401306
1629331411
503331428
1778108594
273825878
-1506984832
-553378716
637060899
811338013
1971465351
1619856188
-160780038
1062494010
480810444
-250681804
542341181
73407400
966296573
1715601307
824721360
-955405032
-2056670709
1100880690
1139639306
-919120144
-1913260331
-165908790
-795559803
85712023
-1427551962
-528053974
-617255115
4201711
1329172193
-1215151305
1338596539
-1680842206
-1326470277
-1972822194
-1447834117
-647992927
-238124632
-985941260
1506960107
1800759402
-1023681448
-93833551
1801331374
-80375927
1738175204
1438955576
-1128186656
2043466976
-310150012
84765387
1593248819
-1244724183
323061508
-2037931555
-917426630
1234918460
911574199
-1679687176
299222148
-1606009715
-1746254421
-1653353504
555234029
290563833
-2018914274
-2021923335
1420750640
-1715103295
-2018816977
1780588517
2055091647
-2065332778
682063576
-603902863
-633817130
-422550186
1309462555
-935993935
-822831411
1680684630
1298921595
-362533016
-2117844819
-1411523102
927461805
-1485370450
-1121451514
-825313471
-1076021617
-1227213364
-1188667137
1452888956
539876953
1748369258
-1507420754
1913990433
-1043316975
-884036628
-1299598422
-1621535676
769704772
-856938984
833902813
22959814
273606386
-1831539717
1677981086
-1398806311
-406286391
1009865997
1934098942
236065218
1594242198
1230673555
1745400929
-1967791903
829261816
-1872025020
-563475120
1079373550
-1171809706
-249791697
-552383346
-1716310139
-316496110
1020787931
-1771035800
636409571
-62455554
-1382018897
1679964241
-863610895
-2086022642
567762324
1791938477
1224916610
-318791089
1513323992
-19026451
-1815287335
675011096
76687189
-25458981
78408557
-1402358914
808858066
-1081897418
395251183
1939754764
1080303528
773389697
-1718400885
-961880141
-676590424
1509073687
-214949266
-600759809
-223795396
-974664061
1492732552
-1439985012
1256003531
-1502663154
-14260334
-1541531721
-1815086494
-38440552
1492182098
1111167639
-1945907568
1744488107
-733234147
303303470
-1428913776
-29130291
145558429
657222619
1246492333
425298197
-1663473196
741867539
176402914
-387886080
673008992
741747280
967051456
-887188348
2002846208
-1204419256
-768934508
1999756645
440922710
312403042
253962440
1314511304
676612590
-157554843
1033196681
1314384389
1175729023
-788490894
-905597270
12663233
384710511
1793569588
712488135
-1912429766
1031175836
749520981
797064877
-1871776796
-1701905063
83101747
464472825
-116103627
-1355756874
1518047699
637104638
-158374723
1843210244
732707605
1827873515
1390275192
-1147601769
-74491095
-364769491
-1181215641
-1254241843
2083670081
1541105682
824686684
555178831
299334792
-267136338
1088558358
1718990742
-1948215727
-2057292286
-1870401651
-649128783
2002495379
-1663908007
-1530809971
126211396
-1630435179
2033318133
-308126327
740479443
-90562075
-230871317
-277517400
-1424723392
265740686
244145739
-2086607836
-234398830
-2122133623
-1396835709
881216212
-923421193
436925811
946656516
-1802358778
-1151971573
2077822336
1332073253
1030978194
296033370
-815420241
825859656
1320468267
-695016925
2097568831
365736507
-876398344
-1547566497
1258247776
-128029217
-166447262
-1143818239
212326958
-899806706
-1714219729
450970238
-1729410342
1180539578
2005863631
935118222
-1671393750
231833169
1426161142
-951721676
1624530467
1313660776
1870297194
-858765828
414876163
-1294848873
-989159395
-28128893
465904244
-573003103
-77676930
635813692
-1172263681
1863746776
900896011
-607676048
-2134508866
-1355743297
1669711146
555488902
-1841582507
1231729136
18276665
-65372540
-549782238
176285504
-967443741
-291261227
-784640077
-630222304
-901692747
-1333714356
1361814904
651784006
1957924080
-82199704
-438892615
-1408221301
-1865035872
-310728999
182343625
345848855
-1679692307
-513456061
1779356796
-1041225542
1207329968
-1125338303
-1871596843
1576118429
782216265
1816709804
1173849604
-1689011943
62219183
1294307356
1163768462
-206276890
-1133078328
-1004968018
-1860476723
-851078792
565297658
-833268729
-1660509541
1877807269
192560385
1095659161
-2110144438
-1443213174
179726082
810557476
785113302
819222447
-705781280
14343552
745505117
1219816297
1282857678
2058054809
322727887
1372980863
43083302
1132656057
-535675679
-1481796080
-742177672
-376937204
995842374
304980148
192881892
-710942623
-993504735
-1883423776
13482156
832394542
-434249548
-889130098
217000964
956523222
-1448623779
1473218588
677042220
1313875245
-208828989
823797364
574587584
250454843
392549964
-1537376660
-705184178
83093055
-1741170990
1084447600
1292582953
1279720695
1742840469
-982342818
-863027332
-662999266
-556395662
-611983439
524628385
378529078
93538389
1677636832
1408792499
-2127361913
2035719915
-716248056
-963587743
-1002905754
-55962468
-982125880
-614946555
475212218
-1649261896
-507775636
-464286476
1599373756
-1226610193
184678220
1500670487
796804349
238502150
-1655665290
-751281222
903186861
308574920
2009407370
490480803
1283171353
-130795719
-1315450139
-1742756506
1993015413
52483089
-135101438
-229121033
-1715383077
120377448
-386698724
-1045071743
-1739821165
-1785219155
-658734826
-1773767819
-996203116
-436058148
-535153249
-416804636
1174938955
2029143792
-547631215
2087701777
-367218278
1790557077
-441964902
1270394434
-458913501
768376097
-1280234211
-933570602
-740524603
-724939067
-2107490982
1780529820
1248690278
-1775044097
-515664693
917403233
2123769075
-652403630
386900433
-804962102
703259300
-358638535
-2019752049
1725293924
1073321092
-1305937576
-150307818
-1091390727
-814416336
117369845
826795202
-1738380763
168646878
231999397
1760187619
2107310376
1054223520
-1710729910
787403422
2021937404
978975210
2114263100
15336981
558890922
1921021777
7549637
1113667270
221592536
460613525
68083155
-622118096
-587981402
2046970849
2094180328
1535000251
619561147
-1078364592
1784606548
1413054937
-1881445478
2041397427
203574182
-1488422809
-218081223
608988049
1662687840
124709465
1683419604
429975918
1313710825
933493398
-1443652610
-1683318192
-845969977
-149145567
-891005192
-961823874
-650351859
411114872
-160049851
1466306443
398337041
102146624
71030397
1135870610
-735202206
-1116355807
918805345
-1999024446
1813247480
378348527
-1179220177
1855644956
-395588435
1359425546
731726392
-119136645
1066114284
1799838982
-658050641
-942966572
1805842855
-1792642163
-1457530686
655451327
-560939634
816841348
58586862
1072162614
660931453
-1298046868
2133096335
-124906597
-886721995
1703730954
1834354358
189178367
1218678606
-1953884854
1777803070
-1073142368
429460844
-1249483936
-390158815
-1087264844
-785692240
-489220816
1568958215
-280450460
2088299633
971032304
1059210783
-921053158
1550442796
-239210486
-430556366
334488319
1538136504
2131277894
-1436521995
1680890047
671666365
-779453656
-1392907362
-654676337
636026727
-1613390442
1811291577
-1911027344
405207637
1995741630
1638500923
-1497332044
113928663
-1046256330
189709527
530647233
-566554279
-633957020
2001901968
597052436
1332877849
-1096423905
-1174992753
448809097
-2132224736
1298531990
508824374
1196958424
710748271
1444401264
-1179873676
1932866146
1112742775
-254718668
-527593894
-327803090
-1497483570
-869847573
1703108334
328162349
1236577056
-1419536124
429534783
-917470779
-1028033693
2109829750
-1399057479
-1534702452
-2075531698
189891115
1196441786
-2064169900
-550606069
-1902044004
1646536292
-1462415513
-388676310
-107990600
-673143628
715044371
-218518567
-2109807094
-1013279021
-737322392
-1471635374
953752089
-1406185300
-1755633601
-422037612
1116242962
-74260034
521077118
-581088427
1060913060
-29413070
-1644844389
-1101609418
-780208085
879773488
18774878
-64684232
394465552
-1127524499
-2064918550
-1787373458
-1524731794
64184584
1623438845
-1713531660
-1645883399
-1234733162
854372982
99850783
1999747099
-1800140421
1139309335
613519349
-1714058913
532789115
-698052468
978359519
619919378
-77491824
48669868
-917538660
-321085913
434097405
350886142
-803458439
345868123
-1948039262
-965189251
386008766
1289214873
-562991982
-677490785
-1374679189
2035125150
-529314334
1690077587
-483189724
-972413984
563218371
-1714310710
502865256
-1210570324
2064498899
1170277049
-1790734583
-1882413427
160684975
-1216322852
-846096936
561350132
-1840370228
-733661955
1138869407
-1797412587
-693219449
-1720227659
-726221741
862180622
-1491773062
598118195
-3597430
1854922574
-173432048
-986384324
-2103152342
-1931232204
-172927397
-534176910
1041507939
2019316726
-1042158300
-959065640
2132841438
-684703292
-1300108477
1393435541
-1817463242
261677356
-1405392335
-1549685257
-1077922393
-313242176
1196640731
1076553147
-627264252
156580085
-706602312
67680650
-323970066
-1409303987
1944655133
-1494132537
1767821378
-425689672
1861136847
-1943788921
330175187
-205654985
1232320474
-48430880
995488600
1438214850
1380635552
-368331674
-216887384
-1842336916
1978272564
1299567602
-921136604
485166276
1768858600
-107838299
-1171905677
-114486403
964775204
-1050989012
-700136588
-1575482800
1540465785
-46354619
-686080656
-454544352
-1380096267
-2146904448
-1444009073
-533300129
-282532936
1417683786
1314962829
1417857456
-1160543289
2059932455
-34687315
-1036101939
1187805983
1201831742
573822701
-2102905429
895022861
-1317089766
1889805178
-1991483173
-505520708
2043018670
-2070166938
-568852685
595096335
-1219573350
1810128279
435928493
-787712335
1375170988
-382123774
1547658126
371691369
-1019812696
1127393305
-885521206
503846834
877613899
-1886130558
-498829658
-669606006
1692954509
-1031825400
-1760957793
-938690678
-1267213273
-909155370
-349908086
1901386038
172134484
-2046959903
1545631996
168820886
53097434
384969126
63560939
-1545417979
-567953589
987096341
890820501
-663408824
-1200313208
589855436
808750496
-1834147103
764486534
1472345224
-926505854
-1520582491
-992211116
-475212072
-819799774
967427212
1815902044
-203508973
-587277121
-2081328952
-1012270872
1329620107
466656273
-1156501480
639589608
557100290
1671910573
-1271428771
553272818
-1487068068
-4842323
1257125997
-1483130231
-1748127850
-1341341553
2052816934
-2040950879
-510921994
-2140791971
-1350694458
-366282910
-1923665020
-2134815474
-445192838
-922306516
-2088215624
-1209175252
-501579724
1609879515
1285625716
277202870
-751131967
623478603
807156531
-262780345
1504235034
-1939195362
2139155075
1862227831
252807417
-376416580
903688624
758174336
-322538833
-185738597
618923713
-130300636
-459919564
-674836801
-1405753944
675518926
120488063
-666400636
-602244172
-532261897
-562683624
1687663259
241505865
-2000327989
588329962
1210475089
-2052798253
1850681867
-1273209507
-1253327593
-816022024
-423445196
341301668
-1272909250
957245452
-1322825503
-1715657646
-1372091135
346653898
-24070547
-1190197965
-1310367032
916400191
756225500
1067259481
-1486184021
-1580088567
1383053819
259069812
-762592460
-890415167
1094021829
-827481497
1687250793
13456309
1522502151
-2025122537
-1589879800
295354074
-921344441
433636485
-1118022636
529069824
1332148194
-1581920994
2073826192
600205895
-855616396
211162193
-67234934
-308673327
-2024725381
-1755492510
-793714086
-2046999112
-364198082
413344638
1469236267
9318210
1696747755
-892292338
1999656890
-1733065133
2058471167
100215887
411190109
-394193630
-897171734
1100229922
946482759
1703994672
1751040753
291115040
-449869302
-1444830092
364519766
1005549297
1631645788
1662626266
173017527
-1223776803
1837570333
-997110546
-1087103821
1219658915
652389528
-1350662956
1529336275
-525313911
742290953
1271333499
-947234906
-546665548
-248268194
-761447918
1520685613
1847072185
1020704577
-715124806
1207671673
-1597941389
689802838
1316756348
1883204242
986483734
1437868225
1921562748
-1573157733
-637470332
-46948630
617239407
868375603
-762725921
-841166716
1994828874
-26983651
-839537569
-1419749174
-13697221
381555234
12307300
909146891
-1901115172
3140405
-1834471986
1116480361
-680453722
138115544
1208437132
1982543837
-2024559453
-556051009
145378163
2070967677
-742247065
1377528754
406362192
-1937416703
967612736
1431605431
-1913664704
1007221123
-1967781972
-1645501585
1244972350
205680773
936388106
848748480
-1821531652
-1789607368
162579092
1160923316
46507511
788601595
1006322317
-1403630432
704215493
-1889956063
-942260298
-814610552
-1638185295
-576832009
-650573562
-128137279
-266106743
-476372732
650377881
-966215464
-1323521867
1618807698
-1716395800
456841394
-2012957045
-629629331
1100995385
-682976524
2011287778
-2130299926
-1983090343
1294851748
-516221723
-601749462
-1840918391
-1912858096
1341204008
-969924193
713712565
-799153938
814654464
-367542833
1671314155
-712234812
-325443570
505562712
-389351926
-1781207158
1677224477
577114675
526853817
-814667635
185025837
-1220184260
-2107810405
-1731062891
1057348047
-1576079375
1157256896
-2125831606
1440840115
55794042
890042718
1784270803
282232959
-1739354648
1037704896
1328025279
60726753
-550052159
789664894
19280168
571618535
550515644
1410272749
916188949
2073394317
-1563438648
2072770777
-2074579168
-1897587305
-2036593069
-979342991
1158968664
-147781215
1810592455
-1862397566
1905138792
1030793076
-421587880
1337030376
-767263496
-1512247142
1342448636
-1159733952
826009426
125195316
-980419909
-1827825950
-1650879671
1401254666
1083844136
-758910706
-428873131
-94172957
189544750
1663905636
201510914
-221997290
1446470927
548424345
157125771
-963599264
259792554
1744660071
1770667458
-1256806920
-428846084
-979946811
643101234
330556896
-969607704
2046078040
1082315398
-1934624130
1098111546
-971378648
-318243540
1974510443
-443860503
-952232297
-1907558347
214835081
872173468
-1493218930
-1774264962
709775450
-632890769
537233912
-604789484
-1633796464
1924368630
-1878534029
-2007092780
-1652108321
-1339322239
-1087457980
119800914
-367862246
-463735647
352988044
224442364
-278286467
-1505279253
-2080318535
-700338562
591589447
1481688827
411089214
-551121561
1540191628
66615995
-661557370
1218015755
-1507053240
-1758513435
-1242324443
1228668843
1900646327
-409016379
1878490192
-235623469
-336407069
-474297789
-974634097
-1585844989
2050119037
875033888
-1634606672
-1760612463
1845004784
-229723520
1480628735
-484330291
1469149875
1995009448
1307205043
-1364082587
2086977246
359545095
1966371754
1247197195
1398054400
-1686359942
1962895192
1634933076
1727547950
-565822517
-1873906947
-401118749
472686431
-2021067398
-1929455338
543262150
-1740221449
-1204700736
1545003285
1226305567
852928161
1152983504
-1313117357
-250148346
1823249761
378761055
408309829
1948275630
-1916145176
859679846
-60358930
469375942
-1616582870
-1533639898
135925396
-1227865823
495174702
-610397588
777762742
-5444968
592060452
-2035793386
2011457596
-236299985
686533564
1522621397
-251795728
1793931382
388645812
633138227
-1615676884
1485377841
780802227
258158551
-956250667
73843258
1556086869
749834504
-1211935609
-539024474
344671110
610728303
1251475473
-163956697
-114459117
1482488864
-901436125
-278556496
-154639490
-809821221
2069892678
1228588638
219315473
2065805710
660300299
999894678
-816761547
-1581369570
-1375248249
438578538
-1399340029
-1659700634
-467760130
397003328
-1959800549
223902847
654465245
424372917
1258938037
1912537409
2022039789
-188950594
-631189003
1698370314
-1999366715
-1819545328
-1096995710
1995439805
1667376769
933606082
792316760
-419984371
95816880
-1720487633
439697117
-386501125
-1227590510
137719585
-289927118
283207581
-1280805758
-1209126357
-1136031796
1867415840
-1830107215
1065630037
-932067006
1810606351
2033549332
469105150
-79603609
-1020121644
-548641889
618022654
-1977394277
653556607
-932091725
-385513974
-924766370
-672470586
136316372
989747036
-2012012763
1563485772
-989771618
5411731
2141411185
99876645
496363513
-94387241
-523934436
-1515548263
-2127379061
1964013632
-837429771
-2076171992
2025820782
-168681352
2008731279
-1778279730
-1251046622
1883064990
1570220374
183765128
-207651131
-1813484435
-2144144670
920942870
-1265658495
1421580957
1661949839
-752345087
-711292347
886952585
-701671860
82833887
1726565302
-1967474159
-1049310029
1199784149
-793429912
1588197825
824356954
-51831460
-989435320
2007995698
-951547544
-1581220024
-817445539
1111418288
1899004522
1585675014
-1570062929
-832562404
-648928921
1634862885
-586413946
-1103993068
-458162639
1160058391
-1746817833
-1866254768
-1908405762
9635895
700720891
-774562738
1769552950
-228935154
-2078043230
-742959823
-670910323
-1967476015
-20900346
1324941798
-1170750892
-1444006098
1759243619
-1831763320
-654503668
-1006484409
-2078937691
2060030725
229464636
1271969534
1633308515
-1463349759
-328981372
1559241587
1565330188
945256954
1790588913
1816862922
259535711
1328792748
979910545
1224346929
2026898208
1236914358
-1183223734
-2027516384
578654728
1589557628
-369014553
-1385148190
-395614980
786886991
-1494958221
247385941
-1961996926
-421552693
-1552388150
115612909
1016614000
732354176
-440754324
-2077163522
-2039845915
-1698256428
-1610012012
324721466
-1485454211
138480680
882945673
2048404343
-359980609
-14084808
-197950157
-941580875
530315738
851980231
-692296208
1602879839
65449105
989077370
463060904
407608017
-701285006
19202308
-650371042
893753882
-454754995
-349656957
243481737
-1606239742
-1762076956
-163380695
-1786089630
-616150194
1045377759
1616992542
1381941119
1289302082
337356546
385919141
1562756193
2032962662
-1220287327
986012541
-2015495223
-28234611
-1290102190
-1916461687
559309968
-1607537902
1115307236
1869194162
-226200904
-1177054108
722398096
366841356
909947069
696586181
501080942
1617086519
1455661617
1800065102
671888938
-368833529
99728263
-2139172298
13481975
-687248793
1425965870
1734256723
847272130
1001520762
-1514917919
-71737889
2089245867
1580412674
420370493
-693161857
1287464880
-1960828411
-1000634477
623142529
-1182166869
-1335736659
-819803137
-225131163
336981886
-1844045456
1451987385
1422486686
-1946723701
-1406302608
-803774550
-2067064679
-1237661846
-705982941
-1167963838
-830008834
1346765526
-2023550922
-526898808
1799179573
-1229212697
1599922350
-912655502
-1489863125
549445254
-945321136
800056182
-108452779
1407031580
-1995085501
1985592928
298898164
-1146754676
-577508109
-90617498
-234145381
1428880739
1343309879
472790905
1507504366
-520474290
496226485
-588396579
2022068139
829070283
322487941
-1545293317
-1145320466
104664867
939942164
-578061707
-793269072
-991574377
970409546
-163412613
-2130669680
-39374119
1080283119
969701980
-211122474
1143511485
-892353718
-19739552
1105449908
-1783988944
-915841269
-907445036
81559758
-1297744536
-1733237910
-1388025243
-231825157
1153673821
-1701971825
-1700675151
2139436621
-404129673
1225430836
-116235493
1805387086
-1394160504
155277192
25317854
1989335180
423678716
665274966
-395280284
2083715160
554735182
246923366
40275416
-1414669623
-251164483
1753916451
11946233
457723911
1590064447
-918271619
1443630129
1406512837
2013137846
903338000
1405241062
1276822799
1552907361
914600837
-1026308082
1332252997
2018956948
-1459517896
-1827693047
1631258470
1706041003
-1713778149
-1039491158
1235773074
-1922871492
-1729811495
779612822
-936254775
-1162692213
822314046
-1655495983
-1404131592
-972392126
-122412075
-1982095467
1091990326
-1786319007
-1900069678
1225437542
-1811850422
-1686931342
1573664562
-1037419166
1778805104
-1086205439
835590944
1103358429
-88397476
9298763
618773914
1334147117
-760062081
-590815947
-1261464748
-1674549311
494432392
2053236095
-1726132772
259536504
1617968429
921813305
1102685950
1209258543
-1162119638
-2074987915
1913585257
-411299940
-1484411767
165739837
-907039342
1075460698
666477092
-21379129
-140954152
1028067908
43818600
1454459367
-499536664
28035589
1648610139
160399300
490015586
-140780817
-1651253537
-911354930
136200636
823640588
901485623
2012836847
-265144474
-1751778702
1562229194
-2035726848
-2074011601
-1078933285
1101518631
-50712706
-959147034
1068280948
-1998672055
-1808030595
346551364
1119127797
817505051
1285665244
-1200542455
719707633
1644050494
770766521
76040804
1796775790
-1219016696
-1335082713
149741975
737379256
1549507280
2092089886
1686071258
-1214850446
16053096
-122090318
1547604864
1228226797
-2066166038
334910600
-1684591784
-1953314884
199122103
1216520069
-1193875371
1876450695
-1150455108
427417287
-1497805455
-827157729
322044407
-205315368
-1710253619
-2054157101
-873214151
748314400
-151832292
440743169
-1893043155
-1943113572
-1778100670
-710933521
484568216
-108241971
103576631
1120923867
-2080099358
1126954482
1685532977
-214736816
-1621051692
-469668488
1745983490
-1117969478
-804086366
-80058959
1721934782
-1338384835
-395103700
1543805380
1396038048
-110730559
-371857792
-1104725276
706420013
-1253744815
-551567453
1058504132
1554850458
1232333221
119810193
-792458422
-1021172886
-1675509507
936210817
517621890
1721809243
1573607727
-155746452
1208199637
1158480770
740360963
155676624
1707640186
-1868531276
-1513634370
229848240
-693561045
295768616
2085993980
605580512
433370908
1320328538
632624578
1794243710
-2047717848
847739953
1295378899
2033199555
1810678093
-1436281757
1883811906
2049917435
787006042
1916446488
-530582456
-922416431
1521558502
391867853
2081520471
291341264
-717105532
1947148667
-226744465
144948262
1843987764
858804216
-25613649
-1162100566
2012808475
-1657134180
1081368622
1717495327
-142799754
1049198886
-818881013
-1099172934
-2029132596
989306849
779883714
-1676611103
1443040355
465797122
-1742532671
1192010037
-250610956
-198057132
-1130190022
1226956242
1814330785
631352342
-1086008518
-1957203243
-1503502810
1061996067
-236314630
1656955422
-546715313
1053556307
148923253
1116136534
-2090784599
1190554657
1276902458
1695786291
-1204526212
287003021
-365756029
-987430918
-841827593
1663014211
-1881760635
-736247739
-1410222675
-1846134019
-445111543
665135878
-716255680
226328101
-1987262661
-941534261
-1311712933
-2025819459
-1849954111
1252721219
-779790619
53956739
-311323889
-1294210048
-2121981326
-157365169
571413753
1436567165
-863029507
396436416
-1987404407
1321268579
1121941972
521256727
1492507154
1349245191
1119011027
371625314
1784844676
-1621884617
71862228
-618103076
-701720318
-1722038218
608569701
-205078125
1746271665
1201084932
-2056933700
273589323
-1776584749
-996906015
295242471
2059682722
-827032813
29304852
-2106403513
502687092
1267955746
177639912
-65956034
-1922423168
2049975170
-425695753
-199556825
362896971
-173091424
-877741398
-756868474
386456900
-883599320
1434772735
-1495678592
-485889752
-1259424620
-698391155
-2062799475
-997418073
1350883334
-1180753467
607086955
1911490376
1810899032
253259129
1837365333
-1471199607
-634771856
512403618
657594996
1296357705
693262808
-808618659
834757782
-16255894
-131579507
-2121479626
-1119510755
701212594
-1314359786
-700619607
906371129
1710882289
-1967740712
294084581
-1023142567
1280277353
-1047507800
-537070637
236416990
-188375447
644395938
466591829
-1532925679
-1038989766
-917981640
597051602
-1135685289
-679730113
-2007418995
945488882
676568739
-266167465
-194962685
-1370512474
606891563
937013638
1018461970
1676949866
-1870008994
346093523
1230786907
1315642062
-791323116
2126941299
-417689604
459942450
-1828935161
-214590682
-1906258907
435251152
321370497
964820960
1368637931
921374462
2027946326
205057964
1766857052
-765869132
-2041676779
941149133
-2079218477
956142668
1002668666
1817215782
-488656756
1570821001
1023358758
-855038501
-1414121606
13242075
-1712817775
1484951351
227348823
1302373599
885756991
1882606031
-2040828419
1403371564
-333899215
-654175768
310850036
-155469236
808495006
1770887701
1544882251
2115119880
-28673566
1798665764
1340554667
-416471064
-1018293578
-1845538758
1302771880
1621260281
1267948194
-239481795
-2066570406
-1466974256
846132911
-1414742671
-467101140
-1720129073
-985545377
1331991141
1096840179
-1787933018
-1127303455
1282284304
1532229442
525230620
-1139182464
-125432522
-245624580
888072207
289639261
-669914352
355622953
-1892289095
-1710944675
737030187
-499176691
-18136268
-172432540
-1846024049
53023094
-1567715009
-641454142
1937118756
-1778577323
-1559746750
-1650223123
1609140305
-1785025904
-1093358193
291522160
-2112878106
-1921430762
-308418582
-958796253
1917978939
-258395085
1430656075
-210617444
-2086658407
1992527909
763621857
2004445669
-1472719656
-1184729362
-729172902
-494735761
2032097352
1416822123
-1911462047
583299141
798683092
-845110875
1120765544
286293636
1238066276
-994400154
820300967
237091338
-1793770877
-1700184049
856457571
805463660
-932912574
135363752
-213597069
178755117
803684699
-1741389511
-1402036481
1553360429
163462040
-930649513
-1288971125
-86180769
-1714758283
-1622749695
-957026253
1443904959
270339332
-333323092
-1739494857
664432514
-1405950704
1934012315
887341498
45496206
-47178107
-304500620
1572959942
439660588
1322789902
-663157232
-1399009133
-219905285
-1298404352
1377043090
-657081335
-1923399897
1035342966
6131386
719031938
-532586789
123715004
-860819845
44150995
156545011
-824660240
-375014710
1367701132
509350902
2123714790
-1744231240
-1725717121
-343749821
-1432458420
-1900030526
-1149210241
-1858027639
-1169354738
1299513704
97316969
-329744004
1531926779
1664121851
-96384408
97185221
-1148658776
1228335803
-1758254477
-1305760455
-1825835116
-1389076191
369373978
-1228864435
1586979468
1155727224
1140620162
-1567840823
173381457
-1100716367
-706651986
1627552956
1766984311
1553864056
492369663
-284319313
-533575281
-346684798
-919631875
-2007830755
-285251448
617482280
1335560279
-844895966
2116968786
1735521593
132571688
1972104305
-1008973373
-820685045
264302459
-401811317
335381438
-679784237
-470441711
104835373
948784018
-1632365514
486624609
1356903177
-407025505
-2105487585
1371073503
-1659471943
1543177278
363340499
-1918058367
-1203944208
-560239902
-2043512767
-1576289410
1634800370
-1873101958
1428604318
1995870552
758273605
-723416806
1490393393
1151192861
-2078689112
1449505497
625573227
-1619628312
1952050500
-1769441796
810617402
-1383812946
1846416417
-805241261
-116901986
-730514634
-549035813
-1951065885
-1693727365
624478569
-1783891820
-1579684667
215665841
-1437145141
-1682949332
1992351309
-1265119895
1047561801
902491055
-1985281939
1872481969
1756586548
-1534202865
-206587813
-446471349
-376730483
1233944594
894793585
1585883074
-1561292669
-629191795
-1019891883
166366653
-1585447367
-17989678
-1530174375
-563410793
-2039521845
1278667878
1303249444
857927470
-92549486
1231152887
-1483581807
-445667590
933090983
1657486988
883283671
-283382686
-290707802
1560653310
-730426647
-1174516662
-1350543948
2031714726
1004305182
772612848
-1579361854
-1574149033
-1333863404
1689465848
1803796498
1621395342
1289434322
1699557316
-119412231
542743272
-1738486996
879344137
-374681113
2040088275
-628710805
-2031434338
1308433572
1995185800
1710733356
1556109719
1533573852
1323515192
1951116168
-1042148462
-1078878499
956695173
-1182780811
-1464992944
834226846
444244531
-355860117
-1003979897
330807810
-377783521
1150945610
335713269
625864030
827746671
35532666
1695062200
-335374280
-489519094
1934812243
-538111268
634959954
430708042
1345141695
864589366
403314918
782069488
1438346270
1608556655
735069746
-110667432
-1886136471
1641338211
550155574
-1363540499
-1161231719
1299393707
1077486523
503549150
1645944649
-337058696
-902990697
37735953
59116442
-351318622
776506415
-1708069545
936701014
-1527724800
684323133
1059511777
1406322007
-1634505223
988952019
1492103411
-767445975
203194971
389311648
-252601385
1815654638
-164082837
-290247056
-1861555949
-1524500094
1725962300
1246360569
-874297123
-1500345633
995673412
1982580691
924660943
685067457
-1546016469
2921672
730684118
1166726028
-806028570
1582994510
-410434704
208198765
-153615100
1239523664
-1027758314
-2060261440
-1794459064
2039116596
-988797194
397907377
-205815945
1002702105
-636003100
-1590384347
-2128789903
-1975145120
-202410350
2017318106
724244102
-449009298
434163711
1398847180
1602633218
-371187281
-1397669587
629319130
-245896951
-864884259
584061718
597374377
1785350570
-1066761855
1561841632
70816968
71892269
-823715654
685793871
1080633621
308968111
-1944019652
-254855046
1903693406
1013536497
-1272376421
1517968833
2107661131
-798133908
-1499152183
651083774
-373993350
1330798247
1948051421
494474233
-2063870485
1327080397
781852693
-879489759
-1856771427
-234055815
780109598
316005497
982968953
-1831142444
1013994386
-878564656
2130300527
1430300130
362646465
1627718197
-711931170
143509016
-1854806861
1424906920
-905711559
185771569
443420013
-62046700
861581798
-1943474111
6810227
-1457211524
-1984006295
-475933942
-58489458
-2086403723
2054331329
-1979607155
-1486572081
-705779756
608337682
845577188
2089075667
-807890777
931958403
1451353934
-1299739065
1134895208
-2045024663
1005079435
-736103762
-2112361105
-1100189019
-1184020630
-942965151
-300370264
504738121
1082580639
1118415831
-1240231546
-1108182143
1930156762
1815293990
643400503
-1025935184
-1236358636
1910119625
2069166361
-1524883495
852971051
-1427908189
-274148245
-97359040
-921423439
-1302709436
-527958713
-1392795056
277018112
117520746
1694413008
1948736959
625970833
-1810691639
717618855
434645487
427376013
1230807822
399321506
-297571433
1735542180
712043553
1244389311
-1939314014
-299342562
189340586
65764694
498247511
1186033199
1628244951
-1136341106
144301497
-1145532274
-131692965
-2016212463
-1324066000
-1216468920
560909497
-736893949
-1323922840
402990544
-1619664703
-879226833
-182134408
-819567781
-1361620645
-825850749
278617671
1727232874
1502121859
608715966
698408234
660075688
-1991700589
861512807
871437778
2038486773
823966408
1285108736
503609957
-578814526
1564308734
-1162097285
-1009142551
136428447
-59196738
-1089440787
1074241257
255894289
29006714
1698036353
-989556910
-2092136280
-791178218
420456110
-537255267
-495513007
1253772714
1898267052
-1572150990
1984522216
-1019706234
829312291
291596299
-1131685615
-2112251018
-1638969563
-1414072424
1637977160
2044960582
2022402398
947490018
1242008373
-1384956280
-2007257206
1125640434
-2084061116
1781889428
1258352934
125577843
1554364789
1672548047
-365172118
-2061247082
2144617584
-1098651856
459477109
1758373429
1935685596
-651409664
1267494090
1550510139
862846448
-936524064
-1162527749
-1787162046
-181619639
-174171888
-264748125
-1852019075
1446704382
-1842880787
-1837165672
1636736471
-999908111
-1152445765
-504781215
-1696521892
-1368251545
-1600599644
1454052581
-1705732648
-702589221
53662209
-1844358811
-1572108867
-1083665650
710275543
-1869013588
745338185
-439434142
-1779775069
-493965180
2040597736
-667693976
559128410
1745796716
-1438415402
857611191
-170306134
1514330503
-134365944
1371247871
794432390
971988182
-1250652084
1959202141
-1027842079
-367503703
-1944819282
-1663762960
1687270840
-538565038
-1073210082
-792642901
2071974998
-297156324
-1542620081
2051064428
-1246212141
124506747
-1801141023
-1221067699
-2026232355
116468612
-364491583
1470559802
-1877910854
-1714276961
387715280
-217941820
-628825459
-97887110
1014172098
1441399859
-1184671017
37724992
-1192072376
530057953
1118001216
290576650
-1327156879
-294978363
1788103831
298066069
801415245
-105187250
1546209559
1244315445
-201811501
-2045168526
330768620
1559389962
363654660
-1387038715
2131996660
1140158576
-974583473
2120692302
-2137241143
833009339
1040819511
1479870678
1988465919
130092068
1737645874
2105470595
624383658
-1360692995
-1287169580
1992824806
-1365577182
-1434338772
1390234669
-1202757424
829137161
469480150
-2070895762
-724437205
-1627150451
1320535385
-1311073582
38625030
-1408104214
1464551296
-997888581
-371907599
-1655144398
983795185
-1513158630
1208077194
1028243792
409799402
1549523220
1036246360
-295942582
-1887822804
-1783518238
-490794025
-2140787515
-862804938
-1593005320
-1879110957
-509941810
-1394672970
1776218472
-451412231
-1374959146
