-197036810
-959852353
-577008404
-650162624
-1096954375
-2076877498
-37008809
491449281
-300683391
-2015726607
870952073
1238072455
-535271060
314414568
-1718621316
-919931901
1686795797
1033344586
-134742984
1020570573
-779002170
-1991665771
-818459546
-1708246620
-1383648406
-1966539957
-1506729181
322511283
1353369990
1340614609
2081274647
-903419627
-310495638
-1857337191
1262512581
1002261659
1532377251
-1725535101
-738695133
100704204
-839760717
-665540992
763170925
-2089379795
1312565507
976098424
-726686411
1874069697
1992916248
1300033645
1325004223
67916243
1235767301
-1672474656
-711822453
1264683250
1067698720
-9734797
2054393138
-1367302852
985970168
855496911
-1880268171
1332018143
1235035270
1800161479
-627694190
-713852708
372088993
2138262461
-590430758
-143359986
354788791
2020549188
-799637633
-971910549
-1473753670
-778891257
784469170
1797018504
853109335
-2018390296
-631852051
1931651938
-570000019
-1548251028
2131550093
-2144747430
1635927228
1318596949
-460232029
1910787457
-1820275491
-1518697584
-12128502
567744790
-961724559
-1875652015
1153786044
212569932
-1106124643
1203045500
1634175585
-305478321
1920855989
675086662
-44351704
-76076919
1201430326
-499500260
-241019430
674979360
178886650
1191150787
-1648377556
1726551747
149273510
1510905023
246241620
1087036070
1271143014
788323065
1013721822
911741386
464506844
-2061661029
-968204609
32164993
189315925
1063651902
-1810427990
1307250737
729499453
1722811463
2100142242
752594007
-2012695595
-1731264114
1120364752
1307630543
-2093164254
-970642369
-1835284330
-1265027502
568955944
868059397
-2033976349
-1729776065
1435456344
-1884291996
-514245176
38131357
85816902
-755645850
-1701244597
-505868961
606893214
-451199879
-658193541
-1377360406
-264306600
-710526569
-22119740
1227177941
985044778
-1026155353
-1439209596
-561678865
-313538
-1881832157
-1809323555
430666117
-400741595
-1546953222
-1341931316
352349668
1446191370
2041804470
1779013242
-1929023460
-2128215766
-1664808223
-995197486
2099951367
-2051065981
951049125
-2099563181
-1721784439
1038443723
-27344974
-1170586842
16693528
-415323485
1064881508
-1505542541
-1343412610
-1288763636
-1429699805
-2103387665
1107191517
1587311385
-2076012019
-2024504391
2133308147
4831462
-220451118
-472666522
1292901023
-1540082488
-1761932064
629675866
1078849188
-932186683
-62429249
-1025663399
1433043627
-675221178
860536509
1402831453
-741241970
-1226359285
1758209741
721426345
56729043
-25195938
1149589163
-1126479075
-190345098
-1682423413
886690116
921011916
-333002774
288298126
871092821
-1771451445
380415330
642898446
-1979653806
-347925173
-1748117940
1775827338
1138896520
1740789994
412065821
-492775983
-1878843771
-477906875
321471571
-1265964361
-1392859209
-93538351
-839669577
1684443653
495085138
1784057579
1800368099
23897009
737708663
-1903893203
-1967321597
2077779278
-2020604782
960139522
-1730484769
970685637
-1305701373
-423416964
1153020440
-439231931
-1247896576
-1553887900
1362607793
91606392
-204676423
-1677686382
-1793607983
690207222
228105916
1636071551
-326104378
524295934
-1574275430
1836149016
-547605939
969533027
-1038264629
-1920791852
254365456
911093443
971391438
-267344632
667677551
168953087
-1960411500
-1645695111
222630274
-1197883162
1871169822
351592498
-1351068066
1761409331
-677877404
1521533592
282490264
1374765753
1863799928
2072652731
1080174854
1818570460
343849963
-706469906
-526456628
2083011907
1436397423
1776942489
811900822
749974731
-1124617027
1810497869
-930881758
955488190
-2052359751
-1832159464
-2049287935
-953276604
-2079324973
-1331286758
-1959813219
-249845223
-1169553489
-2050622632
1429107581
1931963007
269563911
-138513201
1968120007
2146312054
100127440
-1008724532
1657516294
-174246613
1829023131
-677280902
-1560349395
-1525045075
1033009726
-140201796
1360767964
-435393818
-1838341965
-1607926724
1211713505
1918729928
-1454353601
-1120363580
646454016
109463238
377012438
1055975628
1431759095
-843663995
942377405
-1138073005
-1011865924
1750095315
1865276017
1958639602
552954376
-873112105
-597634873
-1846119891
-163328744
899236234
-262926508
-1869607924
-657175886
2061727845
702784270
830050794
825710181
-1072928164
186392371
506501516
1534801173
-1385711606
-907406487
-389306508
-1757357642
-481406420
851984422
392713591
-994358697
2135823443
-655217327
876400269
-254684830
-508832043
802621225
807711719
1734180641
-1851773948
-823990939
-496058553
1526644612
-1601815390
-1720524643
-953043317
646973473
1941403539
589994472
-758872951
-116989317
-1857681196
-1557653307
-564229342
568645254
1215515564
2029855550
-995982703
-1234306710
-1562465248
1797485642
1042774532
1861428359
2050796459
-1038912397
1127796077
869931193
1328348462
2071681208
-1841355623
737022428
1002564645
1888406451
-1227763840
1294438034
918192923
1061520638
-577694753
-1899868093
-1500240545
-2099154221
165625860
1130682213
-995127304
-1032103438
496473832
-1265836035
-2079296043
-287371321
490695042
2041094756
66988872
837726923
1444868441
-579019698
809440437
-1286175446
2088026203
-537663992
638569606
919686565
-2016421395
1903319040
-1852689311
-1579720007
1607059779
-1684929398
981460381
2005976064
1159416048
-1578350112
-743525135
-997923368
261836736
950599787
1051540846
1040782146
-1302227259
-1105753792
1856546479
504924683
692251823
-1259618068
-80995762
-2125482704
-1083250079
1443945076
123575449
1685465470
459005120
-6265194
476265604
1469663353
1369896909
447482709
-522793246
1081322878
1817978613
527216564
-1830967089
586926379
-411431257
-11395135
-371389071
-1883877634
62657319
177892564
-1894038817
-1576052420
-151160671
-2084008424
-316112288
533161747
-1155141503
1657144650
1542076376
1806670082
-356440063
871599041
232146046
1539493752
-228054013
-1322710099
-242009902
1130336187
691844640
1541761443
-2062698034
1883296523
-1104955648
1962074712
1533183323
571614214
74297835
-1496514388
-1996502522
2069737038
-1905214048
1365340138
-262683149
-984013720
-931053979
-543871410
1621745937
2030084071
-671896225
-309599289
-284772722
356310985
1638072611
1380409597
-351878771
-1111193312
1595706252
-1542354284
1139974422
-1220653580
978018510
1568879794
1268197198
-47964569
1116380107
-182537538
552511463
-1287272422
78058405
-1684201621
23869913
164341711
-959555948
-914775820
-1823678383
629166416
452066808
-1422512728
1763561194
-1187884658
855879601
-108424023
1978023194
-1771213044
64970926
123653872
-1923711762
-1780675459
-1023497020
931781779
-213563143
-1197502036
1902729152
-1885949366
887061897
1441595035
-788247617
1885010735
1266528540
-101643025
-1046370116
1480307396
1347837970
1574667146
-565593751
-224142534
-1199923293
-1943035783
-1570905789
473551856
1157008402
-242893551
246667232
808784953
449701410
1199607892
-103234165
823021154
354456521
401191832
26285330
-1176486158
-1874200541
251612522
-1616703779
779070515
310990505
-1607006545
-1371041470
708139505
888190370
777563660
-1031964136
-1825770111
-1724189735
689253767
288462217
265829892
369165711
2103752302
284567084
-1860834067
1305578675
-2059319433
35805779
-1939856704
-835895216
-184487640
-605863264
-771859429
2090719046
1524989048
-2092098082
1223897849
1497655868
-961718346
1930759693
2016309301
-2104000300
1699474858
881363646
-1777323699
1826111009
-156382471
-304536415
-724425111
-1672912811
1389311437
1546153564
137899163
178915262
-290317387
1781079709
1329186918
304183539
-752191031
602390386
-1486207868
283659850
2101781265
-1902215465
-1073907485
2093927564
210438438
1033696400
-744260111
1132941035
1016032026
-997854919
324390937
-946405836
1476759189
548579995
1423222668
-1455536320
1762649919
816568640
1580959812
-1446132560
-665792411
1990105929
-1459597755
502501336
-947831594
-356765570
-1306510811
-1948766981
937951502
433120166
-2022522418
-1415477575
1459166102
1414509848
-481154685
795192516
-1644781654
1070963345
-1136252640
-1845605926
853747227
-1174378424
643637669
-37157649
-1280317321
77772607
-207313164
-462405208
915335782
-1709220644
-520461863
-1835338736
1710478678
-1840494664
-931492277
1293515653
-1437308326
98948533
1264687601
-200230669
-379343281
-1919355051
1854580455
-754723772
-2137967552
-1824803767
-2029193535
-307206889
1766337035
1160832328
-1676246577
2025321135
1862273860
1047344930
-1606271326
760020781
-1276436904
1583401748
-343089713
667488769
2133663733
1818888285
-2014118414
359953822
692502697
1605071633
-907011083
-1524654995
-2029463351
-144204756
1942340498
-1279696637
724334228
-2036105494
719766550
957126037
1490758295
-788471980
979004774
-326986069
1346713170
-876118498
-1482155705
1299174675
1612284187
1311585712
840664281
-1186297064
-1517455550
-732277630
1647754852
-2089086733
-824101003
-1565996884
-785470634
1232635010
1546564198
-680398659
43739788
-1445218249
1981325482
1789404618
-849996080
-247620270
1540911844
683037386
1745989026
-1957323438
-528965598
1659972897
-1026220485
354391720
1408956038
814408314
878232782
-988254034
1325453864
-1733079079
2041173520
-1407485226
277175867
379327983
731545338
-1285944538
-1013431187
1807294128
-1196573491
-2054549533
151613076
1225484322
2140811606
167741580
1557970566
-1228068744
913274739
993008138
1533468743
1471389535
-2128757803
-564186588
-463299991
1399597206
-1613259257
-1692111304
-1520418640
1346331588
-557670994
-1100662489
-1763234572
-148994683
-588605423
1618334865
2059100747
-452188731
-1934550565
-257605310
-600326554
437460817
-1271297761
1153088235
-2016453317
773018795
-1394644067
539147028
-623963420
802516509
-1378595517
-806045871
-895344698
-1068243696
1406601974
-2049306957
-1855225098
-63377251
-1630632559
-814622079
-1359507753
762718052
-768736979
424973864
1730126855
936635036
-1767263069
127259247
1140078203
-1163661716
1059474766
1892771822
-257982232
144929656
3566357
-2018190144
875924068
1120863677
1562728616
-1060310665
-3382707
213046433
-1480686584
40536400
-1551780247
-975177659
-1795851443
-638492249
-255776946
-706725858
9073059
-1340715860
-1754202364
461842115
-1325166443
465167191
-1914622488
-1088903417
1947441549
-1939348839
447918546
-1649791414
906664859
290629587
-760493190
-190490612
-1116356235
858095755
-590371305
1671929538
-1293976642
-713047716
1263949128
1650740716
1408338827
999675950
-1433645768
-722796185
625914146
1771359655
-848381700
-66697729
-1349385468
-1254626847
-1119071426
-292868280
-1640091347
-490246051
-871848672
2091644589
-1018742631
1404217142
-1978020006
-1796409399
-1551545590
-1335452263
-1741209179
1283235317
1611132680
-349805196
1798440027
-1348200671
1781308457
1153479789
1960147038
-1274028057
1422677906
424288277
960082233
-1693680419
-402123587
432171357
-2099327610
-423299798
125034107
1526631240
-1418006130
-1336548773
-404943812
1637384418
836421686
-1235146377
-219674738
1497429616
550415896
1107013968
-1081711133
-1294050840
236776176
-208688612
-284271978
-341311837
1158913337
1877162563
63489328
-1490859952
2094742551
-1742953351
1734041574
701763883
-514534537
-1550173425
-1714892186
-1311719569
878534260
-653937530
-1390891822
-394412535
117564412
1517270373
-766144756
1824214157
80099763
666477388
1655701556
705419885
-1327853290
543233352
-814171538
921198951
-734383389
-81693337
-1785893144
1574662975
-428864328
1142269839
1358906907
1230171822
-2023492358
-229848693
2087362640
-995913830
1767753976
-647864218
686545509
1421397638
-308688561
-2082765060
-132834608
-207699125
-174335857
353366477
84241124
1387986696
-1373274082
-159458284
-452878253
996446550
680320860
-371379689
-286008589
1943710912
-1569658616
-802452287
71211716
-1432576399
883528417
335008365
-526601679
-81982161
-15148144
1121423620
-1030252394
2146808712
-1578382652
1835361609
246538498
1734347082
740872095
1591542643
1828444477
571117623
2103124304
2065085691
396662028
-2119583751
855705088
-61055049
1903815091
522095955
-2074270734
-1616942552
426646970
-956520295
917061861
1580732687
610423028
1239158626
178983868
1170997829
-857677636
729480571
-2121135008
-1971105588
560155778
-1015101154
-1810942491
-1567615456
695426693
1675777634
1376163563
897471699
-928015135
-1491874315
1565242438
1661399128
-1061730612
-1180005623
-1261364767
-445002210
-2004721124
347698316
1506610655
-1199541280
-185688820
-313444965
1809043970
-1489258693
-1684928450
-1895233224
2114590544
-1177267584
1785785604
-778302151
345540595
1136620235
-1522252838
-132886397
-2001499296
-25849004
-1747808457
433852536
-2129090373
1768634884
481631876
-23012947
-552260742
-1392481973
620756332
1283162080
2067787336
-1542137040
-941419690
2005606696
2068475947
-197371479
-574671057
-362764178
-102000664
1349503020
-1601029268
-226786533
1562954149
181187205
1481193039
-1561362926
610808528
-255953686
1555597928
-732496415
1761701952
1594446156
351105886
-608958926
1605366425
1776354799
2089097967
1695925383
563922163
-1782990532
-940475852
-369126874
116103613
-1189392683
810847017
-1981177519
890323423
1403812330
-1289843092
469944762
1593307679
-1540611894
-1591449275
1474177077
1717041861
-1822104131
1890541542
372147631
-890120832
-1097864944
643280883
1180481886
-138367606
1968773232
1435488067
417692217
1175111179
-536305797
-1143057688
-1942072406
1554473658
242896276
-1658797460
2043195778
-1389881654
-775617290
-1676551331
492123949
-1559388669
-1241413877
-453900020
-81209818
1896784942
-2000604674
953750673
-778545236
-1208410443
-1195736178
455364881
-1285141066
-534963061
-1120242395
-270219197
2052759331
1673146441
625411368
-429577425
-448126155
1423366297
273711504
-1105753288
221773888
-1652847913
-1709938759
-1162404003
-2120105570
1019298804
976088442
-429221445
-1750968091
-1614953570
-1694660747
1115148629
161971803
425055645
-330170193
-119421929
1631069353
-106934912
-103614622
2136356120
822211535
1393203320
752210706
-429888737
2119106392
-1290139261
1245939677
187356008
-312202290
-189578292
-255411433
-697201496
391903087
2088986449
786373910
753147469
-1726440928
733799366
-1527772087
1146413065
-719081311
-871098951
-1976707697
167302545
1828775681
-1207561738
632169925
-2132606303
886855252
-1103740116
1142259873
420641604
-573273692
1280687567
1604636862
387626065
44785189
-2016317888
1627874550
518117432
1470640811
1051886891
1953689335
-1184291842
-601286048
1273939505
-1649387760
1783599237
1778910897
-836985658
-943883956
1308576785
1741954184
811146075
-1624956991
-1183135737
-1238456128
-1318303554
-903098839
1757830902
-509712427
-1625661503
214250161
758634203
-668789541
-1722358502
-1322299375
29705120
-1208061007
-1124550775
-1773292324
-184480282
315050614
-841187777
-1951378408
2131304964
942538298
1062541694
-36252911
-376730802
-1105082632
362805628
1291477098
962789273
-1283412284
-166887539
-1162516364
544349950
1449906240
-1544827520
2021767874
2072800222
452757588
-1874548920
-1350896388
-1616363737
-1850831075
-530232610
308037363
-1685766956
-912380891
1563517542
-1165106186
-1146680134
284752341
2041607312
1502066019
909925248
418573351
207058753
-1642847616
1468426222
427331231
1518758001
-1705574005
-975855509
1727180155
-1161031338
-651557361
846468288
1090444841
-956278846
413220984
-1021394910
1732483832
-311967287
-1851817239
-1438978194
549316114
504958886
-1433682099
1124419509
-179198038
1913130974
-1699368276
-557043461
-263898255
2040992165
503935423
-1994413764
535028045
-2076010111
-90789179
-285424721
1644823884
-1387185107
-328617833
1486575693
-770075946
-64240705
226599674
451454868
973326114
-213908724
277891124
-450759032
1358509803
-1072497845
-1964676127
-189896966
-567805086
-343066632
229693190
629641228
-1074054554
743867642
1038300518
1819581171
-1882292751
1907647239
1437039636
-229382146
37392085
-1498358201
938714441
1894481880
340313769
830843703
1195955575
-898050807
-1724576515
480357840
-1582809698
297572802
1379267540
-748859673
-297578787
1355263449
-1790597293
-1093385258
314774347
-1919260399
-799169355
228699228
-2022981625
-1795701345
1195535489
-442127679
-2011245427
2044866281
303801343
-406201795
-1919984821
55572624
635984359
-1389607014
-1558110349
1040302512
-2069470628
24039448
-1138430958
1715816550
1157561880
-2124215664
-609146783
1897099666
263864551
-1104601381
108488027
-1113552675
-815928487
-2057687180
-1293111153
1147272445
1668524978
-851625637
-81543113
-822272969
809368101
2056228412
-1038791544
164009253
-865991615
-1571271472
1828989515
1001570233
-75474005
-1882162301
-1234175316
286454401
-1373807603
450865495
-2082306991
-1736677332
802520142
1229404423
-401536594
-1946584756
-1008140541
-1181435281
-2004078441
2070818397
552449572
-2053769686
1053708054
-467309051
-299053566
-1735422083
-652136066
-1257485411
857592696
2116116595
-2049856065
-210421265
-1563465375
1876030536
1941477372
-241883583
-1792974519
-2098412534
595979354
-628572270
230370150
-722134659
1857307163
-808423901
1340395976
480885823
1758977002
-971653320
-1911033137
649317676
-2023888521
318064927
1468100318
836596739
1342557766
-810267791
-2080129715
1834173257
-1465417276
-176582761
-1009443676
-969050515
-1871225701
1259687311
1372852741
-684954068
-316086458
-891545360
-94376984
-307884234
1649901031
1020598827
187317262
1591207697
682941784
247207955
1582398639
-1773388995
703262079
1817974174
-1956358923
-1765906791
1998544102
-1211136020
250622125
-536008443
-2015567478
2122279049
-1808457925
-1945121465
-1492176142
629843950
1472474575
-788707022
-117698173
-892091315
611102933
828554244
-1728778478
1200261262
-1188024143
1503194896
1159859387
702822292
1849421228
-947995492
-746511888
-1374378044
-614322391
-986152692
2050941140
-826338618
-1283665381
1225980479
-1607210039
188587405
1355139770
-441829064
365105223
1519049877
-708211340
-195327487
-69215505
1284036715
-933063903
-2095876661
1273092319
-1122675086
-1754502021
-1409858726
-2009458105
-585930269
869275853
-612656737
291883580
562991381
1634898921
242231462
1959915468
-795090178
1873399646
1201831090
-1441682351
451023097
-496268566
-768057435
118065930
-1342619447
816627757
1829006501
46642663
2136998621
10458527
706591228
32121763
1607657685
1391004868
-1087521472
200348440
-408387516
1774641053
-1267348045
-1343395890
581678519
733036897
1958734060
-1646281772
-1861557258
-2121566611
-1115382346
-1172948269
127013769
707884920
2127184183
774150751
2009804413
-1889528822
1809830484
1223869328
788999271
-438810578
-2091372716
-1038876207
-637568343
-747259546
-1009745469
627165943
804201715
-1258582305
1448543384
401765525
-134774260
-1713760027
1291159705
-1338676594
-1902352174
157481880
-298493186
-175916310
-748670593
2047398111
-1951894956
-1861416211
-1471674579
463631773
1541277092
-403289755
-493531749
-1334217181
1843851732
-301944253
-1383522511
-512864795
-537882292
-2040203411
701704001
-420188561
1103292892
-688413998
1184717967
-430751335
-782674724
1969817022
-264609773
-809985287
-912587372
1355041135
1150583804
1635536025
-1414852130
-9014041
1389870840
-1363422487
-2002919158
358579203
1387335602
-831501322
1172055297
318548940
1277301916
1267740124
1884930476
-1344468980
-208675858
1643212921
-464959850
-595235292
1654665197
-843571613
-1369776433
334729500
904455024
-278363877
-1826628845
4989691
363389599
-1267508094
1998207532
842121049
1962609662
914746763
-124660844
-1408799950
1265571241
1917755441
1371474013
1396358652
687145697
469938347
-1737154987
1457457146
2009853382
872426462
-1770739355
899942866
1139616102
61539091
1429251897
180883805
-277282826
22750954
-2024328923
55480254
-667250338
1562172813
-736565178
2143386805
-542337542
-1234974681
-1439137816
877992757
-851375714
2011450263
1302202919
648737587
-1370881317
1238257760
-809506088
1592399040
939670144
-555774492
1005425833
2125461593
454559587
1970459858
-2103020410
-994144130
-2063216032
-837481253
1290383166
-1249812352
1454327458
478140843
1880200550
667724959
23773729
-781903081
-157814403
-1613293741
1746061931
-1166689134
-1202809776
295649258
2033420710
1036093413
258589599
-1930152366
-1507551276
-1120604386
-42963199
1097914424
-1860201384
30736841
-704622844
1428646737
-1100459078
-341245603
1938969240
1723599094
983803302
1044662521
-431096148
1216458486
-1094322374
-505775025
750822425
-1491662425
550720897
821244384
-1271427137
1346194238
-599878599
980520041
1489672429
-1351310240
894278876
1106737053
1175892486
-1433456136
1019554270
888372243
931028832
975467594
-1803652558
1814257281
331364463
635216712
-559052526
-2025521622
168941346
70022180
-792234497
-833476971
552589708
-1517345754
-731690745
-1875163009
1723455943
634772671
1415688006
-304067055
-1539604459
134268125
1868221358
1346764373
-273542329
-1551412352
-234203126
368681958
-839898271
976926604
-1586605505
1685842663
-1791530370
-716805919
-322127403
1252469301
-1938137103
1669346984
-803659339
-1080783904
943126957
-193304849
-1216669132
2043070678
2117871590
-1746945160
-1857898673
60320737
-1179412745
-1194692658
1822996280
-279523373
-1695374458
1849984152
1301024017
777145598
1092873445
1848699953
-2009672714
-1782625815
-2129843781
734162039
-1873744319
-1043651775
-901045533
1469991394
-1144597240
906174222
-1114113901
-216657960
-506504214
-1319444698
-649194048
-2101016000
-811373301
-1090320667
-677612095
-1936505771
1680277852
588777501
-1979244494
1793663164
1643305247
-1774433461
1645805339
-402923817
270710954
-2068830452
232420176
-372465317
-29086358
397236943
-638432486
1861798431
1526603562
-1980563254
294453014
-15483081
2009706901
-1245041871
-1618978467
-1674613439
1117338105
1788518565
1927277284
-407233794
-1462612659
-1649775638
-308743386
271409700
969681525
471479005
603102719
-663527055
-1168898877
1591445668
1245297627
-1968931837
852292289
1400745767
414013455
1863399910
-560364243
-645891138
-1892429434
-1011802642
299452996
-760982742
-1598662240
-1740077881
-94060221
-1599508279
1400569174
505733450
647397930
-480252667
-1632396127
946858513
270048706
302855949
804942876
-1861252019
-421955103
-364710457
-1545921305
1594996694
1622912492
-1618050043
353445583
-201303933
164144030
-1440252938
353611947
778768571
518389767
708249054
-1474845944
247040332
1317673174
683204105
623407368
-382571909
1072429530
-644725251
1787921286
1783648859
-1376796987
596268270
-1647267202
-901817246
1876444467
-1919788170
1055682732
-420278728
1926462186
-1400615291
663653746
1659747794
1829162083
-462918251
-1192316674
-2033204033
-1189775479
-743270366
-22677844
1045828801
410175167
-788855207
-1976088152
-1277886049
527333416
1002264847
-911317033
1890931769
1477039393
-370920204
1165078263
-2092500259
210255378
362208520
-1803479036
-1952585000
-2137641370
-333348788
-1524693795
526583630
-1005716265
1193815741
-930757593
684466510
1561451502
1742711165
2098655089
-1937021664
-1398350134
1879474771
1503659929
-558380831
292881951
822885973
-2145258643
1958039633
-1811113599
377188323
1161774228
-79873557
122769634
-124322857
223307439
-2129434314
1924141657
-2039874054
-279765830
-772300197
-892581852
1720516793
1256779960
255224566
748557040
-757433320
-551126641
-987323344
1053482071
678940645
-282748112
-1138871795
295046569
-97047247
-597482246
1899578370
-681578770
-1431690500
956199520
1425347274
1787097643
1686356527
1925181896
-1940379783
-1714426140
-1637577522
-976833098
980385745
919998946
-770071443
1897624617
478749651
2042332470
33287139
577345605
688521369
1481380989
1488130109
252004913
-1606017950
1262702948
460041461
829395266
-1516275730
-799802258
1003421540
33027160
-1499385588
-365513228
-1191322252
-1053999992
51493488
1577335661
1152902041
-238731781
491797706
1721742575
385027585
-138556651
318666003
-1069951242
-1112067831
1777808857
1278845993
-12723101
-61602573
-1934949493
414868382
461741254
1530902742
-1675118954
257717196
1925333727
-61390635
577032880
-2096310484
-2015664287
756601747
93355835
1630392039
-1193372678
1292126950
1944742894
1181060269
-1774882161
685005770
1347804084
-1329222202
-2072433460
1325324695
1967585747
1854329702
-1298284581
-31885194
-1756504751
-797643708
144197746
-1247558895
-138158446
-1545731219
-1555068141
-1399965815
-1991892155
-2103531436
1507212431
971095980
-588086143
-301710290
165859019
-1033242521
-955632854
-873533316
1852884422
-445121415
1710210713
-232676631
-1212950310
1106945641
1034707323
994624085
793076801
1334083002
-1232946951
1227651377
-621220134
-341392548
752044569
1225087245
1145882669
-1769189020
905541987
1329537902
-2043149652
288768511
-15869753
-933311516
1197952571
2137493924
300216254
-92403876
-670140686
644624520
409985454
656407730
-796095455
-474269865
-921266542
-582489462
360510356
-96783584
1173965274
-520890784
1588587799
-2048213872
1333896079
1957337308
1562987068
-484520350
-2037792838
485350250
2028756571
1940623126
232900614
1230363402
910715609
811827680
2086863780
-450493340
-2083976275
1537495779
-1169587858
914799902
572680224
-513297762
-193216434
-914231694
-1364644909
-1648233306
-923141663
1604658426
-2090693626
-81828459
-1759186090
134568398
230219030
1764527170
-14255972
-91375408
-1566213049
-748369359
63169980
-2042365883
1827213764
-301592755
-2088410494
432149928
1408724707
1356829908
1336063075
13536186
-1462989652
-2074291310
-1563374950
251221469
-986419557
1837967697
504981651
-692759390
1650978213
-1392778865
1620611725
-741677152
1232908152
1093899633
1318166650
-1065758585
-1287205369
-66906376
-687334615
594391924
-1976634555
2018073458
-1960392794
-1828075386
526904624
1349589298
1518437600
-1782213968
1645936144
1662782594
-656089204
-392319024
1657957632
923342808
1345355849
423171584
-874636627
-1203784888
-1461200891
714363436
-521789859
-96575686
-1460228450
-1643537435
-1197756621
-1131344292
-807569460
10867315
1807277488
-1408255271
-61631939
-1557678288
1485037949
-1034642742
934008065
-1693976301
-770506905
1778165741
1361710888
-1715608181
1524255657
-667128172
356408745
-1503800691
584895601
914249695
-1132102779
-1041525264
-277954403
274653997
-356814805
-108225032
-586215739
112100047
549470238
946503471
-541450115
-26734594
-1532722220
919604091
1400417755
235276815
-2119300895
1779975789
-367968970
-342879004
-1365057196
-1431844138
1676368689
-446862683
-1800698527
127825312
-1516253449
-970967888
-217912513
-1401394726
1101090503
-442957875
1840626003
-525155820
-1709344590
26263462
1444935310
-1510374676
2062422947
-240446091
1827331346
-1012292888
-496051040
1938411007
1698870043
-1345635449
-1836293042
-153761088
-636039652
-1688914030
-1515929414
-1185887641
-1632361432
1657606839
2098927446
-1655257980
-299036781
-1972732329
-301251775
-663958401
-284743463
386924446
328932298
-18436149
1691507389
-1327047980
-365224138
-1668562084
-1109748555
1249763314
335578561
-1145662378
307740549
-1657803656
1885274338
-1410174970
714463273
1385182845
-1725388077
1909782293
1690916087
669496583
-1340151216
1795239930
-404604667
-844088932
197611166
1847905456
686979527
-1632694504
1541646286
-1902667863
2061671165
-2112212543
1847385922
1766865921
1719248075
-1353681768
912544880
-1402938121
-2123638743
2036213745
-1937260058
1180774552
-1468676739
2047677766
-575672691
793973180
146778501
819455047
222474033
334085430
-1843448710
-1895416524
-517669824
-706007482
-326361230
-1464320913
-1847451695
65424978
830354437
1610419020
-1408679960
1190128597
-1406031309
-193351124
493013240
-1446794089
473497732
-589137975
-1833730904
1489334046
579973745
-1327865390
-1176819495
-1858941084
82014466
-2030982470
1551452904
1587266249
317178296
1823817932
-383638736
733249354
561129388
1129226882
-120390446
771891699
-1955644681
-1554732009
-1006850633
637978770
1840468564
-1687999909
-1436052778
-1767304531
-1260936444
1612203717
-878408526
1910390197
-1896940815
-428597042
-688734170
-1252175750
-1010206442
76032124
1505369956
-1282078238
-535762915
220794428
-684261574
-494565675
1744674633
-215000076
1257454743
1320801147
-134345322
889195353
-1771194802
-72557655
1118393117
316124541
-115794151
-5738856
-839414595
-1494747221
-1930990625
1860454871
-1539262984
922798454
-651730375
-879337598
2049787162
-1317339121
-1513223374
-1106981964
265414047
2074913495
446565966
331164985
1927410902
479425845
-331663155
656168328
-931486527
-1948558936
1968747824
-1014201361
281209151
20247071
1880405756
-1097883632
-71658644
-1689257592
-344154435
-452057205
391462728
2114179750
-1352607155
-1900363012
-240912490
-1787221977
-1521482410
1642444327
-124079098
-842728971
-184218092
1075486578
170726805
-1533629492
890004063
1519794835
-1924135628
-1163925236
-1977587480
1682512521
891558055
-1116311089
-2130851134
1224183503
90628528
1176315198
1265914148
-1118427185
8883052
1298324768
1249991533
369462932
-425891333
-1558516045
814559591
-1035492412
1329946726
-2128845633
-927681073
1718819276
156582077
1278363367
-1768080108
818544220
1218611840
-587693503
367561823
-1532303594
-1509151936
373704489
-1388624685
-1285835391
382543236
125825106
1059602197
-1171773885
-1340587536
-1674066147
930585358
-2105696369
-1722077533
-1188677331
-1654093841
-45026596
-326520607
1173836603
-268892043
1857160663
1186450674
-1124821722
-1070647442
-1807968615
1851000905
2054124365
1125372027
-262893796
364980711
-817751775
-1715076842
1880071147
1663114497
1090601205
-1106459178
-1315636712
1863899616
-254593769
-850765839
265793651
1718581512
-1265807836
-2030407933
-2044811272
-739715940
1979351704
-148088051
1829853065
-488743936
792910756
1828076223
-348719396
505347519
-1298865340
-1997614599
-817795914
1674136495
61824912
-1534081905
-94606247
-60736173
-1527058607
1496987980
-951290310
462763136
-322413609
280242489
800108534
-1841551294
1799468040
1502928670
1047906183
1297160703
468288700
209414985
-2068359758
-212977443
-1620786616
-78508147
1479570371
-1165207711
-251578536
109963149
657684604
-2039376040
-265057022
-1383444166
-517205942
-1333497863
-161136617
-485238375
-2094127942
1009152587
1847334843
-2043760183
692537130
-770936892
-1358302921
90239044
1852805827
-373299406
204272909
-1735843227
1901214118
1171250142
588613964
382595625
49623397
152402670
-957835994
-1279531975
-1999981900
-2100088053
-603330113
477262375
489586783
-1833229757
-1144789945
1142031608
-755226241
-1890320849
788438346
833655778
-2113226008
-1493050792
1030371654
-634197162
-1372744731
678064342
1218784893
1237639231
1747014183
1078120762
-1709140980
1804268428
583469305
-217146963
1813106237
-1362351636
2122266552
926359128
-622711784
-1216668712
-744934526
-1989991673
981617215
-1863220778
-1830619091
2019429128
990924539
1562493178
1672516731
-244866215
-1482861679
-592036944
-1468947061
1739844353
2043645658
365849273
-379677295
-864780866
1927550226
-1148845453
-1490120247
372999391
1869365487
947038300
-1855820888
1495421555
-1672472075
-1777795880
-876619436
454822563
-2107618296
581041458
1213974870
863960924
1331135554
736494048
-1505116786
-1739218384
-1328265465
1676860682
468803943
-1716375426
751932245
1491524941
-966078646
827227599
-457840800
-1865238341
139802967
-579633021
-1317701027
1806738470
698542418
2142930092
834518942
1914641054
303090651
-1795937991
-1276279074
-2038294217
548338402
-509637802
1845382622
-552217841
-549258408
270418963
-1699178704
1588208014
-1482448342
1366826051
1322670674
-277990161
2126107754
-1857316186
-145497859
-743945985
466654927
1471598666
-715086401
1538089509
-1366155169
-891943123
-1452865593
1126782625
-776543126
187447079
1589307391
-771250152
-1085880390
757294342
-1980988576
861008207
1285289223
-2079240198
498998912
-1100944329
593102000
-1559293645
-477079953
-385264599
-1065129048
465080776
486681284
-2076301199
-687708754
1959983834
-1430317838
-1003089136
379178688
1361544185
692502751
1908012989
243638225
735200197
2099198647
-937496787
-480640327
823846616
765175292
-1026674028
86716780
2078765283
-311504415
-1973306518
-1661496210
-1372099561
-1679671592
-461071502
1508955270
1763191493
-2046858903
-550350601
-405285967
1818820424
1971482181
-941581480
577421657
449875490
961174427
-36465721
-31212090
548576868
1768735657
2090077773
-1082539820
268962899
-1386781547
-2072213744
247248870
-856636856
1170471292
2077302744
-1967059174
-1309549609
-336623413
-1222938161
-283240002
-850372813
-1396194354
63649672
-1492775423
-1793394479
-2032776314
-1867967678
-1560967187
-478395062
-1780814146
-1531382420
-1729902700
320320901
746796384
-1023547540
192683657
700680469
-1530999548
-1469497701
-797163374
1227021023
-15357239
-1923384428
-2015728741
515496959
-899811736
1304254894
-133063956
-229615381
-1132653947
1713099462
1864448414
-938152743
-205498808
-375776447
-1364129717
104171358
-334541780
-801580464
329329156
1103636567
-989689322
-551411082
1364823175
2133390860
-754485591
1503522375
1856708529
-324988527
2137690072
155919729
-1740074959
763088239
-425261380
-1418367488
-1425835650
-706336124
989054119
-1608495651
425083658
122601255
-806146696
-907779945
-2087576393
-541430641
-1930677456
-599546523
864800394
-152795531
-632779067
484845931
-753315938
-1471721226
-1904397770
-1686072772
-2091034534
-1013712706
-750827553
-1606792033
-1057135642
737110371
-147238130
293692310
-1036921638
1404806670
-140950059
-1533656165
-1368968904
-1525970848
-1458986975
536473132
-551376484
811141522
-2043352053
-527605366
1716215729
972323294
-1676399763
1238972604
840769511
-450541027
-146928968
736151514
438338146
-1604629583
-1837765371
1431582855
-439376075
-1839625564
-1558764183
606694078
1682833871
-80599535
1558835596
-1730437678
403498933
-948122942
-642446980
638461359
-526526863
-559434726
-1028138818
-1622232987
-1148279607
-1998760139
140948646
2054676455
-365227212
-1812521907
1350804456
1207778319
-113086583
865585759
-1857844370
1400226020
-1241038855
1829669133
1792595051
-951415521
-1433786049
-833774395
1689903023
952333548
1330676757
911098147
42654269
-184320787
-1994762775
921519508
1123534618
-802979453
-198008624
-1696444357
843371111
632917583
-597672261
-2010256617
-936885838
-2113951242
-299058200
-1636253852
-572353144
1689590308
-1080433510
60859202
197046350
1459708883
1253440011
626417044
627906128
1146129357
-1760968031
-948354006
-1471505638
-1886102673
-958731936
-502523870
517214214
-1563513425
-303013728
-1720662901
1989003286
-494598049
-668091393
-431037622
-759233277
-1308752462
-1036667496
442707009
600744341
70078975
-57453964
-2102119763
-368079563
1211843013
904682048
-930409265
278981824
333530094
1639388736
391446990
-756091747
27571287
-1172796541
1350351323
-1835085807
-779234672
-2077252520
-174494570
1702963665
9494752
157613312
-817718865
-926144040
163295115
-1650571356
2041501648
966196347
748296278
-1263567991
-767711814
-1348585799
2053647946
-1739373695
275425710
-268850217
-1479465544
-1768464476
329974541
115443756
-1889126275
-968823232
-191131070
-1423325895
-773256569
1048039437
754014943
-386381060
-1187425641
-934831195
218850310
-726969723
-1720857784
1182258226
-1172849910
-1473585719
-845369265
-366717080
2058583125
356079797
190336003
-1818609994
-1274542453
-1543194746
-718776033
-1232310345
350600175
393913943
160513223
-1309198354
427750917
1308073467
-439984952
-1371549774
1198264185
1175581196
-785050076
-628486041
1489741887
-2118177724
770316236
-602134034
-2065659910
925059339
-2119490129
-1287896226
1321255586
-1421956784
549160947
2004546291
-977271968
-525808229
635546241
-2061975226
427368892
-254595485
-945246009
-446420034
1526293753
36750748
-650051144
2010176070
1876040127
-1101783660
-1710288873
811596864
-1325703686
1776220415
-2111315211
1560084664
-1463990526
-1707349936
-537976200
2112953820
2122499580
-607428535
1141026013
-1195156564
533458559
598943189
-1864632385
537007597
1084982137
1813521173
995082648
13511010
781577812
1970796984
-728180856
-1613807554
-737803180
223929999
1310913365
2109469140
-2065809854
-287585697
-954796621
-2028492400
1890797134
-299537415
-604372796
-697071318
1133969457
-1856944248
-440060191
-1147225577
1305046930
32603945
-537648742
268821059
-517529430
-1237008191
-1738275589
-129454083
-1232931030
-1165740791
-1463901423
-1207455437
-2020374693
-566703123
-1680919636
1314646494
1778015623
-2002224618
-1580690331
42786239
1332598679
-1084146747
-1318062878
-1599012533
-1267436291
871428322
-913341608
-533740061
1957347539
-2026477996
-632758959
-1176783545
-814007740
2057904275
1494698158
1942900812
1690427178
2008726394
-1865549585
-174676787
-1135919880
-1269959839
-790698830
-622407969
1337535450
-1502827669
-386207879
1962662216
-95053798
1646757147
400845744
-289492688
-1208091195
-1474372307
978925805
2085888280
836270734
-1294057053
-1719008647
2143094540
1462606321
1647359261
-68656626
-393790956
684736411
-14331027
1466821346
-1885154577
-1875946488
249637739
-971349788
-1586050045
516101998
785670661
-1266180028
982199438
-1857929511
-1078594919
55966009
-1915866334
-97960041
-955604858
1461453822
1373451087
987786453
1311829504
-1280233188
-737076575
-2005677175
456469539
-547710481
664391884
-627457901
-1202849718
-858401438
603121445
1878261022
-1139623263
1488311548
-1414575276
-884454068
1535310329
725749280
1514205512
1495608594
-921790245
1011381136
-935548822
373311327
1581010911
-1101593806
283742229
1125860227
965540157
-1831212009
-588325052
1130202319
-586186332
-1796763464
-1813384308
-317210504
-1929211318
1163127170
1424087885
-1609527872
505301060
-1271329900
1127010084
-1115204521
-1846440681
-222636090
-1783673181
1741503741
576971918
799544813
-1599876028
-1796601748
489014221
-1292140452
-241871719
1652355189
1776731558
-882670674
690355400
-1989675159
-1681240022
102741699
-639704009
-1076475462
-1526169725
-1863364857
-1646484094
-1642818080
1681025537
-809757446
1240994485
817659520
1517162866
543268075
-1823901513
656575179
-1972398667
-1498888186
1188570628
-2113390300
1044020369
898355601
-231790434
-1299572731
-955309374
-245928846
1504409413
1180436771
345352789
-863914764
-1780024859
-85716273
-1348928971
1062730442
535242063
1860592542
2126095108
-1926191277
1525489195
-1602524084
430554415
283034655
1714460461
221459421
-16772036
-1443306063
-1079124345
584534532
46281573
-983728506
-960311650
-630260792
-710269078
695918166
-1327655424
-616583579
-1071248989
-1165925991
1866173076
-1967291280
358393940
-1475701428
971340818
-2030128835
-1956388796
-1121430796
-2063976011
1703288452
1938455440
-109373214
-1724956881
1180715074
-1184847428
-836820295
-1703232291
366441180
-431528694
-1204550099
-1487311044
-743268470
184572175
-457517043
-883557990
675603186
373104258
-1161618046
-1751205872
466158099
-1882857385
-912323176
1607613615
903838052
146587147
-1654921474
-688264200
1338200636
-2080080063
1547918857
1278045329
1311533684
723938446
150431486
919658038
-31714742
1836867984
-1777737584
2064321517
-868539256
371289157
637919911
-1624240771
-1086391068
2054983065
1710798178
-1783624672
1698492586
-195137728
-1260080033
1004609143
-2010501736
-790355258
275292729
-403279939
-381672696
1977499107
-1702219694
1994794559
-1009002156
194832403
372948689
287489291
-521086091
-1644778138
1276745966
438551783
-359754003
-1637274988
-949538452
1845837957
-310290969
-2020612524
1750147943
-1589374988
1812346779
958327789
-1929970865
-1945034920
-1843672329
1884551948
-100398028
471616733
1752117115
-1934991144
-1497705149
-2142029336
-662708124
-120926652
1393736592
18840463
-510489076
91340707
-1856955371
-1334649269
346925456
-1935914623
731052538
-156782356
-1000307021
670326447
-1991455466
1998998220
-440387583
1400038303
-1256573771
-383762105
1762887991
1035936498
-1466985829
281346154
1952037857
-533170353
-1638149559
-1151681815
-294786491
-368034186
-349642626
1742857558
-649907073
296184212
-1752328448
2107158672
584326125
247742168
21766299
-1390987400
-1994280756
1013588037
-1002170006
1595167723
-2075822557
593914826
875556692
544100075
-1671225377
-1002256241
-1413921063
2098323487
1047891775
-1048676975
-873961458
369963133
-859524750
-1091211920
-1532037147
1237570629
-192404355
-1300925561
1418625458
185856048
202688098
418274877
1851757802
-2071200279
-1842244994
1017918106
-649692371
-1831607364
-1441631950
-119610083
-1540437371
-1536994420
1446895045
-962800693
-1409853456
-3496694
428639881
-859157109
-32748005
611491620
-960476357
673299121
-1731892112
-284498758
-2027799121
-2143470889
-608521646
1512437911
1164806316
725339123
1956772519
1207766174
-1639489260
-659992922
1835813782
1531252803
-1998428856
-823002158
-830349679
-710823363
191762122
-635494546
-395828075
31082873
1440291363
-668717924
722291376
1505745233
-2072508154
1675656955
-1700199740
1257415933
1905205941
493575482
-1696951159
-576125367
1657902755
-377155347
1554545367
612400008
-321018534
-1000265821
-1417277147
259858632
618132382
1252733239
-725084852
1038813254
-1782158382
1474858854
-1405550191
-1374149084
2121093531
1349462690
1007321825
-1777024167
-1820890174
944906277
-26112162
1628679144
-86218658
1159904584
-670113510
1357024340
-284762318
1735744532
-1273112287
-578407854
-1804757421
1878979865
713035453
-712137536
292154638
471431806
207359732
-479574315
273649928
-70627239
-362147755
1447721626
224911781
-649628096
2020712179
1926723225
1605739949
-189975008
942113970
-1458683181
-494143699
-10523572
-1295289919
-1820913418
-1051883109
-1766933287
551102822
-931306545
-1000886723
-301250008
437860096
736016893
-529614134
462667971
1922658122
1800187879
-684214704
-680997779
-220872228
-1313157905
-1180340135
-1810216333
383655671
-543199257
-1023580599
1443155272
1775138177
-286093629
-1636099318
499860816
-1531310770
-1087619696
-253836054
-1333665029
846971296
-1288687452
1285453251
-203651562
-1594826767
540192279
1228874075
1996770909
1681698543
209101425
-1362287090
1859985748
-301014585
-1635005276
-876463190
-809682602
-909673562
-1934674628
-2011108199
69603822
1123477372
-144743212
1785462085
1496270181
778127362
895028684
-56465993
-1152831589
446186494
-112714440
651084161
33974810
1420743365
-574331109
-1539089954
1559786855
1941884161
972054996
-1903546857
-1751309413
724583860
1266918615
-1750950361
-736126925
-466686084
1500651168
1520212897
361296163
-2101734888
-1073990171
-1338276655
-685118160
-159394774
-1694283253
591990306
-238541953
58514750
1900103386
132308415
-189882264
-2040163318
1102659443
-795624069
-1167393905
1567522039
1067598976
-1649178891
-1946338507
-748847904
1869408686
-1382601225
1523718347
-1188690920
-57201064
-389247714
256146120
1307469233
990494084
-885794624
1205614523
1048370939
-1024149230
193125385
709719715
-1209068725
1389462578
-1394842521
-1549975426
512163837
865222934
1273528103
235214623
210021563
-966855192
276852064
578331972
-290186242
-456422146
1892381199
776854503
-926203948
-2089737140
14147203
481890516
1261172452
-158834662
-1534197509
886305403
-1705355857
-1479953162
1200675213
-1057004281
-1497907176
-2018255638
-1988445880
-925000529
756520741
161999858
-1021169763
-853341877
-422936825
-1118980184
1031137786
290580265
-838237865
1068140097
440691127
-1940027103
-361066590
645871804
623817781
-2089832474
-585356761
2253911
-984391356
450593438
1669213918
-1939992763
2033298373
-1511064395
-1811278660
-417332066
1813670032
403498222
2021463861
-1488522345
-1182857321
-309943878
2094732802
-1849307662
617415499
38698701
-2142687964
-956687945
1585865278
-1123010579
246106408
-2069288412
925773577
1875303692
-976208981
904098785
1487538799
-524000359
1269568544
-2108919689
-1524089918
965769490
-1395081008
54052099
833348485
-1857459491
-409912286
-839147482
-531155886
2005612376
-1076114916
-354974913
-307898882
680401966
1910245929
1452665564
-1035479302
-596691476
663609628
1158449773
460312571
933954771
1001815924
-334622918
325918173
-1694831889
-857143327
1135582870
-560638524
-1706821784
894474759
1907065684
-1425123452
2119602967
-288766591
1161608826
524067394
2032394844
-890132185
1985376052
2024787803
1225191470
1148273300
-1311422965
1990285188
-351472014
-567299614
-1149733034
-1783101903
-1089906800
-562137673
-1454186256
-519782597
133635396
1409213317
-96708821
-732726596
-118288207
-667918324
-992588541
-1204446403
-801718341
1418402851
-1506391146
517538323
-1087503467
-1828496968
1367076051
-65960443
1044765848
1175289109
-2084614798
1630580786
-1246972074
-1493471644
-1256183261
2023875377
925462255
-1072689291
-1483924471
-1543548807
296722594
-366097987
559786089
-340369405
-760404825
819034273
-598665314
2006478382
1819656251
-228903948
1412384592
-434175007
-1578146565
-1296384322
2053630949
-889656074
116560245
1001233983
-387975882
-957886250
804759291
-1676075725
1961101958
-783535776
2078492859
-1343570090
-1489874513
-650644466
-179234804
-1483871958
-1099106915
-1497507494
1860002314
-1582448649
1374298112
1337362014
1558418020
803636754
808278589
-73792326
1076920179
1870264162
-1323202139
-1835606855
1166336911
-565286369
-896927000
721300918
783652766
-356993059
-132894517
397306044
-1594072339
1443705544
-2112132584
-929263252
-1713015742
1324624689
826938070
-969529053
1853020209
-582825655
-968584006
-548132773
1204846766
232865579
256654045
-1172723119
1401467363
-1101818081
-1719657298
-794874136
-1412306876
-183852516
1531790377
351639245
-2071163937
569821838
1627292488
52051419
739771640
976146266
1047506106
1831327679
-2121529900
1847110430
-1997593646
1420161759
1297882581
-878498883
-845940798
1435714935
1798891974
-905773542
-1174536696
-1830475515
2103670136
-632409566
-1831296985
1794697191
1474077325
1149074192
-1546628966
320454977
-299652973
-217403412
1261820677
1309198116
500433492
1020809300
1334444973
-526255380
-1801167765
629543294
-1310774742
-208909336
2118998298
470988668
-2069503142
-543663040
-403161765
-1494499646
-28000615
-1102303213
2017647412
529504741
162179630
-1353176353
1843875151
384796581
-1387353337
-392954074
-789882935
-217430739
1904663465
250115149
2082767434
235479192
1206642273
-579524922
-1944371371
465383351
-1247973697
59745905
-701975328
-470634735
533667396
1143707455
609221159
-1024668374
332220506
135378968
-116597060
-1380162040
1645435268
-1438256130
-815821086
1112044274
-2030205483
425386354
-134371044
1258762874
1984064166
-344763370
33986816
-254587714
-1208445054
-1952914285
-987608240
-96962582
1505178213
-1340566852
-1311862966
323444992
1939876646
822404595
-1542407874
1404624091
-1961512400
-1643171893
-1979295135
2133108080
-1966872968
-2116037393
1277764065
-1131403433
616754858
556777537
1707555641
1943937929
2133127589
593716294
-227361339
1492134251
-125394390
59371200
-432012904
1775709451
-2005904945
1638503068
198438285
1199619496
-641679559
1735134222
-373255524
455254135
1262097289
-288570630
431990894
1988023204
-958610666
396111765
-46153934
-701088362
323175773
2143446348
1018313393
-1275032457
1307367477
-1939544092
-1621792096
1057229299
-2120957370
-1380831518
-1726524364
-1292867777
1536608443
1985444652
1357054204
-13908644
1714998326
-657726737
-730634518
-1634632292
-1631796988
434485187
-52150862
-1976144283
-325224815
-1478644979
300569943
2124337204
-829693410
1228231845
908214785
118347492
1491722416
640483255
-562204396
509059888
1809491019
1406067182
650312575
-1541257098
1406156896
1867784398
1855637841
1628105405
167840131
-703968927
-756098415
401619193
698793056
1327898133
1742195022
-286013555
-963338257
-329589020
2097600756
-740815088
1892751078
970682293
854664929
-310832301
1521636463
-253951742
-1893412809
2071590563
1120217115
-2029445446
2070552819
102890826
465573141
-1815656089
1793073214
-2029533860
-1842075494
-400261741
325389827
1473361583
1422934952
-777958040
-443505215
-1824592086
807586805
-1449824106
-342934879
236728130
-1659832286
73526905
76153034
-973305150
-1057346768
1805207161
809113588
1120264650
854659891
248986292
-1039586501
-627218919
970686276
-1502076710
-436487627
2109780110
-286973765
1811537241
1087266630
-576967957
2109778846
2077158585
-1854888142
-1606954532
334891603
-1106370744
-644002317
1528795959
1496553629
217049849
-1896287028
1199361157
528718277
1404336009
-618814051
-932532799
1789287959
-862205726
-1064650887
-1125677985
-1125856368
-78926908
-1445599115
1013002895
2092318164
144001186
552845506
1476089538
751825253
1732673737
725259006
529655661
1994616338
902920647
-1658540602
-798800116
-1011571540
1482095370
202085007
1484330089
1351070720
1615233478
1298089398
1570192157
-1653503744
-1131335908
2138704852
-1662187433
1628819011
2107307128
-916314025
-1438890021
1208999599
-186146246
-1982828211
-35214002
-1331341
1211612312
-605303677
-1852699216
-227613381
2091072194
-963188274
1998073128
-1522431841
-1233218490
1261358760
1434395911
-1626796581
1085849781
-546437378
1208198662
-1526750267
405212551
-988704953
2081331922
-163774981
253619771
-1776694312
545517258
730140251
1644440258
1062412662
-881820409
-1765514825
-1468002275
1500971820
-1225167972
1537807305
917800772
1156548959
-338725090
776113764
687748681
-631970273
848097894
1283557356
-922808387
-1151513921
244154005
924120328
-1362561966
-93515097
-264585384
750248341
-891401535
-1552005273
-1699115156
-204512035
1607053806
-1124871664
-1919452828
7808264
981217609
996011455
1188067498
604904914
833850230
-1787121799
-796834109
1178377854
77633327
-1357465794
941275350
-108547318
572506729
-1893769640
-147918482
1310026915
575939509
947451635
-1204196738
126401882
-560480791
1262547186
944708517
907205400
230283775
642578431
-776716109
1111711183
917412668
-1003135260
-1087798164
1308593394
677458324
-984978407
-1399155829
-1499688922
344739404
364469149
1005870089
463435577
-208486687
-1910560248
-729187170
-832484013
579621416
1242856673
886024328
1476701034
-916886602
1293892653
-1448541302
-2012381701
-1227757183
1345040711
-1608992201
96662006
457850823
829964022
510810736
-2071020295
401862446
-872675652
-184045526
789329089
441235756
-754839700
-1940837772
1353509340
-1339935064
1748484351
-876016456
-234899037
283489505
1191627174
-646844352
453151591
1315339406
-1392525278
1518688764
1085680874
-1480136889
1302075219
1649371265
984547857
669181731
619919119
-1727472043
567573462
-1029380959
2053623349
433130601
103582339
-449833269
-955272703
-1728225050
1303346972
-1584023144
-51781984
453811756
1291063324
-1438857582
823880967
-1394082282
-1152748188
2038043576
1436914175
2013054339
-1311191184
-1320092508
999553668
1281166354
263867851
-1003292176
-691791536
1757330476
927320261
-1005139242
-715441743
1075580742
-373833118
530978070
1208642467
522783335
-1983446380
-1748328676
-493052646
-2063221016
-1301658963
-1328379807
1732015262
1791841146
-125264882
-738909167
262455581
-2128733843
-206197212
-1502062099
1195873020
163000879
-1766477931
1431351666
631591534
-1710454510
865394357
-1525388485
-1043437815
-92658351
-1277098690
280775843
1956594838
-120842156
-78970048
-1674378834
1206907176
1684048946
-1260284586
-732022488
1391286383
1249752696
7719450
-1017454834
1617166413
-1295142104
1506597594
123214125
-2010582358
-1701934076
1565154187
1125313033
172421252
1361375244
-1460079107
1924046335
-1235008951
-156999868
1686578256
1556375213
221165928
214421177
170958502
273074321
2045556517
1761740998
-454791143
-1166295312
-127710036
-2097328749
-1736251665
-686114312
86296681
-95029282
-1626483700
-305538264
877937814
684993021
1415105959
2114458607
1930169109
-668678365
1215195456
189270675
312861311
1800551649
-1430609711
953805140
-393045892
1900142832
-1269180605
-1098875951
980376916
511895341
-1175506909
-2056241495
-505625402
1443378148
-1537462635
675104100
662994968
-231305648
-690040952
958864020
-1242028689
-297470110
1337627435
1468005943
-1260087200
-343594815
434383262
551495263
1891297222
-1559855086
-378620179
866379284
-743918379
-228205959
620028473
-1337336199
-1614317713
-289332130
1260856375
1013751340
-1593101386
1525522803
-397670178
1868255986
-1796311839
-495177482
1930844252
-1694273132
123904339
-234417613
-436184247
251885571
-311886871
318303564
-1315262946
-1658507838
-148248941
2109023292
1479563240
1351681668
-492488154
-1929007079
990451768
-637367532
242206575
-785183079
-1464983459
895478900
111105418
1684997078
1361357780
-292215479
910668148
-1920781227
-598397953
1052069238
-1828674849
-1388258492
1594686229
-177535995
1461049925
1732190467
-277624230
-538242226
1602169920
860476901
833437583
-1674923182
-976179689
1387959606
-1544391254
-1488122265
-382236773
269653120
-302623542
-11408358
1972473396
1204527882
-316476060
206153296
-1845822154
1404771745
-2056420670
1123077294
1242488697
1724504730
-127840082
1138235962
1674313255
1366315542
819599466
895721794
551119063
680953479
-856649502
-164212356
839051995
-999591565
-400828892
659373166
1215758805
-339740552
-1598204913
861944848
-422237808
-290607473
-445372342
-1974214738
632590604
-1592662636
1257254776
-1914518765
691571930
115987461
30159273
-698174493
-1194763606
-1843080439
-1334189549
-705935032
1281165858
-951191372
516007425
-1418604079
-1926914320
1019122313
-1576839414
-2000897130
-1489584094
-1289796544
-494635898
605477535
1611040948
102092488
1709930558
-1428737658
131222890
-1252408434
-1060158878
-748674982
1932094432
424323071
339529919
1838620102
-210929953
247876940
-1417366224
-155427215
305681393
480665708
-37421227
-1291120984
-913433034
641234534
-860123773
-84868550
1254744696
-1988880176
-1833436934
1027014307
-1382971267
-1310288238
1531154781
-1855913108
940473757
1518640367
-1601627298
404763857
1332606099
-586294074
-236108104
958811299
-1937453417
1974419476
1239682914
-1740327568
1235255723
-2125171780
-786530815
1304409056
894406709
-1394488950
-823166051
425738849
-813603379
1201387125
427666583
1666548486
201764184
1938911524
390301402
-2086605908
-730303403
-2009828173
1572738897
-153710498
-1927434378
1839131574
-230806888
2142056442
-1446251406
245843837
-522793739
1047521044
1916370201
-855668839
765416841
740142361
1308870568
2038625695
1965977794
891355063
-519083938
196958507
-174662125
424435836
1310384207
-891099097
948294887
-764507971
-1733849737
-266307763
1823360210
1251702713
637077521
-492851479
1470850313
-1116356867
672956713
-250394653
221792020
-23744247
-2098268560
123442428
-1673436991
-1327344077
-1020113073
18078807
825246043
160058315
-1473333442
1474118971
-970922468
864612735
-1168193195
2118409751
280191455
-1601795839
2054840610
-93684027
-1725707239
1067985894
-182639427
-2039706861
-1568822518
-1932608559
1703091226
605346174
392121646
-250466096
245819806
905855552
219465210
-499586555
1655863284
-1641375092
-1759936060
1489036424
-563334880
1768890391
-1031101182
2097872012
-430435629
1144887514
1124313782
580295872
1189426177
1886989078
-201198039
-1103200265
1567985584
292696472
444812246
-800233206
513222931
-1022062530
-983669335
927724796
866311383
-1207415623
-1223420311
-355013793
-395938885
809267091
-1932873615
954183927
231000678
1783656819
-217275482
-1313947492
-644865420
785430688
1962837668
-2112205212
59764945
1887365827
223346490
2111928576
1558494538
-249096464
208551448
-1606505114
655484769
1661926374
213254598
1154097328
-601988000
-1675825514
-1496427304
-386956220
-1766143312
1705518305
-181109921
1690851380
426524266
-1967363930
-107691102
1532919782
-1415507154
-1967687941
-669831666
745602295
-863160525
-674852935
123871338
521073756
-1829127265
-1674643138
-407594930
1526424010
-2011951591
2125757549
1098682581
-921821865
-956385381
-501408519
2126352273
787289953
615429260
1174508003
-1043952449
180547246
1757264397
604914240
2040900283
1984316628
294321298
1288751679
-1562677066
-273189669
1904823221
241847402
1492810917
2041614368
-231565498
-2042686676
-952377220
1509803388
268841382
1497384595
1642045083
-1972201820
-478649515
-1527465387
-743179896
-15564846
1242506184
-1976428520
1502972639
1898575269
-1705964673
-104338963
-1134209658
-1050747579
703124311
-277722851
-2012133596
-108141878
1353774364
-1870514904
119463123
-457420323
1384137058
2114311946
1693376275
1572623520
499744404
1713059008
-789812990
1184611531
-743611059
-1849943799
-1320636727
1641265943
-398488090
-335924367
-1207421095
1957832926
2092180303
697218186
-935494313
-2032449533
-1707774174
739306108
110635860
927800591
-1199729931
526098880
-1624283327
-633616484
-1606286609
-907981272
-572464863
-424641291
876844445
103497762
1174771968
-1924462338
95370502
-859805124
-1395093469
-1390413487
782810364
-831227157
-1225074304
-1364470102
-1315310924
-1746383225
-263996048
-1451880316
1383498137
202440089
1824711842
361004803
1640823132
-1255470247
365280851
-1066754284
1836829007
-1110214543
-2062510661
-858919726
24220915
525909511
1586432714
-857014229
692436431
-1024330502
751231508
322785219
-487639421
-1985303190
-913088504
-903496168
682423067
-1095353730
-1302420632
1384797414
898927272
-1178241440
1618064116
-2077502773
-1838096883
119947916
-498388376
1192488750
-924592106
1780762698
-1116212567
1447655517
509319886
1603714424
1080545594
-282742795
-795038191
1392456077
1147968244
-2139584122
799540063
-1403410726
1220011510
-1084248202
-438508813
-402752495
1393039065
-1483836891
1688475155
-2131039733
553911592
134415698
-218963287
290265541
-1589120241
638037948
1221176339
1723668139
203279441
1831129356
280710454
-1495523047
621142143
-309141006
-2084077607
-45603554
2127858790
-771108211
-1650203345
-1125557886
259819209
-608343281
-181107787
-1547941110
-303774641
506237600
-5386690
-518334471
-425449794
-1906073469
-1444444085
748347354
1265396585
-793765001
-1811342432
1069656956
1334906087
-154760353
2100114195
993481022
-1313993723
1832993060
1210298022
1226152332
-633482243
610875610
-2057943848
1302472617
-399725081
1806203425
960849208
-696522066
40597359
51878605
542650426
574626514
1198166215
2039367625
-2129422259
2836202
-1535035937
297334840
-1837498324
478098995
-19613997
-1942737188
110488180
-876699057
1486242725
1775234491
-1371042186
-2007233139
-408600789
1982087167
-996776370
-1668728467
-2129703606
-909509091
-364574156
547946850
-557412252
1931030586
2004282641
-692216359
1568262671
-1233079607
-1642279339
139039610
385962758
1654718840
232125703
1991889581
495918692
848186444
-566130659
2060700511
-201376754
943471370
-2003003379
1980397829
-1014395279
-61340967
-1841386077
-716592416
-974346387
2113647140
810545684
-1208546173
-1607139184
-1108355387
-281983916
1004319378
750977670
-1528896929
650104740
-542560309
1449496528
472903946
1965225838
233666122
25560756
1148507701
1701620820
-499054328
-1631719820
481399752
-348029306
-1917238876
1660797890
1501667209
708772179
1600695909
2012190834
-327050560
-1674816510
-1654141825
-357074319
162160668
-1385569310
-885480811
182375925
-1414231081
1087552416
929759103
509036278
1885987353
-1131220008
1014980940
1297386972
-2076428391
-1650714387
1415760010
-393962631
2144321674
-2137417187
1119747012
1495787576
-56563276
-757819953
1157037899
1140558486
231481312
1150785327
2137769273
-2130067246
696265080
-963110660
576281011
1250746848
-1123420561
-1913331296
-564981907
1734076834
452135518
-608859008
-597593998
-1994976167
-1902517009
917034133
823719717
-1094828711
-1522660226
1581544507
-1737174142
-792595204
-1880121604
-2080199095
-1572716375
-415530536
1852607767
-1410935711
-2001916259
-1123598028
1190388631
1704156808
-330873784
1312823991
-54933749
586246136
518946242
-850265246
875365796
554870068
-2121733422
1388612543
1542021984
1358178141
-2082516556
1077843290
20972650
-1319534396
-633816548
1918225264
-772695616
-1369628993
-2047531909
-708449562
-1202965482
130804928
-309988992
-1360697988
93905146
1915720867
-922305055
1021119554
-1360824776
818671686
1939977818
1888185674
-337039489
-1375109026
-619272203
945019038
-1516174781
353369224
-294891380
-1583071116
-879047707
-269397858
-146295924
1979476128
-73351663
855022412
-1629653253
1727273289
-1478972056
480641506
-1406300997
-1436202785
-1151785378
875654507
2105125903
-1598394036
1845521508
309036285
1324048222
-1028619159
-1264990392
-1251903150
73837111
1423913907
1413464796
-376605289
550669205
-447643843
-844086058
-293680764
435216483
1034141672
-248406794
1427251372
1366518337
-1984192302
871756654
740645653
-1298923896
-75383796
-1227048579
-1151870197
-1823334005
642502287
440926300
857824304
-774335968
-735987857
-1514808738
462858200
-844002978
-755583408
1110190674
-1194018157
1771614887
2073271577
1049068843
-1166004470
-1842995224
-964302616
-1566307870
340787726
930987551
540210757
-194948197
-579337234
1625493021
-1016216423
502327814
758680328
684270989
-723452704
-1578052600
-1860289630
1928543284
1619406749
1573531801
1993734394
-54900359
-2139193842
-807011857
-1792650341
-1244629464
-1724898655
-1681369380
1994459377
-702323086
-1395684186
-331014540
213149727
-536174536
934413125
1376154098
-252858352
754946440
-365755471
-322400037
2142943948
183565159
2077544093
-1908651165
1351256588
421250256
14145775
951301904
252807439
158300668
-687074381
-405599843
1433376686
1059388388
-749060271
549043744
2051224238
-929946620
-1229799934
-407476114
1448496469
-1045602208
-1443718784
-1646667074
-1152995265
1650494411
472297468
115638668
-1470828175
2012907110
-1734329259
-1974265409
-1985848914
805524071
835530118
1191060749
-640201975
1420736795
-705035937
168935582
196148411
342211629
592057975
-832978449
2039390262
1453283112
596552032
1647853049
1510163321
1824871737
1047785756
-547692911
317916326
-1771421895
-604041520
296069649
1041722065
-1864260117
-909196105
-116383432
-483395558
60574849
-700700583
-1768171698
-1025423107
-1866598555
211272699
-312874869
-1969859352
746251061
278059865
-270077255
-1025727475
-366532594
-1146370158
1058763800
-1477603719
-71135988
24092259
-1842826111
-1666983835
1148162065
1574082711
691576013
-599900212
-1343445562
2130963390
1009328247
-1673212099
-585959969
1094257436
1164057983
787483121
1875777442
1782023140
-816916847
1959675168
875860649
1260644518
-403543194
726975119
-928962586
-1399881723
329315178
1523540077
-1272371481
1109764780
-329441633
1509618272
298603354
-1544211327
418676928
-305948711
-2088821037
845219099
-604837207
-379477073
720911053
-897129614
-1188596235
598010091
1832306414
849494229
251406057
1927774433
1229365135
1138507552
-1718925168
-685875585
-820211589
542729773
-1502877914
-904969495
-1866698763
-60244854
-337572679
1847125828
-898144769
-541116564
44934157
-1384943663
120644569
853915108
428418496
1268546622
-2021847096
1286536016
-1437633618
33777976
106146072
-1762763501
1976075926
1698666308
943630434
1342117768
1770705405
-94123313
-1298391022
-1556644301
239436370
1637808515
-1409343197
2086828857
-772933294
764156123
624142380
2098008594
-1289868115
446153209
-1339697504
756865404
665307881
687586998
-416482223
1845469362
1513769606
993907707
809448758
1611903965
943212387
2082495822
345677677
-1346614
331010656
-154628689
45968770
1812346078
-1937270973
-1815647835
-27895567
-557606586
-542573345
-2098213229
-1804912407
1123408498
-425352334
-38462641
1770766674
-422922813
-683219633
359878132
818064913
671740034
28589500
-709186825
-1671962998
824420116
1185135133
-1580842632
2040145254
-1619534997
415095121
786817242
1058001046
-2082212160
-2057994917
2031702933
-1126617706
-432393602
-814034107
1151595338
-1174368778
1175592065
-1753590464
1010625047
992448533
1856023167
-1236841712
552711468
532262959
-80113466
-496800602
1142275230
516449690
-1241329625
-926184690
770905211
-466268084
1434365746
-1970576501
-1029850339
-703382880
1193251490
-182910721
-628365117
-1720781991
542927131
1656377232
1672168541
-1052949530
-470573550
-281164152
315888038
-1438939417
-1586116597
-1367782275
569945208
-1486576912
-1592752630
1401993649
-830413477
-1804309108
-1876606909
1547148475
1512444766
856668803
868139027
1614292326
1620963114
1942461279
1874055987
-977053224
-491812013
-896363731
-747344342
1554840054
-2060517903
-960576896
-345898493
2012722439
353472367
1963741114
-697632448
473732503
1653965474
936349582
-827551730
-54343779
1100335645
552513984
-1604486215
-422896416
-707576126
-595134929
1467422049
618984341
-58578020
-1925075436
-1850082322
2035835725
1778664172
-853439092
-351903423
-653536243
279203969
1259671891
1691317931
-1106680898
1286225228
790822097
-1443582814
204127687
-1468843981
-925748133
-842876495
1371031800
1772296229
-843155534
-91644752
53661609
1816218478
492814542
1096027701
-347273694
-1696274357
589449953
-467659446
-930311363
-382160191
1430881686
2109715295
1063288650
-2124862550
1173911705
25418626
1274359090
-1843659505
1482578779
-800905012
149701086
762402749
-2035391210
-479131618
1637948889
268768786
443947279
420563213
1980288307
927905815
-1470786790
-140555750
-1916366424
1721535699
-1370384285
1052718118
1442605826
1201118430
-1993379734
1812134180
1274102203
-1534907852
-37303729
427035152
203200486
1532221771
-1086967217
288225311
1270998094
1978128230
1588255630
-580553417
2034498527
1047171627
624214550
-235247712
-285528764
-192686989
-131307233
-1284832004
-1008799023
-778347423
-1790985840
837363828
788422307
2104966837
-259013435
2108839988
617653510
-1307792543
362901395
-958517736
-233215722
717219677
-1484830328
-1109518425
-1515016280
-1043755081
-1920265097
-836460225
-1018651542
-884704787
-715014093
823771282
187784520
-506935938
-1357062503
-1880829360
-783423471
-642911554
1147720659
-34848987
-58298790
-413723926
613893851
-1082786842
339717026
-7772805
-62286274
1054038278
-682331722
2013198014
919033122
708171086
2062620503
661394340
634459274
1274144717
-2056999655
4695766
318766295
-774900468
198581389
-32255220
-1614349423
1700455302
403281314
1793416863
-1892513433
1646199638
-146477497
129877084
986729588
1187200306
-483927979
-1758134886
-889709885
236043415
-1288236628
472734094
-700178155
-1130067643
1344795291
-820185635
1419653601
574473198
1525415557
824028274
606371995
-1977976278
-1487775040
-1515353455
-1987556039
118113709
-1223733312
-669571796
-1364376590
-838522182
-1671939980
-1189454219
-1049062072
-6526502
-2059107345
-1176276812
-701822392
-1657128759
-2130006709
-874032551
1955698960
-1376807247
-801485366
-1491482795
-502514286
-1227968614
-1618825923
-1973242972
-199026026
1203995423
1806136489
-1971485906
-329373947
247710309
1664837414
449231567
2123623267
1934235977
-237812470
-1490483532
1663570845
1788892888
-1495188153
1201428968
1861933316
-172021501
-225734383
297726766
391547033
1925275539
-1294512701
-1388750064
154708362
-1185682854
1571438851
1092333368
1428719612
1785398955
917867299
-730607875
-341497845
857231371
-1785957430
-398377664
1313924366
937732135
-834575149
-1914385543
2141274399
-590599671
1912692
142041612
842901722
-2060870522
1889730466
844397025
-627036317
1237456891
1599447476
1339693875
-1388869971
-1996958920
2128150086
-1507232345
1635366906
1497254843
-1269501856
1708156319
726360221
2001550624
78436822
519404240
672626439
737876952
-227436047
-1138404335
674225152
-1349974247
631884366
-1283890058
2010070068
-843225579
1374053894
-658672227
161023472
2111677549
-1646772465
-1346733241
519862062
-148717080
-1543707167
-786265047
2108426190
-1397053089
-1270880420
-2147281916
749384742
-418151684
-1529379608
-564161805
461695932
843937187
-76395811
-957841917
-2090653615
377654191
-381867739
-2065230584
268464418
-44323103
-1029705184
-609205842
1047481961
1952771988
-1324850233
-914500658
-180621015
1141017397
670703379
2142154498
1025676075
-351574541
-1726205537
1365491067
-1887612093
-1104876622
1399002508
309902353
1207767511
726109252
-503297116
422917019
242553249
-460175654
2125394881
-301780096
733569203
486996152
-1031338129
-1556176498
-1643360837
-1523555544
385293008
-586599671
-694719096
-531751760
136234944
456942343
-2043611956
-72228474
1891772216
-816580101
-59348445
-54724797
414252279
-222233970
-716049324
-2052876329
1057126750
146671541
110086357
956798909
1144042907
-423913473
-1786937708
2010823534
992824842
151751214
468011252
-1760792550
909819607
869854985
-665624811
1385028501
854353639
1408375920
-541846696
477263759
1114199288
-55026256
2050842401
1352838152
-30653690
300537112
461301471
1660493058
943547376
-1976606004
1503640137
-704995465
-1232541861
1000449240
-360622871
1726220685
1707038678
454386824
-487349539
264786439
-413452481
-1557068554
614338012
-1389579521
1916370276
1850853091
1056822903
-1858616366
1407769836
-1218382390
-1223017055
-1503412646
-995233160
254169650
613630577
-168598686
1601749508
1319521604
1371011109
644624982
1005201043
-1326454372
1268627561
2068834362
424548363
547837283
1325512153
-461735459
408546141
-1797811811
-1017990460
271121741
1825304808
-697910593
114876467
973158029
435950879
153994884
-103929559
-1833387131
-62691480
-1032992000
-895914453
-1032461511
-15029433
-1888869644
394491138
-755764163
-1154590789
1670382436
-1570467649
286738024
-1029134104
453596775
1832273406
1999981512
1926801397
-836636867
-2090569873
1830794453
862407991
683895718
393062034
272704488
-88465266
-121809295
521860289
1745691629
-1087046641
584343378
-1500311437
-2131995049
335729891
-1293108232
-1676825922
753470548
-1742229906
-1538193825
-1892708067
1559215938
-2044978253
-1118294942
-2141149325
-1699079072
-1420496138
-1295891309
1643707983
162699208
1344280482
340614223
-684553871
-1752581476
996769389
-226454772
1335966349
991273087
-2121674823
-21162252
566985806
-1935189945
1399999549
797562551
1218021789
-578216976
-1835018268
-586679140
-168723166
-1475111981
-1334227212
1372292826
490468618
-1644717802
-480540301
70553893
1123235595
1379740518
852996293
-115661942
1594671269
122654179
1573833625
728275583
389844905
1115275100
1650435078
-1974010826
1745219326
-1665809988
390753264
314560305
1753598882
-1075551037
314557360
1818838554
-652290577
1856669688
835127028
333042900
-789581025
-410253347
-1077804062
-1859681587
360825618
1756088932
760381571
1035570837
1805663822
1142660770
-884460962
726152884
-1138642874
-65150015
1334053987
1993325495
-72576546
-1637471429
1630013195
-1612124276
-442365906
-595244475
-986134852
-515185137
1349192582
-1316974968
1732822129
1465817828
-121472335
945490454
-1457857382
1728487558
1786158718
1481845403
-1968936896
239742112
1002496379
956698578
666190956
-474737253
1023066115
-573745861
739142601
-1389652616
-446483333
-1681702134
-1877604728
-585767458
119022552
1411684962
-1444801405
2045577590
1419480675
-460951357
1044452773
443111030
695503040
986304191
1174033544
-1407150468
1106788652
52299251
-218777761
-1252601956
206017797
1174270517
-1315620075
166333116
844233359
1109629450
1518894262
1879288606
578208500
-835657126
453309710
953101118
778696844
-24950426
986958479
891245277
1452432735
1217649913
1934646647
-622314915
-949334553
-173809699
-25103823
-1476022449
918916121
764007056
-2077942276
1714081354
-1132841306
-277228744
439081418
-1806637570
84635773
-589330221
1488805738
-523700344
702053524
688852402
371406056
-579573754
1765495272
1660259623
1855654451
1390327662
103672770
726239357
-574141184
1211846811
-490874309
2101737256
490378991
-890779992
-687220991
-1459964355
1405704683
423891841
1073570394
-537920733
-1507889451
1203219382
-239424408
-1769882229
281897572
215186322
1373851311
-1993126755
1759239238
-1209130644
1374984660
-326466701
-1607410549
-1650919108
-906724441
-486190902
-923366589
-2078159503
200819043
1857258998
-2064161179
-381796096
-1310803405
-1909841642
1842321906
-969193792
-1540653576
1579452041
-819941799
-1025754636
864640073
-176464480
-1494796003
1706716201
576075707
929039508
266892212
-1397801918
2029703521
860278714
-383263566
-840955183
-1963636586
2044299252
162744102
-2086363225
1134908153
1710152811
-1944716220
-671755091
-2057998151
-15025286
-1901472957
-1600415243
2062328082
1278658285
671572872
-785471733
1500011286
-1769908374
-1622887164
343109009
1509346992
-454769873
952373977
953753866
478523877
1910496253
4908099
1832970229
354033245
-660350893
-231559243
-253851106
-662027486
1854610399
772058178
608514095
-948310362
-1471179983
-2030926530
533203085
-1257818870
1839109809
-928697307
1837098337
967095965
-183269165
2063930554
-255580172
-1368175966
-1115577464
1412208499
-1560900289
-1706749355
-1157060361
-18270700
-1285115966
865089584
234318700
1816432281
-284470636
-1841832086
37380240
-1177958312
-1709389381
360056767
-2025606182
1524213607
712840125
899246454
1564314693
-610143686
2073000054
-1829335648
1680767299
1450380689
468369708
865838749
-2017248527
-898043248
-2006032928
-330634012
-571450997
-1953832145
1744047078
1329038338
-1697562591
1075282132
-597896777
-667079710
1347538570
2053712189
-1974377466
-1693760945
-1752525159
936951203
771442704
1749014711
998717583
558053404
561858360
720888370
2092012239
-1636256960
-1488517166
1696972225
814987480
-526268401
-1345790146
-296771366
-1236408978
1342334482
483012921
-227826140
-1002644454
105875903
-1242173329
765953150
2048945621
-1841335007
1867912275
1380332101
1540953343
1901219512
-1263527885
-1214383914
-1899045738
-464827747
-515778682
-119161775
109250211
-810499607
863984520
539524000
250684919
-1372857257
-1922601464
-1180545865
-1669619945
-1928941528
1695417728
-1774560996
-194329484
361888838
-78061978
-1123967318
231014879
-1490427732
1641797057
-1143572335
-1682322629
-14468860
25680126
449393824
541082227
1147239825
1001946883
-1663158074
-98187090
233786959
-1017536892
1737391317
-589828415
351407192
1570731414
1496276105
-185042715
1156785544
-1637796223
1098319305
-1837012567
1073739364
-993063463
1457719084
589973545
-926194121
1194980815
-333790530
-1524689536
-636837507
-1590367548
-641742589
1177331066
569939589
733762847
1471832123
1435324046
-1451091887
-729170849
-1389315097
-239327989
1247202240
1837569907
-2076465013
1331967376
1278821102
-1732882872
643018678
769946304
-1028986149
1830207652
211679295
272124470
-1497977014
1331422770
602957520
1503663287
-412649237
-354067491
-874986840
727963046
-458888773
496628320
-630529380
935198140
-1106576469
961319454
-128571810
77800695
938173823
-2140469202
704823297
-621350957
2126113273
-685502278
-948203076
-619867209
-232983242
1999843977
-168713235
425504434
804662359
274087897
-1494059167
-449485210
-1973365918
995725425
1933227986
1250755140
-996790934
-286963465
1570968240
-830966535
-1611318546
-1123597442
-1371720156
1465026855
1314749055
-602247837
-225231791
483108184
266506148
1181068889
-1772353828
-1935844561
30995457
-824595263
203116206
-443861536
-1030089035
-1208614082
-1219728392
922581985
-94335484
-917259384
-1776084361
-1088825375
-326942922
-908320127
1742585336
-955704071
-413097794
-1248835195
-497489122
207133216
448363165
-1623799547
-1639171997
576237796
239913224
1703581782
563387228
-1774083241
-1954765496
-1042346298
-898574784
-805122746
1457412321
-1730518544
165198250
-416301903
1441526
1311323473
241188509
-490611338
1770018795
1864568602
-1197228855
43822158
1815327563
-1350515129
-297090804
-567433987
1108022252
-1681703440
1703102522
-480223291
-1526926767
-805699106
414147105
1471320603
-80658097
75405408
1159430343
-1581586787
2019596530
103980383
942929909
-1087315902
21015456
840694448
286552312
1102265554
1667262847
1578881449
-659269978
-1905423719
1293448724
523364854
94338463
-241900201
1952109612
310884781
1230671060
431951482
-1032393729
2124110494
-913905075
-275360626
-996847727
781451504
231878694
1604320756
1325457755
-2008103191
-1577488934
1693592273
1518944555
1464590860
-521619005
-2146344375
-240868537
-1198418584
-2021402911
1140670189
884307416
-1357155026
-2094206246
-134812047
1681553542
-1295921275
770359361
-1643939678
-1292490145
-1645326694
-1872793318
1473708438
-1148931588
-1506793478
-724150883
-185238748
-1834638362
169045283
1590043450
-257394282
-202290379
683954519
-1014880291
-1003413603
940005498
926972083
2075454835
-593996411
197073630
2019927168
-1511845461
-621887575
230664075
307122377
-1327671808
-588175320
-43478198
2036471597
-1644876809
706564056
1499079276
696838902
-1640545883
-1047635334
-1485434130
-1790082455
-1071394188
1454852655
35677399
-223575713
-594231259
1904557610
1897514213
-753714924
-570574824
-1193645913
1841528168
1223299390
1295182027
938340380
1161236844
506719841
-156824672
1865166765
-996547043
1049438561
-1294350622
-1426715932
1337433703
-1201017768
1622912009
-715831136
-1519121188
1998391465
-245541315
1588013390
-1018175525
1043176021
-980194024
-73552809
-1891013651
1074990221
1485934512
-1744095015
-803915662
2077512583
1377463252
-1259102824
222311036
-2021625963
805537172
1620614198
-578311686
-1908175502
363819782
1877439394
-3048168
-1589815329
1359581255
-1391452722
217126374
1869762158
1673162688
1449538724
873209399
-2072300132
-50558294
-969493958
54267339
473101349
820835795
524091459
-667421008
-858492524
1168907937
-988476728
-73124892
-167818727
-782314409
-1817228776
1130094143
1395878814
1314922903
-1079576579
786574223
-524226533
821606951
178906160
-211280892
-1540699863
1677263095
908368910
-1397417522
-506457899
-1679889822
39639434
-1677234428
-224848969
1795243700
1817144677
-538200633
-1297979326
1892548844
-1874454371
-1638357337
1722918748
1791098306
-1653798622
391047493
-823879120
-1550072086
-1762202161
1209191224
-758845117
212639386
1691997591
-1743781580
49797317
-900851894
-1877062145
-959064471
-396231127
-1079284806
1214084299
-258183640
1695406839
-1954950343
1084354812
-760611892
28006624
-819243485
212535033
2096698583
-262331630
-1461983574
-607110133
-1326481062
1945712846
636535257
1605844238
1342647962
-1356360393
-1923195690
-235602843
1463887856
706936939
-1526111641
1875786542
-11224591
2106416599
972784823
98234806
604709837
-167113786
-278059176
965954351
559577852
-194631621
-1456396917
-872142688
-656890602
-1572876543
1260402879
-1303093476
-1471575038
-124082944
1156957015
-442292938
1083830355
1306608849
-1058536528
2002478003
-1513456146
-1061658477
-681446558
1621024129
845481711
100773119
-203073852
1445421800
1850738893
-541464135
1920975029
1697350654
1869799355
-515990807
1118146201
-726174112
-2065740719
155011082
670179490
1086464542
828059499
458707969
-1552100784
-598636041
846176337
-794639759
224819002
1837171397
466665751
-807305651
1446731790
-865145286
776205639
-1714555474
-150852651
1279192268
-1419747652
-59433242
-175117957
-2034713874
1189070032
1334000340
-2059514482
115027328
687098297
1676273785
-1431764922
2017329543
-1921412560
949706187
-1612494907
2006217504
-1608629421
-981476919
1172804254
1062064049
537721547
1921491919
1008117403
24147810
1416242481
-1676858326
-944474182
1352597963
1349408429
752886255
1470950265
-50431506
-1204090400
1116443144
1959464019
-374348441
-1862145789
-1091148913
1748070793
-1140946206
-168491696
-325139106
-376774875
-1316508724
1106813088
363225318
408314427
767010124
-1300927147
1525573184
-1071485582
-1539068812
875849849
-991967871
314489282
-586769997
-837045721
-1804785327
1168437118
1226471310
2033584169
1033995966
-984327275
1483720847
-1880832286
921130573
1784493332
-1111574403
-508128146
1180813906
2090612462
331197644
-732227065
577934977
-1846570497
-716445609
1590587306
-652469052
-222659762
2046178892
-1872945671
1553535822
672979602
1680265318
1405868642
-142608401
1914232055
900789346
905732481
156886185
-415731679
-713302869
-920972349
-621176444
-136255120
-1390931881
1341601867
1096339358
-1918673530
1380269654
1524763160
596584837
1455188997
1310595048
-158403737
1574393033
1474200477
352509519
-1338926251
1305227467
915268165
-1900898362
-1766020664
206638811
-184166969
9314225
1106142608
-986357886
-233635710
1946125845
-486108984
483746075
-741955989
867398217
986916738
1576969128
-1079818668
184122605
-1418206046
-2022148638
-1776090255
511423771
1143910666
-570585199
1182573335
2077017308
-931307273
-1770681058
848569029
-1857066787
624911274
-2112745370
-1102042520
1223765858
984107338
2078055120
-916594982
1499312763
894321416
444560545
-83830613
-638664332
530186628
-622512754
2099594020
1089547665
-1024748178
1844429458
1388734344
-1457705478
580531824
-163523327
-1373886307
-1248030988
-1125182389
270229213
556151402
1256726610
-1650878912
1174823016
-816586175
-378988758
471706800
-1102118150
-982242561
207771338
-1247602426
823201044
-1375143534
-9382676
-963194924
-1588984908
1607327163
372346153
1543362876
-2031317782
1794767636
-1215383637
-395619439
-1993414741
1002538580
-669173977
1132559421
547917028
-1776594222
403599881
117433060
1434471890
-871156665
13241072
-2015417655
-1070759024
-717604649
-947508132
1729953392
1080304625
1464991570
1819040677
-85911163
-554905713
1046523318
608438062
-1211200260
-1314443996
-114340872
1148928986
-907894407
-1643764201
386696963
-1443271233
1450507249
-1824860070
1758076928
28221465
1946347664
1933332850
-108295208
-510773119
-357961763
-567843114
140543734
550623582
-673965541
2136162173
2047779153
-364535909
-1965390606
1009541810
521733801
573931418
1971924814
-1280221142
1162217232
-1499529880
347676551
663315799
-1042930773
-624315343
-521910334
241062910
1519952825
-1164156683
-420950890
-408343033
-599394859
892036219
-999845390
1018751635
1950900599
-732368762
-1283182019
648611924
-6304576
1076778054
-980761666
-427921128
-401237386
723065873
-1251864515
-1594457435
415360076
-810682286
267854570
-1141026612
1261671783
-1136746559
741953662
-1652722504
-207541987
61808852
1275862432
596442502
-325053953
-1865787788
-1509513335
1914721818
2117930265
-1055099916
1261335274
195376176
-919607945
1096145982
1180026124
1433724081
294218731
-2035828657
-1029444807
-131167929
-186472691
28246244
-296741798
603921203
-1560248445
261746549
66953441
-622442659
-1789956990
-1199633822
-491582232
-1939572820
-1513167724
-442744724
-1068312422
-1477468776
1899796123
178767718
1326453457
1263636988
-1899253995
1505997355
-1982961151
-521396688
-910905951
-851414574
-805836973
-1123286441
1655606977
1550431776
-179259372
-2110419724
-1456845344
73163069
-808624
267032515
1916142487
1385923243
-198690374
-686621242
360522795
1879412083
-580033074
-802300259
1815061082
1462386080
1008898617
-1157414118
-1712194986
-1407917839
-1041614728
1525872404
966027537
1285945033
1517828542
-1216959365
1852822459
315775850
-1925710822
54180781
-1406459000
-993168798
1549055449
1049761031
429136310
-444136380
-1720677592
1497315261
-463282226
154977179
-839032322
-53132818
-881862615
-1184191204
116691000
294743538
2002219701
-2140883174
802736132
-591490826
-687863303
-896039874
-239081853
2126081739
-902689706
1091898742
-422016854
-523897094
-1598884465
-1578272979
733579880
1834139419
-866657142
-433879619
470275085
1766411878
277649751
1846502689
702618090
2011106954
907593585
-1694910481
-180325836
-716966467
381429828
-1964760700
-327424723
-1798750700
-1244648977
-384581760
256400261
-1377059308
431265354
-163232140
-861696260
-1236093304
27897386
96056794
668590412
-1232262764
890909923
-607791291
1138244934
-781906166
-1736691698
1048444121
1951950395
1262549499
152526731
-189091076
-193439331
-2055076975
409776585
-1437968051
942909156
1918177052
2045392964
888067796
1950343606
-313803927
1984651343
1946541435
-868511167
-444426918
666727443
531460285
-1674491925
-731947085
215787479
-350379108
1852224045
558597169
-1759627391
738968024
1804198844
-1401159200
1870682203
91904093
-540204055
974744750
-90111206
-761474820
-576458167
556782138
669571612
632067422
215621784
-805857295
1317515249
972614965
1827153626
377857628
181695005
-950400077
-1175054910
-83724878
-8750053
-87883713
1597033304
879546292
-1678076253
724926054
1965772245
1944476346
-1515837649
521515279
1648390353
-573226488
228545467
990612722
-611899233
-1928884379
1976639181
1417827915
1898852343
-1749415442
-998326348
-1515303478
-1757813802
-902975961
-365315309
1124841677
1978235297
1905529682
-318603359
-1580615472
1505162128
97276419
-850425047
516335139
-1674086583
-168869900
-1695327272
-571809314
2069359307
474158357
1083814327
-720743662
-708052083
-2028220953
555279477
-482081983
-666635290
112123658
-1839443606
-1453683185
-1587543377
-784986604
-898030120
-1745397704
-123872986
673612707
-1261500045
-1317682748
-1058553067
670984885
-483758814
-1661810823
-1875206861
1367126326
-235503097
1664141201
759844297
1010548186
183049405
-89760339
-396188776
-1461637331
124979424
1376422409
1077722873
-1851656217
535007441
-283142160
-731944634
872115332
769015226
1302427505
-1088225672
-2089347564
-1402072113
-1219264942
1742195985
1012424271
-1353593129
1299498052
739774524
1936746732
-1500454166
-593392040
-1002641359
658878002
-1714338436
-107250255
-2071989026
-209573170
2091008665
-421956229
-121014589
-1552664345
-925834638
727411739
1589975581
1486579311
-564223209
1380817831
517328966
1073470652
-75265403
1942603160
723737435
696790358
1848693987
1354530238
-1836945377
-1717921774
-333855992
-1847611277
899846686
1249123935
-1969468095
723179539
1710951957
1279850463
1698414160
-995322453
-375212400
-1698218951
-1409582410
294166768
-204192043
-1065494995
587757620
294667121
-1046769664
-128511000
1728326031
-973417712
-1018833809
-1128568679
-450108780
-374939730
1072821599
1076245315
12843099
-714864603
-951888169
1564450516
2011046351
349219451
1208262084
-232001673
-1526277011
40231763
1605741669
-1259220698
-1579296437
1811910822
819101929
-1830913150
-1134971301
466963379
1784076885
-471351578
-709392400
-1212903884
-186857557
-1032237383
-1826949503
-1197771055
519210312
-518267645
1022096557
-86581031
-182039411
1194974018
2135642495
968737583
1762458049
-1909525378
868723442
-1924199806
-546132938
-183724901
-149912393
43410112
-281885527
-313585427
-1795324107
-1391483957
1780934126
1919174161
-1776538928
243783021
-26027060
2057158394
1146508141
-1753874807
-1033008091
1463138634
-462905290
-357223532
516249178
-1146119454
1074230170
-802383806
-1149205267
139570364
-855771241
-1584838525
727758183
285159159
545432123
-168207184
138041979
-23651789
397475431
1427537153
1749007467
-1234361825
1456520406
1763817539
173087658
-558379697
-452046499
479826374
878303682
-1457015214
-1446403980
307133083
215796855
-477541885
535003380
950610431
-1504698580
-627861729
1790645793
-870741743
302737030
-1575222504
337135083
-656661045
-1752118705
-1324353496
-1705980048
1286562095
-1239127652
470999208
-557201979
2096155840
1613978928
1487930273
-1093700874
-265393357
205388834
1777669795
937027402
1925105766
-871414082
-817653547
2096412875
1873681553
-1018848343
74730317
694466308
293465786
-1613817017
-397845855
487495436
1679288942
1413373280
-656339522
-1513235517
439082157
1526881537
-1096544777
102465115
1866206245
1960230560
-498623392
-1856496870
337272995
-1032858493
724387933
-519723427
147590598
-1950874271
-168887435
-1065816609
-1812941579
606763337
-528519573
-2041877957
941961874
1848717506
-818652273
-1604705105
447318639
892004915
-1114570159
279360802
-149641343
1092581765
737988630
-1153721241
-1588075822
-563120634
-1040498098
1871019715
-1795193412
-248094064
-130591290
245826220
-172180653
1306833897
-804907206
-1671079981
890807587
1493784941
472459566
900180580
-1023965414
630762474
299062013
644089484
1838038727
-713496886
2122214705
-1116180421
-2133100091
-1308979337
1749237525
530002731
551116657
-1150980358
811147657
-1755730144
-1951161886
-1507261979
-1016300779
-1745017744
-442947046
-607550861
-2032637633
2122400965
1434440568
-74387219
-1514067168
-1172796383
-1264326031
94223950
449978676
1431741986
-118201729
945749290
1547400818
1300849542
540538712
1059601611
1152960156
-244513806
1975954787
-1903856996
-1490332201
-600516626
175531367
1117361610
-1343771266
-1980924108
-2062518395
-78065369
-1468026318
-154253526
-1399748248
-1541836974
231704373
6516139
1137972154
-838540011
-307965192
500386829
-1017558311
-375087603
-960677646
-2011386273
-387227958
-1050906736
1414667442
-1538467086
-519092627
-950086198
-1019936201
-997192166
1525385714
600137513
1524703103
2045210165
934068363
-1522931205
236712797
1400617964
-1043876509
1581488212
638055823
708068024
-1442551859
-1928028620
489272335
-609366616
524049088
-1981526551
655421865
-2027576224
-1788221565
-1565325646
39623117
631821412
-1873967196
-1458837083
-689332826
1696090774
-1865856466
1362262226
-1502998934
2006352125
425846810
-2006416217
1805846771
-2030320441
1364732933
1809517461
1902462607
1782208657
-976969437
1099624435
-952277229
1500247780
4898163
-1703892957
1947617334
-1328121597
1922562868
-681030414
534314523
1674421731
-1875470953
-1956271548
968573231
-634098310
-729621323
1799763440
178677045
1723864124
202200258
-1869541144
-416404066
-448523550
648221827
382957213
-1540353251
-143282580
1826166525
2102017697
833146491
-1610445719
2022601838
-1905306483
-1982382937
130402166
