-184841972
-623627951
-960834309
-870177242
682347433
-1628460253
1742511710
-1008868765
1483113384
-186693328
-1029697668
47323794
1285606841
1873301007
831546229
2099155075
1268032255
-46347465
944478088
-1972335189
1564141759
335546529
-1657805843
-354562705
-106281132
-415808852
-836276767
906839970
756546662
1479402047
280266497
-1966891188
-1764287397
-861760716
749866459
2046900653
1032189708
1015340276
-1939815487
-1623441023
2036372412
-278847138
-1668043807
1864440452
-643139515
-279763476
1247463314
-1813509832
177287059
-97154280
564970480
-906554651
822887254
608622076
-276468566
-176989728
-1185506061
-941428680
452458521
-103450096
770212283
1048199703
-1190035307
1539877293
-946299298
366856948
-799457532
-1948999093
654169505
-2071340070
1199659699
-774990314
580044366
772757610
-1598791064
-1643268769
397884524
1616224769
1159250615
-1172043689
1975189936
-1049784039
-1276850796
-1482383079
-1126121165
2119180527
720578345
-326342163
1325331044
-479612570
762358762
443749322
-816840897
2055013163
-717610011
-872552164
2053249470
1417105945
-569288866
1801881800
-1725270896
-1417596451
1815500954
1636027756
-1303981304
271454429
1533744891
-555522837
1303618648
-2040101547
1697943372
476503080
1626086910
1640483011
915287390
247407376
-556988035
133498245
58274515
-1269969698
1995061584
-1745003841
-1021626567
2141425818
-2037262053
-1966884222
-826534566
-834155038
1236798755
-813431254
-2111514159
-1007871508
-558328576
1935871238
-370768160
1911757002
75720080
833442110
-852967039
-1705629968
715419183
641906417
302889914
271685363
1961229604
1928036765
-826675147
788629395
1817212765
-852147260
1390641935
-652372485
-465479841
1396483275
800480240
632680518
-142694537
-1934417628
722947419
1664126021
1036741429
1623074991
555867462
1549567615
2043980826
-348176547
-262044947
835579256
-124379760
1122698262
-1811911198
1695841590
-640644070
1469006300
-1070388632
2107903744
471567307
1665560368
-2117486846
-1888632472
-507569668
-329695308
792977222
-1114301300
1025058360
-562746351
558886902
-123947368
1730033275
-890694630
930617424
-753263474
2143525532
1191665457
-986444636
-2101804215
-2112560378
-1478541591
-1730560473
1766982846
-2086826322
-378210323
-364823545
-1017549435
1944790080
1874547999
-6483521
170843799
-1669649765
-284251900
-1387678037
-232863911
246133888
991166814
-966008098
-1452082215
-478383227
-203067110
2036260147
-1610618026
-883325361
614372460
426841762
-378520827
2047374847
1642771256
1082042068
-2006398702
1063458540
-177723981
-1814135304
700144612
-804044653
701161290
-99590185
494829989
1295880395
98714562
786889766
-2075827199
-566710724
1078241952
1942665242
-1994746835
1062321681
614806730
2120678722
965546794
192282860
-1661020051
-1159913072
-1135666614
-140195046
-838219999
-994755400
-1327863821
-443790329
1444844107
-2072609091
-813296478
-2115577612
-2114145853
1549130695
498480178
-363483418
-635416395
100868410
1703790430
-1596891167
-1884453684
1401538565
269468036
1603755862
934630284
-1631840201
-64739669
1660903897
1090202111
-621514281
-1329429049
-1642429418
-643323245
-1922969868
349393723
1722379525
-373295806
1439814394
812509086
1142284124
453430771
-1371800761
-382654783
921660997
23020832
1870054653
-86961423
2050115921
-1642150216
-424092647
-304885640
412767147
389460805
-1760188476
-1793270422
-709625200
1593567057
1967507433
-1081245283
-1350598914
617927942
-1476306937
-1444037896
1771218603
276632596
-717550777
918628848
552601656
2065140695
1374189008
-1444953520
1200252582
1899404215
1207244634
1155679288
-1159868407
1234429394
163773185
-1813069465
158299002
-341336104
1567948891
-260984132
-1298111919
-1981182409
-378789428
-317431303
-95506284
58985847
136465432
1007266762
1099147433
-354169370
-383608007
-1428791803
505742931
-938138249
-527953806
88782387
1082813659
831134695
1265178019
-659110833
-1506308979
-1041066720
1059545567
-256133683
1745791846
1753365986
-385805509
213404893
1465287946
-1734992224
-1145499160
1206847472
-2094418437
543553703
1207570564
1399373179
110437896
-91500155
1920515500
1199484922
974005762
-168931160
235862741
404971063
-1740622666
692114244
693316700
-1162767413
-1849843946
-1927914886
1808529114
-1300398619
-602050631
-407717962
269614525
-354695095
-490446459
848796504
-1825147117
-1374746980
960350633
1904306582
1608427689
-657723938
-739988271
1600256416
703701588
-1777786314
1525445525
-1910136060
-1883846258
1859624181
-656674255
1810971987
-333903292
172814036
-142297221
-900860411
749453549
-631709056
-794044655
-610131815
1649127902
670319448
1496883921
1604609280
-1509449252
-2085696395
-1575942259
-899092421
-1566481422
-612465686
-2012053249
1501465410
-2035191675
739444300
538040570
831241255
-1853597275
-2028763532
-742709790
322590075
-1502957403
-1864989309
332315742
-364767248
-56020755
-2087811290
47122507
1128876607
-692042739
-1814608358
67010803
-1889768628
933180182
1732455666
-1664340866
1680630407
1892194597
1363220248
901801640
-1588276588
-1766659265
-1448174063
-1696407884
1927442989
-234280604
-1158973692
1840119968
-1704227001
1109200094
797353084
1261649305
-1467277197
-2011346983
1239842924
727115696
-223278969
1622649400
-2032606605
1497470158
188772477
66600869
386459233
1955609829
1847548826
-2035041558
522983162
-1112832152
1885919698
786219647
865140985
-918422532
1898282090
-1442254237
-1781173673
-832042385
-788270881
-463231186
1797974476
-2086920727
-2109348346
-1684412825
1123285654
-937676960
-1632395404
-1507067885
-1326602120
-1143108783
-1851073761
692487565
-1882980347
-263274836
511962437
-1760669284
1495363358
-1038688497
433206924
-1704534590
1128047032
-544955849
-1397532566
-319975214
-371136798
1670576306
-1364014138
761803461
-567713274
-1718607911
855490015
-243346996
-1125675922
2093965053
452810604
-1702468440
1412549386
-644029472
153866757
-1683833287
-450945937
-869371289
-1118109759
1692116565
-343858397
1589828492
-303486689
-1540740133
-893513705
-1798475879
1909155113
-264207353
-788516492
355065746
-1004351530
-1172305146
-1190581862
1680359922
-175881552
-407488051
-78441884
-1358418278
1198551990
603104549
688525489
947201542
1576312450
2102745610
1259150368
-1610238015
-129360978
-1407833290
-322109670
1491213339
-305296780
1912259575
1926026004
1959671064
386691220
821728329
2130148629
1813916330
1295152250
-1607669216
372371062
802952739
-1559390817
-1855009788
-1563808280
-1126666012
-328005841
-84711197
-1159762757
-1413072294
-112946965
-137678558
819965021
656345387
586193488
-1902449420
-1694779360
43678635
-599440391
-1216519185
1698330431
-590890092
1846620993
379546076
618715938
-1592850186
1704129580
164586702
1131671008
172785772
241309062
691445877
-135346938
-74149744
-1635032244
-133954893
-1373741930
1757794992
592175947
-835390096
2058460754
-762103103
1164736519
-1440573014
-1632888518
-185806189
1341803997
-1807312945
-1160893102
-1839434682
-1858701717
587997518
-2089963609
1448032252
-430352849
-591988885
593906324
-1566865201
-1653815186
733186898
695803457
-48294651
-1890968234
591432559
-1159240340
1750011266
-2064165274
-795643396
-1064557973
-1605867395
1769030925
2090789083
91560049
1419058038
430337937
1572542117
2000393487
-1867087769
-1572806606
1675438338
1566690814
-1714136519
-1810152817
923578426
-436087013
1240673401
-1625296057
865771532
-1889045326
134994507
-1911101982
1132923326
-111106
-1014382434
-422476558
1438638965
-862829584
542359457
393343093
-474713914
-2005405649
1238886260
494747261
1230905484
-1878028192
-1495745501
-1136745966
-1801915397
477421991
271992015
-1879335849
464700149
-346902420
-639870419
-522740758
1908011420
-1208410015
1101195316
-45633904
-695637209
-951979836
-75229422
-287495918
-1038551559
1052655841
274173791
-2026346143
-1284098833
224237786
193023380
1818433280
-1657017863
-126469462
670415038
-169638494
-1734193684
1477640039
1692135534
1020337682
2124190101
552289479
-248347149
-1018433198
-2128290800
-1112690972
1936331978
-113780217
1327061594
-1534148029
1227648597
-1220685804
-131976155
-2053596654
-608285493
-2078518653
88177131
-498516303
-1445674640
897190828
-1154785210
467755123
1066848773
-1157885040
2123783293
-744654172
1142356352
-1030523771
-308808095
1664066254
1075281920
1846269464
-1659083942
1282443320
933748218
-1373670866
64241340
-1717409873
2119737016
-1796032404
97842015
470349704
-408521212
1125925848
-1294095763
1631948772
571768096
226756288
368825213
-1189670091
1719192312
1504628954
-1117283871
554785537
-578954342
263820204
-970859717
-891802394
378436325
-1483077330
1835168598
-542770211
2089363072
-395272020
998175026
1369897410
-386721010
-1223567887
-438367904
-315278061
-852328289
2058049185
-1189783152
1770716919
366635625
-36988442
1049121128
776746370
361405879
2102971983
2072007830
-1583804873
-963619808
678314484
-2027066840
-1653666610
1536453884
1776658653
-880276198
-1422470602
-344538604
1355015588
1729491504
-1514614820
2050855832
-1776863144
1020581638
-1265407187
1677410133
2135881636
152743525
1290884442
1576777510
32716847
-1621377577
434576218
-1313969493
-1960507834
1790738556
-1077202380
-891774919
-122284616
-1554095330
961282942
-1427687152
623971329
-239882877
-1220821472
-1124664109
-1038497622
-1860686589
490860381
77334580
-1640017937
1622242393
1511991316
-874878226
1198472097
-1099774787
1647260226
375095544
-1049307570
-514984911
-1298490678
-134499593
-1102297954
-1638144741
863015800
-292599309
-283877121
-564370669
-1964084925
-244037043
550514052
1586919678
2093632210
-1468888592
2108882954
-685796261
-1985316031
902460871
2042678428
169937372
1967918372
-127518098
1245590040
689491768
-1317645877
1512588331
-788386542
260800063
2029660359
244140575
1232442615
191558958
-52446291
1988581560
-752171147
-606721980
-1093815783
1121619817
-541448678
-1676937067
-1428086283
-308574819
624314939
-206298083
-656556037
2029685480
-1101720809
-331439337
-183364489
-1132054913
-1281822149
-1773468017
348371025
-842860054
127408679
1863232566
1421073994
345811703
842363697
2110380917
-1030968187
-351127311
-2055636311
164175812
806103625
1087045906
1895264317
-1015974853
550094341
1380480565
-796035681
1269503080
-977291373
-1084354609
521438308
1172833891
747750081
147108896
1602182703
-12537312
1881087500
138285476
355851022
837949956
-595230290
1427086288
-1720960477
1563330746
-426269990
-1360781574
1158436998
1995098182
1579786053
-1499586664
801174122
-1520486823
-138797848
1855223980
-82750850
26560999
-987291132
1431694719
914232213
-925934090
1384769894
916955788
896915592
-1860053575
1011169004
-1589792321
-1409081766
460451293
1510338631
2079083999
1904381085
-612380895
808320513
1040394567
1673750549
-1159285204
-1440892735
-345238564
1995049882
2136425626
475031246
-1052703686
-1853453502
1945980759
-377188911
438108208
1456465342
-213664208
-1703863074
2108594286
-2062129148
1983795367
-1072385356
-196482180
176564014
992631814
364676164
-1331469330
-2139310942
301258422
1303684975
2126226901
-599560078
-1379580720
174835220
1788370808
-181264892
309484020
1240497481
-219352764
173252341
2109629529
189721831
1183916288
-555681734
59168037
146357068
1590905924
-477821560
183728639
-556920485
-677982677
1688043253
-697877535
-50572601
-1207530425
-237751073
968718130
-449603951
-1364271403
1672848908
-411287277
-167435314
-1051637711
-1499966446
794111480
-1571719507
-17322100
159021561
1540582779
1088065976
955519707
1639057694
-609267860
-1261199526
819258386
732237914
707561004
185247649
-2061138543
-1686179486
-1435911621
-1110352317
676698590
-1590097808
-388152562
-527020826
2073631381
1871948323
-1918625499
-1150296677
-1640076644
2013698979
-1492822691
-487650901
-266938470
-998348536
1457377666
564637846
-1369358679
-2060567045
-1395868120
1664670552
1835911241
-753654626
-80526918
-1937805330
-1456672872
2034749097
-72977197
-566093545
-615823169
-569750315
-241938484
1062037087
1235139247
1393514620
-858694251
-186423208
-624877555
-2132864127
1389250504
-992850646
-1409318038
-977706387
428969979
-541474482
1384409783
458376410
-998045099
-331409258
-988355081
-363802605
1843129699
158106480
-80784074
-2064601092
-2123920596
259511402
-1531045447
1572885039
-479328382
-286156295
-1156602250
1651777384
40083354
119902325
-2114149434
-1083611358
680285919
562147431
1212947032
754573697
-445833982
1902730503
1780013417
1584065394
-488586923
1244559103
-680883151
961667344
-1338488999
-129869963
1866871456
-973522359
-1808568171
1531770696
-1820266166
-739750463
-166228055
351848088
1591438494
-1016472074
1677195425
-1339688820
1016800094
-737422172
967090830
1713391438
1513782346
1926549609
-706163117
-1214352294
-1876985058
-544053076
-1676884292
235079928
685002943
-647148613
-2094330412
-355853562
238828208
-165766349
219843447
-1215817221
-1124964918
-1762383196
1622446373
1016719400
1185400876
-1048083340
945211161
-806960065
808461935
1105582339
-85043559
-468138215
373143582
-1759167472
-589634161
1001978291
1875779429
340120666
1405957977
1592280953
641902599
201580938
-1766947108
1312739527
-330759787
-1456882608
-1109725729
-839949908
-1923553060
2084517067
1640656277
300224752
-488737633
-1385827539
602500219
1517112152
-1452279419
-334971234
1209711972
23121703
1122613588
-1879191967
-1435860015
635591656
691589471
924485941
-1122334330
686955114
-1002300355
1899583229
2091243865
1669398796
-1024918853
-1718064990
585282380
1201649722
2131048467
-914187720
-448320034
-1642544329
1163296093
1000461151
-708437858
-260181732
947324997
-2090038805
-2030111744
-642950624
-2018076419
-1894364473
-455798157
-598577896
-1545483403
-1903858410
-1490078030
875286849
998854601
-45198438
1323451226
-1809375171
161461755
1121378393
31379388
-454050725
-881082143
-1731527043
887272948
1570653979
565736544
1194681979
-1955795398
-16090128
1095455450
1159594104
-205304969
-635866297
1924955621
247564519
-641798885
645829064
-1544311236
227302262
-2129823187
436578267
818427642
1815906346
-1411221085
2095121773
1588692996
825071304
-1225434125
-35748365
1809376199
739417207
744360425
1712511150
144981027
-1047951454
1974144186
-1631942351
1474128550
540853795
396993370
1778682912
1410873340
-1896437347
-1593222902
544363577
-1674778970
-1956893144
-443944652
1689629592
63190250
-2076506317
184269946
-1078653642
-481490422
1655772838
1900522252
1776458418
-2088549704
-2127449529
1278586937
647744083
1462915272
1892637534
1643989832
1041365325
693477927
980864154
1712671112
311299651
1365508875
-47021515
-1049291354
183810061
850554732
-1571020713
-909432770
512316602
1236142002
1058233271
-984519245
21611736
1232346287
-441956216
169981251
354266866
-112556338
-1943981166
-881230507
-289933479
-1159086964
350382494
243118357
-2051968985
-1146266584
-436170474
-268162238
1783629185
-1831396202
690780653
384963142
2027809307
1901812152
1135708092
1880842630
514361344
2070785999
837687853
1115763707
133642643
-1938335185
-1237346404
1116840961
-456782128
-1702344398
517078522
-1847241617
1276191447
2045715310
1381834229
-333187353
-683588181
-1548507606
-942152619
-1837472914
-1861026250
1299323149
-1697884759
-1700653762
1096624272
-36845288
-1954734046
-165469990
-106122112
1906032341
28829630
-8980637
1375684674
709239760
423473320
1581484842
-918631542
553388870
-111342626
927705477
-960749879
-1823960548
-990909932
-1993695770
1493664430
-1746433518
-156682024
1237217833
1466528751
-2057493448
230469110
-494575572
1445396296
1111051936
-1163041507
1902659748
-2031562301
1615247700
-642370623
817185582
1179420986
-1552894326
839440195
1772788644
-1575220966
-97883626
1162830159
-1172057934
2032064361
1523907615
1001227910
1962895272
573949449
-951467243
-868895908
-957503087
2092002365
1888000226
-1298134206
-1413112445
1540895852
-1747333281
-11553274
-729885640
-476511707
196507657
680861562
1757665501
1622389859
-1530858765
-236843692
704273194
-1418655727
-851248898
-644960428
1440442034
1033346767
860198216
102567340
-1115210885
-622580234
1303036386
-2099611237
-1331323951
1260853721
1324850117
-946543526
-2082692266
-24510130
-1476828667
-233553860
-604669090
463732076
-128011194
275140624
1420263545
69966229
-1895709585
1393395913
947367248
-1400780874
-1372098658
-871765664
-2019336524
-1807657779
625111643
2109533433
-1947548428
-424500821
1716071439
1226308420
1333827182
1908122619
-1289771594
-946406618
-206973080
618689410
-501297197
830401431
-1594766560
-1737955417
1650273188
636659405
2088985121
1795426614
-886287465
-286379110
628799959
-896902048
1493309180
-1050982126
-15302299
923551494
690691323
2004346992
1390041014
-26601674
-384810297
1945252153
-852461870
1451716085
-1799935725
1017828257
1093288050
-1526459842
230270149
255968558
300187605
-109023158
-8976663
1034361755
1124955348
320096530
436039655
-1339805186
-2091385804
1325553170
173580792
183467052
-1802999493
1847321934
1339492054
-643847076
712828037
1408479641
-1448289102
-520548598
-1369676777
1596947220
308854379
-1982185187
-1842048844
557589493
1177287420
-591682485
-318755729
1973441929
-1999867851
-24693316
-1533751679
-228200069
-1590895443
-1278956819
1133512796
-1814899882
-764158730
1752168663
-632731649
1378723399
-2120677358
1200531791
-1538323572
-120335577
1631772454
1610261167
625687063
1454492345
-1771600787
-501267018
-1584155200
2038378543
-1462932113
-2033187412
761887491
-1691047949
178816113
-399647031
-1959141042
1145654947
358837551
1694715607
173723859
-1314775972
-26484536
1398060054
-168558177
452835386
685004025
979187295
-1537959957
441155615
1997300365
1427021451
722842034
1174718644
-1374380268
783073301
1231010179
1821088173
1621745106
428038397
2024903319
-1526568368
808389626
104827887
-756682202
1061462583
-371450852
-1083942748
-1155237387
685761108
1143715035
1105442440
-332306381
-1939187147
-639068446
1079784861
-1033375610
-1282232952
-1059656169
1544898974
-1478978977
-1089851935
-2130378223
869442407
1724252309
-768447301
-1299056184
-1489421165
-1756336591
1468230076
-1989106037
201783655
969430151
103801149
-1265137098
721945838
85919365
367099657
1064209571
-1413264540
-1048795825
1522465123
1549669472
-1047939369
-949466614
-427141043
-580225374
-114683381
359168247
-742003449
-1895697798
-1639598690
1573859780
1639103958
148024134
1616929644
-2050608866
-605853178
-337553815
1552413748
-1293600886
-1974810064
-210726850
253148027
-1360696971
928895168
-220984247
-1411529296
-425583479
-1655411023
-2075519825
271733904
-70736319
705527962
799608040
-1272169013
-56754241
785778670
-2108298318
1427705831
609899228
1855206527
2144591944
1426202980
638043265
-2049244604
-91449645
677506593
-1529671628
1433628507
2054410272
1980196606
-1533949707
624201296
35668116
2079070145
-2060758197
-489424737
505342556
-1196669123
-254874471
-1293130377
-2065340696
43939248
145904565
168847552
723178393
-42345107
-474356038
-56910241
121001400
206690746
119818781
911525304
-68326998
1504073723
543223038
-1424518796
568029537
-1465403633
-1042678080
669331332
1097807382
1271838969
-537941541
1411829092
96620852
-1412470077
15443952
-841114460
-1026969449
955786910
-1886289123
-47178845
-2071090699
-830729138
627120274
746366621
621498780
2101005252
1692807268
-837446424
-230160291
1217199628
-1496760671
-1874106758
-918850360
-1514649495
721592739
-1481783890
-1279042664
-198535747
601026985
1186226503
51907441
-1145064914
255341987
-1920146764
1953451976
1029305606
-960425652
-723811179
1172774689
-482269989
572276862
1460669822
-844072832
-532088337
1070855105
768160506
1745232921
-252517671
-1769348572
-404969263
-1593685175
-1093341340
16917584
-1187356531
-920577079
113903030
-2053624615
1145421115
-2056394208
-468859468
-1214615081
346537838
-96762023
-1213677915
599694261
843672968
1881128438
582474517
967396680
1482030140
-2114639324
-1385945349
-526264029
-1139246258
791011631
-1710336994
1044084776
1384188573
2058656823
1317249203
-532490910
-715531422
1688295972
-767032245
1087898386
-1695252038
329362647
1801176811
-1718997753
-1734583711
1878271393
278980220
-506749902
-1717368641
1889113336
-1939411355
728358777
245911849
431362407
-118872714
-299946549
-1693527200
8845766
368915975
655316340
899901788
-428185941
-1864190880
-78394191
-711643569
617070368
399386459
585086855
171471332
-1414503275
1071281992
742258384
-756081721
-276125160
1220405008
1731761301
-1456127127
1630046914
1935801244
1167729059
158924804
-766585996
1644688759
1798232152
1011922141
822653891
671662257
-1305175875
-1861001784
1357834800
-959873274
-1530523175
1225433073
2000224156
-1284763584
2008984644
-944856360
820135418
659897561
1700399610
618132893
-1198289338
-753375516
1722494833
1775502461
664652213
-1712134868
406104556
-972234084
-1721693651
838823069
11290385
465398788
-1103194634
1961634786
1049244089
-449379347
-2115239246
1283751247
-1431533561
-1613860034
-68646006
269046529
-246038853
1725541203
-281733462
-647904956
-1067620921
-8359679
1803722222
1977568052
-2033180125
1371419606
1695674077
-1545087578
146075869
-1139567195
1018885589
-141466552
914032499
709518913
-1774122872
307889414
-604707484
-1265166457
-1820531802
-2014802513
1006267140
1737420193
-1640214565
1768493016
85264784
-820351095
-1807572484
-1126029568
104226945
-620766260
399805052
1007584500
162192420
-1692818032
1592584228
1494769781
1971267946
1342782936
1927254531
1565174295
212374268
326544645
-183874398
1218849643
145595282
1559347359
713252476
394720352
-242390651
1586614613
-71796820
258521829
511301538
1522361666
1692917992
1671368915
-1092534464
-346869135
1686709677
-1061121014
495079316
-1107147357
341421499
1473412313
-2146073021
-1841868465
1276443076
-1154208093
1790778680
-1763612439
-383289504
220245694
270893495
1907403879
-937025469
-1936317026
-1823627086
-761944064
1120164016
-942551502
1200608347
359689270
-224083664
-1785661555
-201810182
-179658218
-705106049
1177418953
25386751
409477054
967787207
1035622184
1974483035
1731051808
-315799792
-1230688645
1297706762
-644445948
-527934475
-879752249
-1410150668
468405843
-15363429
-51801564
-357090059
200374673
-1471875361
1040212456
-1091189446
1342805675
-682903602
-1682011643
-537871666
-503398670
-899423399
-681563217
282508404
1406410599
-1281382071
-813812671
-1819888970
1441668920
-893822608
1676693857
2051873598
-540480886
-2010607327
597132129
1390032227
-1756994183
693652449
-1470828056
1352000518
985254748
325110621
327608017
-1720756065
-143163827
-1469871457
-828370094
596892562
-1911305496
-1965641604
369853280
-1118222905
-958159791
-1393511087
449962834
1214119801
553557115
1882992622
-946144316
-559310771
1949408424
1030159825
-1443854402
-776581979
-683269589
-1914750314
-950679276
419236918
-403045515
1124317870
-2129035505
-1927096873
1027604814
819264847
1073619788
-8422244
-2027837342
-9516629
-1137798940
-123524573
-1642117378
1986128739
78870989
1560359469
2121464604
445170238
1040207487
-365163665
510139548
-379021035
-1619756070
183992746
-95909932
1205663762
-568843450
-808225543
-1737126838
-1142331879
-1381388005
1937947241
-1252359233
1180781957
-1299974845
51835342
88298864
-1612908521
1832559134
-70032172
-637441641
-395454934
-1102752347
-1436138668
-1880239817
-1577876181
1794085073
629723368
-1988123111
-451524279
-12172995
83646401
244967185
1879240296
-652099318
-1360857929
2099532933
1867465818
-1862962942
-841969503
2142703919
606972496
872173823
1524734694
492374817
-225878642
1525430925
-1779803820
1456304393
84705118
2127536590
1403707695
451721142
-542374330
-1925185378
-1809773171
-666242086
-1436217732
-1808183306
1255343841
254643217
681196953
-27184235
1837248468
2147125026
-1657328243
-1188906020
-1805677733
-408683901
-475327789
1487528441
-422055931
1915510050
-651488796
-522706360
2057280660
-360660382
-1816135696
-402794251
1158283727
1134444899
-1934996789
-692435739
-231484010
-250606458
-1125981147
-1038199594
1599259446
-122094289
338529278
-800283964
-1495315202
230922189
-1063893416
-158121586
193114898
-121648105
1955153965
-1063108391
318501758
866514327
2017511331
1833700148
-1714669682
-706027413
-2025645187
610992765
-190037412
-1656170934
-1486955051
492437122
-1965968215
933099461
-1556478456
-467430934
-47957520
-1585420849
711208432
1332099414
-2014317896
-399704193
-886344104
1479137474
128167978
1551742995
-1166623060
-1312478415
-352398110
65063223
1390355440
1891109001
2130439945
337266055
963508979
508143035
-805150813
-1959932078
2063841731
-2113391834
-642079963
-2040105055
-1128299421
339311933
-1064956086
642713975
-1157214021
992113510
1045699110
1640842585
-112994865
319142181
-2053341574
-1128869616
1332656691
-602430087
1910952266
-27336787
1157412286
883446918
-1833083731
-1626876468
713726590
-693457037
762467299
269774365
524777707
-1597403499
-923028308
1720197664
-1804512418
-1565894196
-694457897
1914624815
321197251
-1274098899
122585880
1497378753
-1632977267
-1250052127
1649907230
1536340204
-763231766
20251468
434478309
372771883
251836472
983900273
-652614328
1174603105
-1666715978
-1546074732
532997593
-1987801827
-1940686466
1630647840
-1923413003
-1898088673
1564688818
-1223833909
1797248786
-1407806181
-1487879435
-797605897
-1768499878
1687763388
1957063709
606601819
909071741
1602119659
-794962138
476975586
-1944526398
-519359920
-986379159
1750624978
1132189792
-904589544
1824015628
-525613775
-869092085
1248928761
1965088956
1644112483
-1512710192
-197276045
-41844071
2125955351
-709552859
1426451543
-824014478
-1328188572
2037824316
196192396
-932096206
1530467118
1522972823
-416231408
-837280871
-1236213554
1292083168
-1643711683
2008749614
-614459406
-1116584710
1386338125
833848179
-840800576
1449987923
1340537888
-202397350
1381069633
-1752851077
753744444
1604499192
-420293892
1424264698
312720660
451308407
-2070193951
-929267363
-227025524
22788177
1153359209
778217874
-1642094404
133616315
1710351610
1181776501
1724309236
66480222
-898316145
-327725142
20535039
1489824588
1001800856
-1798825044
897855916
-1849808591
-466251234
-1184992218
1865267593
962765256
1560964650
1537183617
-1345697039
-1369091951
-807685273
-476903490
211927113
149413312
1601399302
191133316
-1584865658
1514433144
-1029082655
-1151713668
1665566193
413363257
-1655952669
-530639396
588557102
-2075178091
725663654
1392584258
1330207866
1561770537
-1450510755
-542976574
-80455885
-1649806389
428256243
-943289022
-1375604323
-387031296
1922784628
-1725951996
-1640211230
1426538672
-1470864468
-1096075132
-779058342
-1333168356
-1940994803
-1817104765
386664205
-616861681
521650645
765618787
-1050794891
1679937107
1462074991
1228741045
788364679
363623014
1673883674
1591523600
-1682894604
635361902
-2123206712
-2109147356
-98901589
1317670249
1069455176
1495741710
13046434
-2141354584
-1390719834
-1315751956
-2060813610
1173868157
-326361135
2107170740
1277687184
1232521523
-621322626
-1450051775
-1016859927
43175230
1469153869
940077486
-2061366129
206510003
-1693524695
-1494308633
31498952
1660763641
-1910953997
352612732
1537394102
754489281
-415443102
878254008
387509981
1029297203
-849585372
1833409010
987582178
926035561
-67785911
-582241246
1023456149
-857672416
-999766047
467898551
2003913265
-1324525140
2033454819
-23383386
76857825
1224325676
-1341813680
1637608646
-486305146
1501879039
-1815172969
1156282970
434858935
-998194314
452581691
757828847
-1686433783
-229756470
632829874
-1838947480
-1608900465
-551101872
928457360
2104376919
-1068262236
-1821383190
-101954332
373081485
-998106649
1712415681
-139927582
2007544563
-726075257
241607216
-955608383
1509971611
-917104704
-1138318589
1227611366
426297361
-111423836
367206112
-371022270
-375858953
795553054
