-569343355
1703427562
-1007079103
1352010531
-1020145046
2094979687
1065320869
-1720325170
-1661913846
477098806
-1406370824
-1321380927
2143819716
1509652741
1454849720
900351954
403857735
1044068032
-416300446
-875315491
-1550225593
-554660042
-597036981
-961228275
1592048492
123597052
-201141585
-989581991
2059099022
1636377745
-1895812598
-772570031
-1388261089
-120465214
-1304677466
-873787622
432724968
1631195471
181652853
588338103
-231390216
1953782735
-1427627232
397393801
1733545688
950398672
-1620041633
-225913576
997315587
1393104706
1037624459
-1220742637
1154622612
880711700
487117680
1193734549
236534337
-1377640417
843210599
300560041
1656152455
-1478084029
-325001052
1283435280
1157878567
-1804248113
1790643660
1076387393
-1910837040
-1196296922
-627316277
-460918608
1136466205
1817258142
-1510196509
1937991507
-1307982143
-936375381
2025053959
-1900051615
751169280
1212978748
1190891881
2106251868
1502466912
-1890343836
-510855856
-609097134
1357232800
-1713705411
406321711
628338271
988333289
1063787016
-178131725
127760245
1016352579
1037323417
-548156772
1686441311
933337673
984472561
-595417073
60120066
-1614370784
204474412
1599488809
-777899803
1213367717
1115872925
-1180757737
679202036
-878152987
-1066161353
422469092
2088980096
-27222319
1257806894
-82292397
193804170
-1458804174
1188592605
-1286542098
963613761
-1593350694
2113512682
-1479387298
1886225864
-643989476
946443431
1921779965
-427150021
1851921789
1516289979
1497345449
552170227
756734123
-1768125183
-1754673189
-2080078327
878495149
1168349871
1369546999
-2032275431
-1289186213
-1524190790
-994282780
281487688
1219976721
1492323193
1119270623
1089968263
2038393503
386977160
-852650612
-43758568
-494643069
-1393369106
-430869426
-1891879343
1971655769
-1572109950
1726675927
-1352338785
-87207022
-378847606
2140238850
1620072141
798459492
1933979044
1305118943
-12364666
625440001
1754633961
-1195848433
-22352104
-2053833717
-397776562
1300204882
-744208006
1161927750
-806935986
383240542
-769060721
1097519502
1922960325
-2034539022
-56506964
-1640602356
-1703218145
1774775337
2092150103
1337274020
2041431217
55798291
976774738
-2102658639
-1283614106
876038273
-1821807401
431587572
-1564326754
1455827488
-383119836
-817121848
-381923758
78194632
-1744924615
-448412005
-301861509
-1715864042
703042015
1935382681
-1279675212
499712055
1799677676
608086185
-1346288867
-2008095738
1968403653
-2096920676
-2081804669
-1721320615
1477301028
1290167715
-1956416579
-329404776
2070918427
-1291296510
-1829127848
1726696590
26762841
723946499
994971766
-973175933
-666326870
-1461264852
-214081550
590911369
-184721980
-1704557389
531684808
-705648106
-1548818113
1031292465
1991391924
-852515117
1498130149
1052306838
1143235608
1186834866
546459948
-1416957859
-651427806
-950586810
1044796416
594134016
-899610579
850507854
-653260860
-1491560788
2123703656
1817998738
1442257050
473390904
1854976949
-1375504142
1149607394
-2063304621
-1929517
-1184344389
2038867457
1707096829
670895550
-842724804
-1388627357
-292860872
-1281568683
914545817
906829762
1223660030
-1088666819
-579312418
1802950311
382665589
1495334405
1384052054
-1035165647
1953679457
-1874960502
-1772025315
-1274377452
203971545
268111005
-584545036
713542884
1451337277
-1738722078
-1259535788
682617747
-1977073050
-822361606
665777093
870742840
8610335
1473303780
-1177605265
281179153
-1535965740
-1595132512
-1736076047
1964664011
89815945
216701205
-39528591
-1591016192
-1109436147
117498164
758447347
1714809856
1382114670
1186511708
2134948590
42889171
-2105334353
57557248
2044080156
-1243156354
979501240
-697008506
-34264175
-720301179
110636685
2025915506
858935567
109556657
-921573693
-1268980029
41397912
-918451949
-1084063186
-1126445412
901814083
1371000136
-52591649
-2097151449
1916262227
-2047057923
-964510387
2025621174
1224512901
-1787875403
-1274281519
-97205974
709064104
2069555913
-1151460009
812333208
-1815162765
431832240
-242875822
-1454940375
-401468270
1929321344
-1585028368
414483777
-738089727
-1834620492
-1664538225
773479138
2010237085
-1504808913
1313571950
848405331
-268665096
-1647381375
131233959
893255420
-1190179220
-479334552
1390489692
-27267181
1732206450
-1611716712
1426683952
1430289021
-1949075148
-770624322
-742252551
2068450670
2069410656
-768495934
1316369075
498633042
563081534
-1183937203
1765489079
-1853581457
-1471186428
1677687690
1590427435
-2134070070
2121613928
1089086511
-129465412
2017484746
683391863
-236930626
605232010
339276827
822885029
-2058731769
1848501860
578044117
-821604572
912806898
-2097473739
-2062199588
1730975865
-2071557509
1819655869
1071676809
1922101835
-967079940
958401923
-2190455
-1867839107
1384412850
1044332809
-370298363
-1934905729
-578319495
-1412648895
1015266307
-1319601951
-1051548710
-486102208
-1505143797
1723109416
-1107869625
402858545
1417292301
1563209189
666197668
-1773058165
56738690
1740156162
-411371255
1473683846
-2028330544
448150111
-1189729082
-18399542
-1255937294
-1520076132
2041859495
677380713
-1765410728
-1859536584
1915251064
461716239
-1029935093
-650283813
1729626059
987167096
2006830100
2024430831
-170593800
372234785
123630622
1078662260
-1147670684
1654273601
-1631466150
-1129984492
-700521978
1653796858
97641634
-1194584715
501686055
-516928052
1600460512
-1587717682
-1376559000
-283731639
-909419599
-1500574276
-561395447
680228110
1764955716
116813910
496401255
-1147920911
1695518856
-1006808194
1545831110
1796868983
-1446411130
363623290
983504209
-606821496
1638160394
185283522
1085633118
-127011483
-1991709047
-1208101605
1005838581
-951865383
1611740478
1317566692
532583058
-1266366802
-1203909227
1223591343
964390442
-629179550
-101615155
-242532078
1232078699
-285557477
-1956368424
-977685825
-1544468920
447812567
-344328571
1743725778
996639412
2125630183
805826784
-1551051414
-1299048276
-1646899555
2027174872
-803033734
-207505285
1304162628
-637304286
589697249
1685124921
1986497360
-26121635
62725047
-1902713964
1887644374
1788822391
-1653612311
-611867950
-1543289283
-1648979122
-241795577
95640086
2056463926
-170693734
-848029604
-942413855
1443461865
27568393
-245622977
-1751240229
41193584
-106004309
-1925173336
1360267987
-1068444024
1230897040
98243845
1610609924
762556293
300048558
-728439986
1844724890
-580928890
1084972296
-1334077866
-390371724
-1420358422
1874450957
159064676
-541110486
-1127018750
820156989
228983298
181032528
-1051660281
1694028818
-602387180
434373116
1742529870
-1093610723
1863101739
1227916933
-491411270
-563542162
-128204005
887225997
-117118351
2089428793
-1911303734
-323575998
-582964783
-1055570251
-782253494
-1401983776
1066707365
272697927
-1110321878
-1956695175
-839748717
-1149937952
-1416129271
283756536
710516441
327623842
962715243
1388828003
-355381704
1108105161
-735768369
73644639
1084692783
412730312
-930956032
1625832185
-1391012756
490454194
-1527814997
-740160861
-1547571841
-1784948005
2042371889
-1293847941
244600272
609014975
-1907017794
-1114007597
1847589075
-807431391
511973530
-1244715283
1549261177
2146624375
-527165505
2101372422
-920292631
1134652549
-1960904534
1372386453
-1747163025
348637511
2017408885
130267860
-1119219532
1859579411
1496543525
1537330559
2135853103
-2071643137
-1033929407
2012563931
-1815087397
1475536511
290262179
-1245483527
481295658
-1963159726
-971578991
234975547
-1669956551
-1547617121
751236367
228843799
719596868
1510935898
48307566
-876575206
1288879195
-1883484180
1457064488
242947376
-1225827754
-30875885
-70539025
-1472909022
-96994811
-1333925626
-1329510397
385777759
586329260
-1023376164
960432579
-1932928258
-497430099
-433210835
-1572635257
-71772925
397348231
110943993
1681093036
1327442144
-770556929
-1827704888
-319204625
603178559
10015131
-421280237
-555045634
-1568831234
2096455767
-1030598430
1311547468
1533402235
1707488147
-1137495114
-393649884
-1942237424
-2086848694
-1719373912
-130673663
118905313
-700277111
1640430289
-366372068
1051517140
970390813
441149932
-1852167867
136916704
479250574
-487780294
88124918
1583772299
2031907916
38058405
895381156
2072313517
644193576
1112171304
1550999896
-1645030535
788723717
1202689389
626072702
-1316670531
1608906702
-1229830729
-651464707
1279249000
-494248278
-1983749886
2084371335
757736525
1106325102
-414030489
1637701169
-363036122
511028307
-1764905531
860068677
913917658
2051173352
1731548061
-1946849193
492340738
-1978165942
110021438
987224214
-1879083351
1668471441
-295854559
-588682909
1498795603
2101137549
-921442410
1024635943
732383296
2049351345
-1795459169
-1997342367
1931468017
119421519
1960034331
-597919491
1330998763
468623621
-1551962074
-2133527572
-572921414
-1283144073
282780095
-425446672
1979526200
598288701
1619574188
1262724791
-1164566770
-729201889
305166746
44004651
1579081339
-429176705
-1543793529
-825587704
132638292
-1164317930
1171567972
-775130962
585272139
-1422060574
-592441355
-1203161800
801326195
263178335
1794814972
1597004492
-247428861
-147673356
-1534252395
-1683898060
-365214119
2111694512
1398801891
-133422163
-420859326
-290707915
-184072468
1165120255
-336495240
-458992140
2044968385
956398797
-320558485
-1681516134
-1941452830
-168553426
524848196
-1548682039
566169823
794963835
-335039962
558184203
427768130
1717137258
934003382
-319276285
989956012
-341589157
-1915581475
-1064925979
1428424765
-1958371598
1182649036
-1555080153
2066923065
-953060123
-666308544
540966008
1075825639
3640086
-1719638777
99801585
1396421820
-317293596
1472860865
1896936585
1663901113
-385746755
-1832438549
1285713614
-1376145391
1782227447
907261465
-464790574
233308686
-542439456
1518837122
1664940130
-1390630348
657139987
-1847373631
1749992318
1129504934
911016460
1129819610
654715396
-332180792
-1297481217
-1494793862
-982959699
936512805
1842510052
2041453954
-486535363
738631571
-1317186858
-638446650
87684086
48226197
1135064221
531978513
1275223629
-1431900929
490294665
-1985883028
-2049390112
1828412640
565932673
1187225247
-394683738
-691229029
956192347
-1746045448
961904487
-1869385897
224981869
1342843466
-1560803473
2137960345
1214610019
-45464264
1498767230
1525722926
1797610066
508392115
1107454466
447734605
-1575668211
1515941312
1171891847
-664814851
235559607
716731774
-1564304274
1099351476
-1397191783
1767738983
1568193756
-1658970048
328742709
-14871594
-544608267
130042858
-1303221861
1690328520
1553219914
-1966353448
-45543430
-801931546
-28483697
1782604979
992436601
-190816574
945152913
-1469891959
1389330759
-223693727
1585812070
-1482553101
-826823184
-116218631
2038238949
-1057373830
-652570126
-1373893894
-518214056
-107422666
-1903982192
-1821071022
-767073168
63637176
326693349
-2127311123
-1336673671
-810132183
462673211
624045691
167642574
-296709710
1433766045
1117843061
-1597288050
1584703006
-1660875094
-1766640288
1609674639
1600658366
625431467
-1432504749
1611949202
262716813
-1963813144
493093303
921674680
-792041325
267294007
-1188848050
142331189
599684749
382748885
-469160330
830039106
1515499213
1499026040
488383917
1022488664
-1654660769
-1499439196
1825690199
-431407718
1357287533
606675517
958447551
-1556238190
1667910628
-557077155
1088009307
-68312801
148284246
-973845657
-1566846893
1843589294
1599263265
583147868
-2062708668
-914010200
-2109765167
-31706260
6076480
-1436096981
1079803586
1245290192
1487104793
-1847176197
-1951950070
-1366090538
-34541089
870071226
1984035733
-2046745795
1972959142
230280535
902110096
-2027211326
-1588314741
2095121348
-399191541
346176762
1743391481
1079413227
1231095257
-850856350
-1328947672
-545752350
-413910086
1951060404
-730783514
-2107346596
-828742980
185782139
-17767014
-999646621
-570588451
884552937
-1264324476
1150467907
-1693699595
-92788504
1667600713
-1089242423
1201140434
1764003438
547229870
1273695661
1251467940
1906946069
-561924445
-1379105204
-1900128101
-10776342
1026272388
277557145
-53060658
1876752004
-418496614
173636437
-1981279394
-292323240
667305959
1993333630
-1351510821
-1435148212
687322914
-654098684
1895019749
1168214153
1186305024
1379542466
334020118
602694293
207087029
273317803
1345663519
-1650957408
935744441
10079044
1300298032
1729303069
879132111
-430168239
803840925
1527009428
-1270263742
-213496877
442802622
-91815498
-970794895
749837873
1630705174
1967086001
625761678
728814772
-1993136714
-2123075387
-1362574942
-981017288
-1543836957
815262487
1329557203
-2049377504
-2105315850
-939537979
1382175977
1242583178
593971331
1430501690
1886894862
829310659
471520957
-1427083070
50915797
731548157
-1733027047
-229050528
1782772093
-743928769
-505759696
1668735455
1638338677
-184695908
1050879209
-1454907866
276594211
-1398728793
-22642986
1093148624
1364041184
-720424411
-1579508002
-745635332
-2015961529
-2076793084
1975800861
1166570080
1986906287
1174022028
-992483065
-1851721308
-1354038027
1220949203
1803179731
1707046125
1401574782
2024473974
-2141730026
-146811721
-312488069
256021125
-773168211
1884255463
-181283986
649461695
-2091498272
381084192
1580960237
-1816866050
-1385271869
-1242947500
-950802266
-1872515340
-670568737
-1581365602
1269924771
1886356759
-1980274926
-1648589745
-1639731507
-1211272486
1567550131
871883590
213758902
25083421
-1456424711
1053580165
905518994
1563665637
929915804
541264895
-434082426
1360983119
-412463940
-247419722
1784910117
-604529983
-780689662
-949973499
1242309942
2034542947
1401627653
-1951418054
870269627
-891062067
-1303929618
329320039
-518568914
-1652628223
-57769634
-1446233223
52427021
766104731
154421390
-1298691959
451153305
-4292793
-2058510153
-351537806
1881320153
415704946
-1878116171
185242787
-1590652187
-1177797821
-1516765210
-1860071627
1341668704
-466677556
379846744
-1164091841
-331302843
1417130364
-572770526
1197720937
763056359
1819240664
-816836846
-1679072577
1674856754
-859239830
1222861192
628877255
-784130762
1832067833
1043472801
-217034796
-333767450
-1765832455
-1520364137
821405596
-43688420
-1286668219
2130068070
1674983944
2052672223
-731454197
1733946803
-1165347253
-1042722840
-1077800442
1867209193
-1039916234
1361932130
1196258803
-542990171
-180309047
-695354383
2018774077
778784595
-1585000180
-794099722
2040868090
1308207641
247328031
948180240
-1380227046
1280751859
-915541104
1522184165
999907293
8225566
-513971476
-545086431
-1837803899
-173663046
1375181720
-1468865346
-660380851
2038524586
300797921
-1037056890
-1195801959
1662173374
1126433104
291125974
1474819438
-217924076
204113731
-2035797853
-785144797
-703001669
-24405320
-1312417342
-1310230440
2101404056
-632503444
769810019
795664935
1985377677
-1670282716
298277086
621477017
1681504471
1162726473
-1066341454
202311004
1971652535
-1454625606
-363400247
-1177019470
2114760532
78945757
-2089411840
-1737786709
-97096225
1581150455
-357249305
-1764384107
-2105126664
101242557
-2066063420
972039603
1940952655
-2076517077
-332756002
-76870610
-1839828338
-45812077
1578629879
-1351351480
596501110
-1362403848
-693866983
-1740321833
-1565332920
-2132677476
-449992811
1971690480
-603789467
1622619351
-1798156472
-2096666655
-1737959368
-313133527
596268832
2049263205
736869971
-100581741
-624778274
844850194
2073984728
757124386
1392770588
328546837
1946346778
66619851
774475666
-962855902
1405594499
1270818430
-785682284
959017381
-1427919177
-1923793548
-1815737890
1655877181
-376525063
1797226700
-242266476
809590122
-407223347
-845426859
-2120805757
2146014596
-491526689
1282556589
1472200876
987063790
633549603
876645002
970126851
-155282293
1780863292
510601559
170312820
1480736369
352096801
1564829186
2127733286
-301903907
-590102786
-1402337516
-1090402046
-734263451
917155159
575417089
-1537013130
12974195
-1040383373
1523634625
-48800907
856899825
-158185225
609676190
1596890306
-1292442047
-1409368880
-1762852529
-1980619922
95784304
-334859946
-1213150906
1462814111
-1148255574
2095199662
-2130559418
1203269522
1393837039
-263726225
280562487
1852146914
-1027144954
-265436281
-1591451587
351310345
-1881484622
1099158879
-309689082
-517533145
-239111389
968508477
1751039075
2026130690
-1868631633
2095105770
-1111929574
-504655539
410095553
-7395948
419873785
-426422483
2113185041
-751943179
1990247214
374658808
1039200533
-217645645
1918104278
737460287
-1794109514
2129568522
-671357229
1740913934
642254151
-742476888
613879266
743431538
1793004978
742408663
-507380245
-303790277
-1200006412
-1257162783
-1532317285
1709417986
2059718346
-1249103441
-1585345744
1440470893
913292204
-182334285
1853304979
-607545423
