-1198862175
-810538081
-1436651476
835287793
1645561829
1735642721
15184451
1152505201
1921818400
-907401931
358065833
803839717
393749681
329066342
-1829193867
-511335856
1466550285
-963400465
-2064375772
1618070096
-159559762
-1276862623
-770009427
-13035869
-1983874485
-2133732087
1197863378
2115560942
1180663624
-619513263
163471544
1079547833
1194631791
1469787494
-1390213191
283822782
-2112827680
-1901449189
1358894713
1458420578
285109574
-375106548
745646903
-806058365
-635508405
-1053129466
-1428154523
-1269083020
-975791539
2132678054
781146489
-1652248507
1308754769
-65916353
1836769285
788434759
757767735
-202957311
560720389
-1234055986
-1319066065
856268374
11933815
187113016
-960326293
-955041649
238224689
-1994865874
957499926
-1821497921
-1101008146
892892713
759367300
-286646041
35515049
-855285448
451592362
2102227795
1590024750
-1559880961
-46893873
314565443
206014445
-529076222
1654157187
-1130141492
-433885168
-1027802077
-42286384
-699872000
1887231696
624089193
1562335919
-2043898036
2021841924
-1779703550
963011773
-196416223
-196887558
307713931
-474284242
-1310767145
-756520566
-1753422451
-674667775
13575373
-661537433
-182434998
1580268917
726471636
1776514744
-743307590
-1111872325
-852244531
669886695
-422584624
-1948347412
-1771106928
1457435319
-1451835647
1995323964
-1832727281
2113213084
1378729734
34269552
-1247905605
1321839686
-2070367521
1893105549
984452901
1384141694
2135801627
-716691503
867963624
-705318858
-2135331498
1357360871
1418730695
534695898
9504003
317548117
331869201
-968886292
1292577899
297290552
-1898047156
1894092239
-2012015115
-2030869453
762040082
98772962
-651510361
-1646359899
-824496843
13245392
-1594557716
-910290151
-868599255
-24502747
1269328535
-759691006
1476462243
-1677474011
70808872
-1197674073
-1113331843
-42069800
-2095975091
814041692
-856364580
1588404841
-987938134
1259091442
-672799340
654965936
-359684900
8588656
913232330
1109384205
1563587259
771803138
1249001434
275604343
-1150918177
1693150769
-1498144645
-1463491372
-1265776027
-1379333036
-694864095
1693997706
-588193037
-1710696379
-2105024606
-1135417771
-1629800200
1045200472
1700334108
875227483
1960962360
-1429943927
-223178475
-718467
-365536121
1622416116
1307200994
-1477330961
-505312044
-27499383
-2088530099
1830030602
151000681
-1127900417
100587121
-346419872
1255643504
1881461513
-2115109399
-826561520
-1809698888
58424775
-469684439
-78176676
628423353
361330815
941836843
-724151176
1601375701
-1750867060
285385549
-193811548
382613728
1907225749
-976405639
-2051461764
-1641318686
143669250
-961161594
830664846
1494811931
-1721895508
-230059043
1236954669
-1583323578
572501203
2079583583
952099204
1641993761
-1254827180
25772166
-909376531
280162605
-1263631333
-1332853302
97630851
-600402766
1663510741
1182079557
1062504693
313015046
1051994858
-1620131943
-1196237411
718755853
-1277704278
-403032559
-1597994288
-866420221
1360667590
1011389702
310313335
-1911147912
-480044543
270517635
1267081438
-1157887076
-560611034
-2007252181
1921626060
-1172238916
2022300988
-2033678501
1771360978
-339109620
-1517375496
2014118539
928388072
570988454
677764210
-1946040327
1433128757
-864007214
-1956883941
1498697608
-2142627539
2087403144
-1206750482
-1610485276
-1387236895
1416041010
249817318
-381418774
1312217489
248724917
418569903
-919032249
-1688266106
-1842220110
-270430304
220887646
-368026594
488225288
662725351
-753756817
359682856
1059747229
-949615099
1913671924
1248764785
1918955102
-943048067
-229478578
2097956511
-732950653
-1789703481
731195297
-374207428
1500997655
-1777247605
908198907
350652181
-1033719881
904005131
-915604037
535100357
-2101980263
86639840
792493104
916202636
-636923952
1232716776
1090525568
-1665868188
1168955597
-1886573954
1087656395
279843670
-1517905624
1483079404
1995407503
253523465
1697286048
-1824285155
555143245
-101588325
1907202400
-483263850
713031788
1637447859
-59059068
-1944775001
695149918
351453910
134776538
-1615499811
-2094151935
856129274
-2065455892
-1566244422
954925383
318561368
-1469868738
1511783847
-2031449320
1568293510
-222762029
-228121047
358795126
1674376644
-1540498954
-797866157
1304970466
1840327829
-1047046602
2073433723
1783058174
69102225
442646705
1719483184
-569215373
-419548039
1738016661
1905619818
-1103678700
1787916684
-1226141725
-1091205373
974652483
280628760
261056118
2036989542
-88231021
-945573037
78544196
509005957
1327996334
-744511381
-1431766814
1999731728
1809655161
-357224230
-708783539
-85524509
595637621
-559350785
1643270374
-1127979329
1866920808
-1554810390
-2124635970
1152375356
-683996613
-465098377
816253204
-957648642
1700998694
1665479581
1000638235
-1082512345
-899236087
1108338695
-128986881
970119180
-662065891
990899940
-1755970262
1075037226
-2132343861
-835042309
-1341748798
2024113754
957267675
133320449
1440931958
-1117110972
-1429647919
-679170770
1752265338
125437457
-16422509
-812875763
111319247
-314271388
236658767
-1654762093
-1102617401
-503626870
2094611355
-760152717
-1710363448
-1817859089
-310352675
-1485971536
-43048624
343351251
807513068
-703092621
-97096136
-1021225922
-317959177
1825529118
-1492407236
809292593
-397342043
2095918752
-303290694
195987485
1696525694
-1398563574
1158134201
-1485496424
-1390345848
1450754146
138628140
-54514098
-1991704267
-1295332681
1978804856
-1210166475
-388062084
1834096501
711722292
1856948484
-948385979
-2065409030
-465725393
1326848741
-50851319
-1142829720
705576374
-1094913944
1240533177
-1662103619
1815409174
1046160571
292398047
-416939488
-2103735457
-2009031400
-1798514685
1746779260
204941675
653300350
-1576489137
99963474
-1807146466
1824211619
-837691019
969584331
1527508462
-1014154200
108647888
138026508
-677128027
736803342
1569921993
-1014409267
677608037
-1769946520
-188684932
-2032132308
-1729086228
-1541604270
942047386
1825213374
-1680641767
-1887932127
-947893872
1651396583
1120450735
1381018843
1475261672
362647659
-1629304745
-284298775
605948656
-1685642940
-72628757
-1863551990
-1715750504
-378717259
-1627994383
-1987457397
1993629856
1036583327
1584149349
588720565
1975778290
-405642734
-1137504070
-1920744571
-1659645876
180957991
1639282979
-1845833822
-801636831
-1294625524
1251918606
508224139
14212801
-803016097
387325168
-2139333617
1819447223
54145472
589340999
1698661634
1507283057
-120263520
-968743204
1630688301
1674024486
-592658593
-1574678199
948506246
1134361076
-144243050
226469306
-375114080
1597203783
1022270896
1509599223
416382820
-636608383
-1684901185
477053857
891074049
963422167
-1973877876
1866925499
317773600
-1747096967
1130764272
-761075092
-929512612
488298485
2001816929
1309393666
95569649
-991862819
488720335
-2018215878
-1868732238
691226534
1770560432
-433607490
-417516480
-597067053
1547617625
-2033286162
-2130807944
599701842
-1256144496
-430534430
-403961043
1978976293
1500126046
-740740689
-1243615465
-913733564
621839144
2097601258
-1088757494
1693194177
307839744
-1531111574
-730042518
-679452371
1533092920
-23707568
-88611107
-163463878
1673828920
359543115
-243651773
12290721
-1927330159
1892121880
-295719966
1830346821
-1527305647
28370504
1910040293
-1569014376
-15132520
1669537861
-1156632569
567696701
28393067
-1681187690
851619467
764644847
1908659143
-1355454367
-147470737
-247646816
207047161
1267949105
-1010212640
-350985499
1541573420
-1453641735
-1322203152
-75984752
-2019090621
-1651503783
-1503983226
-132251746
1825065449
537913887
-509930091
221596499
1416459749
-1910986481
1417087887
322280355
1347387826
-173101337
-434476260
1865226708
-990527154
1219174813
1206787079
462523232
400607570
-2049419286
1217692024
1120220959
1429100354
-2014888693
1521945704
-249399131
-48043226
359705798
-369753776
77768168
-340072871
518130602
-1608358621
-1168430298
1814971296
1868865435
-1560984193
1213595909
1433353342
-658281331
1173803038
1928913147
1683845061
2018220431
-1870991982
1115741168
-1578345104
-941645301
599806769
223229728
1209355184
-214575284
-1936048051
1092006726
1700391236
1371469375
1574722216
1574085110
622739725
-365308547
-935109082
-1013224118
-1468673311
-1044025464
-385051708
2130212289
1483269534
764595540
353977288
2139187811
2104780418
-261319415
-895838406
1502314279
827845050
610418951
840277138
1057564057
-982867912
-1723776214
-1470733390
-2078659657
-504801591
-1167681458
1491363094
860120348
-1354968474
1310167061
-1694914487
-1171570080
-1705435703
-1908880153
1562467738
69139133
-565470141
-1842954182
1018814223
-1035850762
672593356
-1545394413
-371110758
-1550904205
-195481509
-1946203445
-1659684982
-1208759376
-785806728
-941422058
-852422332
-1420878632
1868622606
-376639935
437670194
1435363244
1851325061
2129121466
-864778758
-691852374
1767586064
93770965
516081139
118694250
-138762685
-689915444
802108116
-51640758
-853029401
443533576
1832420526
1183678029
-797422063
-1372855138
234934299
-930500544
18360945
1372092955
-355861577
-425954
535593191
234380676
1700763855
1322224565
-590056613
-841625448
-617016488
-2125738616
1869503181
86850135
970616098
-1890842121
-40593494
1547522759
396949581
-917280099
-1788439710
157796085
1127007483
-639243271
820496182
1601804601
353285703
-562396849
-1350050730
1138934206
833516149
303108816
-1148962518
-1616325823
2099946089
883407352
-1891332113
1482205209
862532701
-929243081
-1227275642
536304502
-1269525042
264381395
-2065977464
607326957
777918647
800990988
-1654801251
-904373197
-442173439
1050258816
-426298866
-1399250136
405057337
-13194288
1658108823
-1115782121
373594499
-2143933052
185967234
-231801284
-296875058
2025600299
587371760
1413925510
1340956232
1674508998
-1363603847
-1449633123
372611348
-553571225
-2037631497
2080850981
702920762
2045580564
-443202401
-401597372
1445575391
-603927056
2063256144
-722204830
-687803979
997842332
-864591057
-1415118545
756433076
-2056197670
-1071795597
638329065
1718503433
565993331
618706557
-956604962
152741966
-394578853
440715819
423663664
341890556
143075346
-384899220
544991704
-1061801955
1210066508
-1374879977
-557349908
1591365189
437825491
-1368688136
1703386148
-1116489278
-2082116180
666449708
1259155098
304252434
846221944
1576836014
1241290704
2050981013
1857154589
-716077263
1056262903
-1481257085
-568731739
1672561199
755509358
1389398047
939086181
-939345599
-1369556856
565453868
-693007519
-157115983
-2075537774
617617056
1805199343
1719149389
1696094227
68886423
631432857
-2052799619
-1097114539
-290934902
1997117767
-1758868072
-1094488028
743754176
-471611491
-1530862478
1745887701
1797724675
348365986
-824645319
-498851447
249901463
-475120991
292717441
956115379
-1537794200
2029973843
-592144740
-1245484073
1379981185
1870320190
-2067646417
1646036371
-1689903675
-1658245289
1122040833
-1402322461
-719984680
-1346531346
328706326
-669144417
1838508637
-1850144822
1197124604
-1018483127
-309181082
925326483
-824386972
-1724588539
-720993240
1346280816
-1368368141
2133592040
376464366
-1418850064
776784986
-411324044
2020283984
567516461
1028450979
-2128497053
1305801380
2128416302
-1845007922
993300387
1218628275
1347214989
-1202997604
1412433570
558323375
892364377
-800799063
1078155467
261155940
-2100325315
236012736
1784647503
-1051789906
-1132686111
1438756458
-1972564184
1781783082
-659813232
-979224888
-604265126
2122272816
-115030246
-658537822
-869231749
-1572321024
-1885339141
-1829596737
1609195638
-1057166278
-1037978436
-5150346
1145729419
1059214995
-991790183
715609221
542158745
-490401850
823855203
-1510945760
-969556833
-1331270713
-1432666713
184835661
-2097906304
1413630782
1477793808
-1710021266
977009669
713813811
1571277321
-180312801
-1190206168
435672069
615951782
-893706174
-1310316657
-1588344928
1641017540
1069202519
-293570986
21868270
2003017582
-671152624
903918609
-576934259
-1395920766
-20468956
1016695312
-507008317
985069715
-390169245
1118089188
-977317202
314451729
1058411274
417900322
-550425921
-1776946777
1954650200
-2122846362
1356614249
-654159388
836740704
-725551461
-393756396
744683804
1807430432
-1416214152
298178135
779378320
946007763
-429209523
-1632724633
-1240396852
-913792381
-1382685697
-345017399
1251003216
828335073
556803920
1697952591
739876210
591966808
291016803
1271742273
-15689854
1217253727
-1246265729
-1632113447
664211759
1000600590
1830565906
1028466420
-1713191896
-850457100
-799126279
-38871801
268812806
-136291033
377247998
-1168904881
262497384
1124794779
-276436319
1638104652
812489567
1469724087
-1602842085
-244843665
-1996472820
-218498011
-1744544609
-265770735
-772390520
943478505
-1144766494
-1812724825
-1753023997
-1001235531
-500483619
-132882892
145213999
-1093551750
-384096047
-590646274
-1998002978
85230402
1981194123
-1261903484
-178649879
1007309884
220674537
-1227179858
-1981530284
451879192
-231328356
915842118
-569093201
1066224277
1582256943
1336757927
-1949098306
-923417257
1665286983
-1937702989
-1537207460
1492282109
1419191339
1823712777
721411484
-735852429
1762579334
-890257545
-816868304
-1241711228
1009784940
225629358
625941518
1441104306
-537990758
-1307083724
-1791253936
1727128137
-880061439
1074272414
1266503771
-115225167
1788462469
-2044541443
259628611
-1826422780
-1510031359
-1867896168
961406830
-1283595040
79968398
577117915
143402358
1359610493
72296197
672293008
-1957825197
1238729217
-622851647
1881720140
-1550824775
646736146
-726572631
2146934827
-1156811329
337729709
-5019027
818695871
1911119553
1866655029
-2079026418
-1878711996
1156193414
38132687
1018854052
2052919833
1785546916
131991788
1254585691
2029453419
1021490722
-662416346
646241726
1557488179
-1684836769
-1493023408
1187690039
-20536991
32643123
-142063929
-763273514
-442656679
1617440083
1026898190
-429759663
-1777278562
1375117818
-917820518
132752715
504557260
1447486148
-1900654871
632841945
1679825611
-1707914020
424178648
-1983907519
-1323357375
1335657561
-77812682
-358476796
1413739848
47402213
867950739
605100062
-1691674271
104122527
299134814
1507509131
1348536999
1578189122
-1528551122
2062293261
-1493838521
1574166406
483737183
1497727020
-1109239761
-706480954
-695995935
901931390
-2128943611
-1642153246
1378624844
-1828207832
-1686732454
-313348506
-1759833546
102869412
-615438305
689170155
-1397570360
898580675
-12393897
752030141
-879613041
888803573
1873577997
-644418883
-1014116209
1557447880
1081504393
-1689088119
693276573
-706592082
-1284731714
1674602713
575462894
-1989271805
-899254523
-137533908
-603687190
2081139277
-1339969008
-949725277
-1094352314
-901701692
1923024152
-2120928725
1735231313
1356380181
-919366823
566323682
717472141
1172939874
781276351
-5697869
-349590912
-1203292787
722593249
-183857342
149540044
-1591430218
818537262
-1581169137
725103741
1134602753
1083851621
1180513493
492376226
1473424028
-925342390
1206948403
1704417822
-1893544192
-763575146
-864678514
201233343
2120382582
-598504914
-1208160972
174585743
-879618852
1672047512
-973706555
2006754666
-1984435288
1923255722
1238495694
-514611504
552089389
-183476604
-187947850
-1108616196
-1411445219
-1737057601
-1632711715
70198837
-879697586
-1707150874
-1434578175
-26385565
203329984
-753009116
150059236
1544752868
-773430561
799245119
-950069973
1925749664
-1589949180
1998268612
1688410249
-77276326
1944089665
310518660
216640284
1624115017
-1124153507
2024374846
1126305046
-997573145
52890397
-236711523
700849568
393841160
1750259141
-1206252700
1989454842
1245759277
-1510261027
-1358166809
1950168806
2039346969
-2021374152
1597100220
1006485062
-1143743323
-1549255374
-885438541
1578732292
-1851527216
1585357112
-1611387646
2098860337
-55902438
1030639244
264479172
1262047344
-1933176303
1964174409
142793636
-446212459
-1142267605
-1021711707
-187034923
-1705850744
1106540246
194744438
-1426203835
-805923473
2116013517
-2034705161
-898736879
1571633164
506036397
1217348043
-1953685446
1709976162
271965895
-1893762751
-837328999
2010148766
-440796617
131398872
570300176
-1613801419
-936934603
1831854086
670318850
-1905466295
1026196650
-1125444812
1067382532
1040934993
1294849542
1679119117
1071278548
-1946265609
1423201872
691226616
1430381705
927226692
1583498366
686135778
-78098676
921375226
1676888326
-1074398144
-393092154
-1923012288
873399476
-631605676
1012337818
-1155422332
-654886722
1911450542
52665109
-194145636
-1524114411
1972709621
1734660068
-512273362
1177727485
1114765543
-1997806202
951418962
799356383
-115472995
-806219199
373875317
457240670
2021952019
-1358547622
-608439168
1606125991
-1684924441
-1475632257
1327506488
750595341
1986786657
1056229000
-235959577
-685174316
-139405389
2019263582
1432353596
-450544308
1117027713
-305880773
-448886417
1662243361
-742658654
880447763
-96931416
-1157529359
-1797759448
-775984047
1659666593
607251999
911935389
-1227031610
1047028361
833364198
-881039216
-325775394
1699445803
-902410320
-814367409
-823945452
-2038156721
995204520
-2089570315
-752408665
-63257760
1220255118
1471513766
316403853
-1965746354
1275375049
-1346615783
-1218427480
831334837
958890434
1839314518
1459174199
-805211586
-822121361
-202963008
2076247182
683208517
1379942445
-1551392170
26216969
470464188
-127150126
-1239647947
59566654
1668493646
-76636926
-442452896
1948179057
-1990237241
525180865
-718228796
-1514071476
-417797454
115741514
472426613
1743613647
-1878815677
-462994402
798514493
-2076256123
-653818761
187521887
-246034600
1816983800
-1693323399
1815380829
810598008
-1949050010
172422728
-1446952591
-278568178
-1413278541
-2028494443
-615245559
1728894411
218787490
-718833935
1305201668
-1087509660
-1129737665
-1274264537
368757824
-918976363
820733343
-1581990682
-1825983888
736735849
-1995632436
736677539
2085211698
-1716855113
136044025
1612762813
-1825037472
-1255454481
1221880061
-1122048287
-22910811
486821654
-1778331138
1250452399
-903554221
-466740466
544925548
-831338083
1850801268
825105435
80902961
1236456475
616205086
1307907234
904353574
536462072
1613320203
-1771454414
583632072
1789893124
199462505
669603272
-198583253
-1556138251
1341009389
953641550
1674579502
-311205490
-262344147
-1729431707
-970285585
315767293
-190950609
293505636
-429884031
-1764316796
-296498372
2097536927
-946650660
-138561188
-553603590
1177251307
1702634005
446165973
-1645814599
641508961
-897763890
1504523201
-1928729588
129231970
-1797019921
-1539078637
180784796
-1055159844
-1750152555
1824522690
368400696
1316299722
536565066
-1071465998
443364399
1745187585
2121342583
776810070
1948978657
-48478936
1728390934
664067535
1571398291
-1670575609
541644715
135913305
994930051
571240709
563784052
1047766311
1735792444
-781460757
-467947810
1069829643
973600043
133407726
1083223867
1634019611
1213558385
-278296085
-1551054414
778391441
544823801
-2040483084
-995175562
2134735091
-1162827315
1019549706
-191240901
-89494157
-984418395
-1955833812
-1025192988
-640566633
-504445247
-474859632
-389853056
-706048484
218599160
667373359
2045217655
887020312
994108687
1639755911
977843968
-1963512482
-945597362
2126479772
811611349
736481061
-2074297008
-1985751745
-1488667862
-2085870357
321343003
-603044974
-1911104294
-501259370
-375429264
1686111946
-1447993117
1216349405
-243137693
-645816266
1170414868
-1041654299
-1034784467
727992705
-761313276
-476644306
-897615297
-288180685
812414534
-1957647184
2131575963
-957486723
-836127014
2132431169
-2092267937
-29678539
1854178022
-2087360455
862772898
-1099682018
2096198821
215378520
-1369872509
1889240429
-1104873058
835936998
1369167230
1154098056
-1624738791
-1017027045
400537601
1011154448
-115638322
-1222080063
-1016811713
482632993
1148734943
-1018412009
-1675646141
-1044916264
-1733473272
2063619320
-1983346617
1677003797
-1823634667
1159765308
-969630651
-1041682815
809277587
-1771796386
1901332942
-296771886
-2125348918
1194126431
791735323
-773739443
188343786
594904041
917287009
-1046014324
-971082365
-798923082
-156684183
-1748543871
2114653498
1483482162
-1408212385
1815606202
-1468865095
-2084608929
-150556183
-844863002
80880359
533148408
230774395
1706058391
1165395033
1847417049
-1992606999
2122139465
-29480697
-1316591715
-1197979075
1718120354
-1731044798
-1371448440
-995084854
847736827
-1412460059
-1953171545
-482932607
-1531163618
-609538102
-711704523
696982402
-946630063
607818368
163952448
-812302346
884646547
-943290566
-1511047284
-1935592933
-2097371611
265372937
-939341385
669100447
1519975243
-345741491
524693405
-306930894
-2102519469
1512020841
-342695427
-554598570
2090873046
-2120747595
-1506784164
-1714113927
320015421
2133008824
1788220201
-105364924
-2055015290
841539990
1787924513
-1661223883
-1744789944
-1110929209
1797009653
478269803
-196058380
-1287152119
468098089
256107456
-1494398371
1150890135
-579420098
-1813458916
-1955288967
-2036437861
1727344915
994937352
-1459137688
1623329504
-2019002489
-691839871
-1938180682
-225888309
-1360840861
-189733874
-604225315
-757142133
-770420873
729814548
-1300626419
-411157105
-235513854
-1231754903
-796693714
-1338819272
-942791850
816673830
-1451791835
-1192130096
-797039428
1271239360
-1778542506
-1573218375
-416357996
-2052756391
-1794637719
1883062505
984273088
-756848557
-1698977711
-373602667
-1852945341
-1248368346
1426789770
123255340
1616017700
-360292237
-390180447
1170506118
591677848
-731213735
-1688718599
141060701
468122975
-1301410298
-822022709
-1035828997
-11287442
-231581297
-1852165778
-428827083
941516749
404299524
933320152
2098356375
610344130
-1490062145
-1027056284
-491453216
-1643125201
-1772213508
-478753067
-1547710032
852895800
2140602542
938453914
2039417471
-1345891800
685756816
-2081814957
1196858833
643154581
-73789063
1010695571
549782183
-779007551
-1250547468
874520295
653392184
1726017090
761759503
142702103
-1733549343
1786894309
-1763214221
583716011
1022600537
1078953168
-1138609227
-1433543248
815746344
1928834278
1166695146
1445953979
-1374887079
1090418542
939872896
-650504402
647277166
-31594762
1403712843
1412934329
-1266469229
2060820341
959532510
166175779
-1193536233
162425519
349031708
547093322
1163589399
604446429
-1210395122
147208552
-1739566213
1165413260
1344910069
1937558167
2018620454
-1624616763
1775650723
-1991941226
679813736
1919009901
1341330694
1123647437
785540791
-2070656529
-1229364731
-1603912818
1656491935
1862746135
2018680206
-1164374371
290288630
-519050943
17649135
-555799822
1068115027
100987314
1377902949
-2087353411
-1113686081
-2141751227
-1739918350
-851197783
1129865133
413236553
-1631396237
-782458524
-328593625
-1007559767
-1533304079
-526215841
631832906
-830721971
-1682175434
-36205614
1721563892
961893312
-1030224221
-1706344446
-1723096133
155929107
366522433
-1588886074
-545803744
-596521728
-763400683
1773034054
-500553981
2045432913
1291968695
-102384378
718228570
-1241202558
-1281269211
327783714
1134062365
1514015653
-216387884
658777819
-764515196
1331209349
1106480136
-707666607
1305533044
-39495666
-1048871068
915238034
-1061162186
1196551404
-250745916
1007521747
-1182284695
537580913
972040010
1005185020
-1842511558
787192763
-855155017
-1676624279
-811628591
432499733
692148731
-1099976722
568052238
-1249549923
2129425934
2135786524
1380420980
-454919897
1790240768
-1949059902
296662629
396709473
801807695
-785749578
2081428111
778962743
1024740728
-1586369323
1623152294
-1257303687
-896954160
-2028938681
-256064685
-2063493447
857149587
947818759
-1632787093
-1387083143
705504317
-1692031070
1793074532
328562310
1783263256
728918334
-310896124
1681222046
911825174
-1629643043
-2004233638
1044425816
1020289504
-620484381
-826078478
-644571067
-793590482
-555733803
1485931075
-459575983
328196440
1900075875
-1397104532
-760716945
-1275770579
233444007
826861087
63448693
1471188483
-510304081
703862493
-322702781
463148815
-1331549640
-392277405
-261810901
-1015309834
1289419196
-2029514397
-738686324
422447267
278018735
-1124451977
1726508992
2080114779
-2135366396
-675955630
37455159
-48413170
1354095861
492926520
1059659236
1844984814
569182980
1423114159
-1645076265
489765957
1515286588
111568502
-1508507350
1646187907
-1320305988
-748420682
1225052193
-1877482602
-1123869067
-625814153
1591594380
494985854
60192306
1284061525
-203679120
717444640
1228927192
1848948339
-1291226650
-1397531815
-195965201
1831686318
300485698
697611862
548336736
-2009616619
1732972662
-1456344542
343036544
1469896601
-543475784
1955423615
873754188
913666560
1090750307
-505597702
-714307850
477218335
-1008319206
1526762041
-1430314848
677833032
1723894067
1353574551
971241318
-209924352
968430417
-125901070
2074713762
-1168101131
741688658
-1325928765
1698517098
-392789458
403204204
838271086
-1799245475
2034327940
-1469079406
1523985626
2074578079
-2088616112
-2125516260
1598264388
1225247777
-1366939035
-884212314
1100611152
611201317
-313722816
1034311223
1117937505
1652068609
-205636482
-2056677979
341303081
-1465476574
953271181
-992603336
-456313725
552756563
-474446682
-64921458
-1997837697
411719487
-1085391110
-939331395
1236230846
-1551296972
-1091881429
-1321103938
-888362752
437295145
-181353987
-1663549432
-1225692165
-1241936638
1071818061
-57701253
-498028690
60336401
-1232445375
-2041435009
1926564724
-1070623776
-339676736
861054061
-1557164771
-1380483283
-842089436
2039045165
1998294074
-1576031691
-501710546
1617501727
1751747191
-142977739
1657514298
-1490935746
-1863290961
-1711871699
-1901377101
2108291971
1667610491
1353734118
318938824
-1002359417
-871209972
-257755082
-1495733153
-1248509845
-882652614
-1106419069
-1345455542
-936897285
-726365476
158601605
-1949982792
1385483025
-1801761446
-1288189105
33296877
-1780820937
819072895
-1573185905
-2122061259
-1487946608
-1583210861
-820821996
2110396181
-747530761
-823259736
-2113555312
717958340
1775399272
-1833681612
-19221857
-2056730407
49777310
1836697568
-1835362041
1610939717
-1316156930
1874258078
-858041023
-1284180350
-889618253
-883216895
1687664184
-944025332
107643673
1796280008
-1478318257
-1441934832
1059456350
1733145531
1784977321
-1917749405
-1249747354
-458028358
-1062104669
242422453
-475982609
-786991342
-898971995
892462085
-299443466
-1511541998
-1291414758
-1403721897
401431384
885831390
-2058993988
-900019803
5356987
130594946
-1877934828
926923026
-1869806418
-711222967
-790629823
-1519156123
1941023246
1466979407
140460023
-1009926732
-2000937557
-1562754475
-173777206
-1969957793
-1797649876
1413629652
1671055276
-578266560
1608942639
-279889324
-1354223180
791537696
-2074638412
367404541
-1398806495
295916908
1757112251
-1745083282
248315037
372258599
-911535062
13433805
-120694331
-503588318
-905946636
-1799699170
532150760
1122774123
-361922184
-1319357224
-107821554
1459964418
1938157350
44849333
514646332
2045288658
-1944212888
-283648311
395109366
-762454049
1407184574
892287446
-471938043
-1505811013
895167275
-899270946
786015354
1485120062
767759311
1069471736
1074342386
-2126045323
-644896299
13011047
-1537806566
1043211738
-1507172978
-1205207576
1860355445
-912674875
-129454370
-1533715638
-202215843
325558307
1722150870
635136068
1849481286
767062116
1069813154
-826805630
139816010
-1527526983
2037744549
-1339118592
-46125087
-1914634881
1349573858
-775349605
-1535131921
703205622
1464887197
587951333
1132093955
1607946294
1969684289
-6207432
-400309027
163355746
2029850756
1312875533
-1548938959
-827266787
-468239415
-1823209842
2144694698
729521468
-1592116796
425440873
177291569
-1477784899
1538647651
-1157843482
1650354798
1782608376
2092668396
1659902779
503364494
1179927572
-886957982
234134046
348729926
-1645569861
-1413738707
-409840996
221742104
1922599697
-95717127
-179554007
1324705493
-1567067679
-1142450211
-101225481
1730108770
-1603197159
307795392
-1381889654
-2100884290
-326774152
610175736
-889693044
1205296451
113978245
1175440179
-1833930531
943909931
-2126879038
-657154918
1567712750
1659474261
-798408158
-901464781
1445794383
1764359497
-1573788489
-1634903418
121097349
-337595527
164398511
-1001627773
-1663865567
115729609
275254913
-415744862
-1918902771
590343761
7220322
-759591348
1035258665
-1646755743
-1821211394
-1743895175
-2125641707
1503572421
2123629156
1524905625
153583440
-1721728183
1511156289
-841796937
2051522177
-1867868289
-1370901424
-738390308
-1913687019
69542591
-580398064
1620852145
982381065
2056345454
1967712696
-558899353
-864417272
-1065692541
724635240
-1535218725
-1969170760
-2131440569
-891670624
378952436
692536912
485691739
-557863435
-1501139121
-658425235
-1521809409
-537349375
821921566
953831718
1500071313
-1685228901
-274983091
1088007005
-2104723374
-247280825
717206757
818627672
689875312
-1885668880
-1456254795
-1471238513
1943149376
1098994900
-46855890
-489403961
2125940682
1593983423
-638798193
103761503
-405421174
181394299
-1870883519
670304745
-148240267
-580453754
1384624771
-981481221
898002233
732927237
1738538825
-1962972601
150326473
623815160
-842519199
1821968105
-635264488
-191943761
-783041832
-751002624
-1255302108
-274031235
-1204695141
1507180927
-443879883
-1047439190
1045811552
-924747195
-668082074
-1935823699
247124422
1929933162
2109629540
-73642342
-1129497926
781138139
1611444853
2059914201
-975676131
443768104
-827116868
-1292110824
2102117795
1948607132
-1625868614
1851879042
881228798
-1724055667
1878869784
1159786032
-1210806214
411445238
-1460794973
-2052015649
288201322
1956298306
1173685143
1715895012
914952324
153484650
689093663
-2027780260
-1467509111
-802426815
676332316
1997085607
1386130665
-1887401458
1777885221
1200699158
417751332
356463707
610135502
1161301986
796845236
-2050169332
1407788333
-1029483937
-2038550999
-1812195406
89873817
913022834
-1850472298
-1651824351
55772341
40631872
1872049451
-1196749761
-376646996
1646933288
-997948637
2076526878
911048381
-1363722766
-2118450720
-1131040947
252950521
1353075016
-1619087021
1344096363
963274315
-5503644
-1821813599
1866031100
-1347455047
-362865654
-478721277
1426240639
740539880
-626123847
-1347382547
-775543361
-1227055131
-1540472803
-725853326
1487500393
1836622882
329895367
1943128038
-1004280098
1510217406
445379871
780061124
127657802
-1047834616
674459800
1491612882
-268964107
514613061
504648230
1236562306
855790296
1230118321
1294250988
-435916389
1935983987
-1495339581
-1432928198
-1745564904
-1241931299
-1246909771
1386333366
828054864
-1971432420
-1338799037
1631405272
1628578902
-292326730
930480818
-1246740581
-1989599582
-1683202680
238276371
-443868047
141650160
-128354859
-1907303480
835318646
-1724943256
-1737145439
218667335
-330423064
-43877634
-143778752
1080222494
1209365463
-588736997
-1721033175
-1784434378
-491022312
-537191555
-861628913
1965955419
2100198271
-958831526
-113958606
-1596496645
-749955508
1379295947
2083135729
640630573
-2119688475
-2044745368
-135310428
51265269
-1792999227
1666894127
1771742888
1477202374
347262644
-73389655
492475834
1586809415
1643324472
-2115453105
1301982088
-681175207
865086027
192300073
630650757
380069721
-1511640243
1720964791
1917881596
-2069972062
331260475
596058901
1096965992
1907765333
1002017057
2030598745
1431769090
-1842906021
2030496461
-2112193473
-669679462
-1248793173
1328212933
-981453048
1191395242
958883272
869613178
-2120556130
-958848601
-328394099
-829348164
-1201236997
1547162
1351425836
-142053264
-253779508
1305326319
771225971
-1409673855
2073066321
1883149965
-488781999
1134612244
1235368070
2032088358
-1142507367
760546815
-20434297
954623183
1465049349
-839330182
1761693488
-650154030
-38361476
846469911
1806689027
1633163971
51990423
-1217285393
1211321678
-893356079
1804564065
-1494321379
54309517
-769385635
-3972258
-675441808
365590796
1669957072
-998665010
1294808667
692874192
255710889
-197134798
-1741566928
-97736777
1482693844
-2141549553
-1355990643
-1323845922
2036389954
367564785
684378390
-1004503486
-755007307
1248426162
1220526180
1401086377
412689883
125356796
1439420476
-1265483326
1043889310
1963822603
-296496125
-1768998773
-1828131398
1677742263
-408644495
-1561184270
-2100070001
-1000822095
177373573
1399779007
2084930872
-1272805876
1107728312
-1110534224
221177051
-1601176321
-1940396939
1996330725
-1696221374
1144311785
-363569721
1032522110
953411242
-1099647084
1171456340
-1902171262
454779611
-770828355
-1194037623
2035791874
1820027000
-1891707437
215379990
835168125
-428709480
1369004031
-1152243555
-255201146
1178430356
1450963044
597939877
1588407972
-2112950750
394082471
991323092
112743289
-1260081246
-1740365391
1354511197
1860617765
-435887432
-1855276109
-345906250
1547474156
-1063212774
-1367934358
-1820395634
1593416981
-1180506198
1407515044
13867518
-184759019
311412678
-1208842750
-1834880514
-1038686995
1103788511
-1382814210
-714819302
-1877059377
-2355896
-1057595601
-1194587804
-510903801
397373776
544494539
-941320532
-343651816
-94112878
-131804050
1927071470
900242469
1872285578
427201049
958291467
-113547117
-836131988
-2876292
715829436
-1676151061
1350360624
-10569609
-468544829
1765130756
162545
-274621730
1749185634
1844918880
-1634558601
972524412
1374577425
1270336214
-146742254
1719219290
-84876950
-568130703
1144160937
585802049
-710227353
-82243944
1498577681
562213756
715240400
-696069010
362841763
-372273695
1316848622
-306548613
596411656
-391693038
-1185075580
-514663029
1167688790
1430528000
-343552769
-1957430314
-1667189152
1168168112
-336689684
-1985063583
1639835465
-216027839
1314846633
-1560525661
745818458
1724248365
-402843041
81551722
-684479979
-1173131569
-1249718993
-1450485761
-2041355126
-1023205084
1965195947
-467562872
-249977624
1464462805
1252376711
2050702509
1455083862
-1867202700
-1782094193
85449086
463875075
1658290182
1282863323
-307756140
-751697285
-447563839
2077305154
-187742347
-133497284
2114835478
-1905394676
1032939581
535784073
1612733169
342516714
-2143744391
1987609469
-284914114
-1265589974
-704642730
2084643426
-1772993617
-982503386
983518714
-1126540477
-1528236868
-1537592579
-424672975
-1946951745
324815595
-28425595
1496012620
438778655
-1327059887
-550577536
-1042053563
-516801621
-1537635241
-313273075
1622967847
-1487004360
666600641
-570119840
-671188052
529942789
-775914772
30106037
-913200857
-2138390840
273175894
288128129
-376567388
-1368950013
-556464797
-497079062
-360252851
-1318359397
2075191646
-630935943
-610429426
-180429910
1653263037
647274510
871016316
177351571
601685160
-1298163181
1954239730
-1953787305
-1849073988
1902670836
2747133
354095910
-177453045
-1339560754
693004537
-1733182919
-1622892953
-2108314778
114865147
1146232798
-1167090208
-854800036
253793265
-541226796
693834890
1901157791
-858398968
1440888792
-1283910013
-1593853405
-197298355
-1763392385
-1968411085
-1853533999
1116602006
-1972925626
1289047253
-1123126337
-1593219933
944802535
106561334
1708352673
530494335
25117421
1174383293
2061657982
1102167596
-286693494
891508395
-1452553050
1901892990
229539496
-1851538014
-596630046
72935239
522172989
-858725525
-1375724819
1073589172
-977624093
-323106061
205558051
161465590
-789942873
-677468010
945625720
610956580
1917647904
-1414792033
700309419
-542192033
1836449219
-1248263665
-1821017670
653754678
-1208245386
-2075968099
1345220248
-501174964
1480445538
-836929282
-920173283
1166645304
-2028878068
741912166
843539517
57700012
1753862567
-1410226099
-817483396
-1914276904
-340708445
2071091574
931209889
-1228061936
764051081
1520578860
-21711191
-818673749
-769182710
1645277134
-1013478914
-344600786
881661780
1075560334
1503001064
-2081924694
-1265713241
1782879605
870320963
1291652194
1040334888
1504714409
-52262798
-1146361168
-266733323
-1371619854
694127251
1176156456
1800463736
-1208394374
-1729502732
2062593789
832371712
584259796
-372633148
-1779869277
-189828467
1364001599
-209005811
1010800310
36961515
-677802454
-53062943
-1582053350
-478324735
-961457157
1177329619
-42031518
-31541654
1436764939
-1366361431
263476597
-1562975676
-2088327947
-1060962737
-1984848018
-1456789432
-1777017328
-896806131
-1587054140
-178429925
-1269382855
-1704533764
2113353898
625583587
574055381
-1220758091
-1236003656
74291484
-310616555
-548531892
-557521205
1227109547
-825048196
330321532
1516977704
-901868494
-23814242
-1691641309
-257739545
-1244448090
753072937
494972400
1164027534
228765215
1542237481
373490266
1844227324
-1811317521
972717191
1875880915
-1163622520
-2090532875
-1151511086
-1699195075
558977129
-1840157134
316905793
528292253
-875813801
1853691292
-28916488
-1629026547
1663082610
-1758081742
1800601482
-738147081
430824035
1167258704
1184777919
1086950271
-174311744
1534038852
1438467734
1066551873
-764427852
2039312672
557849740
-1245977540
1121250783
-915197231
1990298398
1149810445
1430248827
1982125936
66544013
-1323114145
215259583
-1862851112
383458272
689700001
-1768891257
1521737592
-101843153
-876462598
924209204
-699544471
-1463011811
1978806905
436103633
-1228868414
1031188902
-1530164591
1854882166
1185717035
1014223386
2132977860
423300337
-889598800
-1436345240
-856692835
466231458
599431639
247496607
580438754
967416485
1822117107
1750593202
-1963028470
953621558
167784890
-659402117
-100609556
75773265
-1367358955
-388950014
819606457
1527932569
1326599223
-1021452546
430458668
800251258
-531798543
1489505435
114237951
2130923153
-711802557
-333298051
2029803168
-1481403830
1233073717
-231859708
-896252892
-355080246
509613543
1000625105
1284501884
892731920
1128405735
766299017
1585506277
-902741162
797870786
-597645352
-321666907
-1957901636
-111125283
-1319215432
-1933485581
-60016600
-1559987579
258405875
1609164598
-2057942425
666201155
-42973210
-1315680142
-329073768
-808187788
940593287
1077908735
1576992713
-1629227239
1138869928
-1227152005
795724258
-1968431380
-289241732
-2066323199
-1291879743
944263091
-1932490150
176611738
390061734
1794817495
-1592620351
-1553488909
997711057
643900215
1157981851
548148816
1487404393
-610625223
-971507003
-1614075200
822798752
1009287202
-1733093425
-1589147502
1736264211
2133198759
-167534336
-548644601
-1910855818
-619238204
-2003232868
-1728206008
775238000
-1723252533
1145771624
30843802
1841860547
-1261679169
2080145773
-480319025
1441145263
1068362722
335244796
-1776022785
211505048
1922260108
774440690
-1938111880
1773720294
240778813
1040511293
962026994
585898028
-1572704779
980153502
382447878
-1089855605
-56890941
-913183568
-1783870495
-1803714728
-47527780
901465640
1774577972
834628860
-1193403538
-1497723811
-1087944850
-1159860196
991284083
964348683
-1399660243
1922016249
-1560557110
-735590317
-1603323663
-495473896
680010818
-15639803
2009312274
-616384219
368120697
410476834
-2059730700
-328181997
-1530571227
809507483
-1744558984
2066335112
855666097
7531615
1392298677
1773805944
-2125623285
1550700436
320399079
1414639375
-911777092
594276643
-1414189401
-302485804
-103820488
391660922
1068637276
-1875746549
1224515703
-951118708
169354481
-887481510
-1597347389
568181276
-2015554361
-925068114
-531540269
-566208965
-512899091
-523547809
710126873
567314959
-585191026
1642604945
372237912
-2990891
-287775062
-1390359587
1942297720
1510372648
-58679287
1386548785
638705309
1881854595
887973739
1444872948
-2075999371
135697155
1612407812
-1320109971
1718045905
2141573489
-1916765658
-167874459
123269239
-1988698240
585577024
-984470006
-775333323
-1916116910
1524407046
240107029
-265667783
770443072
719166193
1690213679
-1888339296
-1029570854
-1648139030
-1470013296
-1998070964
-1451410388
-1531575231
-408386327
5532410
566575683
-1360579613
1401472900
797855378
1818106351
1002894540
167472552
1735081921
-223378999
-599353414
-466543039
1713393604
-1014982025
2144742946
-1427754560
-1122057337
-1708420306
1947440743
-1865311168
-1445323538
-2000610696
-1713268919
1997919722
-1630214799
-387213513
588299931
-869440103
-1172894226
1440640489
-936708295
826470848
-1794508870
-1818372564
428739127
108985227
-1797031176
-1582300028
420511581
2060691524
462061102
17869916
489656531
1366375672
1953821460
-347333046
-2089015784
-1265356711
-257405777
-617118057
-1998058952
-1123551514
-2046639457
454037501
-889990850
-842535608
830797236
-668799310
1070670054
635045119
-407320122
-1917020251
-1802219369
-1642784963
-1295284027
4040711
-1026845553
390005266
-1195465970
-770162420
-1316935585
-1257442360
-697065216
1331747826
-334418790
1448249488
-1416816177
-37103038
-359453751
1616027229
-664288361
-292465067
1327659681
-1527839985
-1744047948
-1570965479
-2008029321
128082132
757665360
1819791892
-558207757
1308757195
3274812
-677213527
1769200644
-465855511
382350851
1256609178
1169273107
383541792
1461810492
-2065727026
-1181120390
-2022752323
98293024
-268656813
1392240183
1130324241
536532827
242975141
1086801116
-1705716653
-1255929306
-1984060880
-198664246
1965693380
-1495285867
-769546477
-739382114
-1092087276
809199149
-1155001818
2098345962
1344794372
736122553
1736793150
-1516087001
-2129589684
510208861
-98303825
1722053098
-115161410
-724765717
1883061521
362523734
-732373078
-1135027339
1574406471
1105521873
-1254438268
-1608117470
-580514884
616590074
-1320350012
-394062267
1026854384
1470588378
728086541
-526083157
-167791310
-489920679
64177809
-2023503820
1708229550
1352125170
190300595
2115270308
355886506
31030186
1106235629
1305979067
-480293108
1283726654
662175475
1434154370
201960735
995431579
-1329558760
-1321531161
1213083798
51389330
1640131825
-1748596596
1308865488
1496091595
-1817285065
1445196251
678674781
-482546438
632913649
-210287267
-1796047168
-2059775407
1075292114
-674131124
-20709514
-1435622603
-1949745441
-1425293978
1943356471
-130159821
1442071124
732627459
124742267
-1764283083
-1396834872
1998234729
1701826623
1088992752
741825935
895960671
-1342689272
746201504
506500191
945669887
1060501800
583633143
-705759435
1505278672
521168959
2132969810
185217913
186962195
-1786698748
2082544685
56902496
-23741859
-28089787
386265561
-578698095
1122657381
-1975396053
-1192672404
1757320459
-243753185
539754690
-789295113
-97199547
839221001
-1281398599
412678398
1105909398
-1657728828
-730192283
-1908264412
-1640091434
1722888677
1144495883
1936668710
29987398
-769613043
-1094110626
601277194
-1939095892
870623030
1659930950
995010455
954567362
-1526938544
-920023837
-1157129209
-671722288
-239765237
-1399961136
729027579
1177871255
-1854931978
1593787307
-1037277266
-983773327
1581144009
763296981
2039593581
1923537333
-1623951106
1935128182
-1642834874
1816450656
-314310491
-1097945917
1645830911
-1367340047
-1048448904
-157789309
-2000202167
2139303315
-1575844819
-1821026610
-1732293835
1170690945
166251531
1201169431
1832729319
1655543205
1145887936
-160366739
2105532552
-2025509757
-1863014287
-596121347
452233857
2128100436
1571345681
-1604462885
-172864795
-2015908234
674243573
-674920703
-543999186
-1704936190
1943092904
-654414441
1878116139
-501410626
40107259
2126873460
1878733625
-773279434
1592293473
-1889142556
-387460687
-1867065564
-2144632711
-1913925461
226270112
-1293823720
1919239402
-424237238
-1103028035
-945335724
943212662
953887360
-15727977
-498228232
1799614793
1202062611
-1135120627
-7602082
601836178
997933775
-910012925
-1399668537
-1144665259
-478580529
442111570
1001799990
-1849084290
-1040712198
247234048
-712401252
-633804744
-1184063536
134183345
-228281548
568337535
364625766
-1735311524
35845424
-1383974157
-1682689361
118046784
-459334763
-1764453393
-306788868
-323334631
524922210
258210522
1703827909
-1977262193
-1586045192
-1160529476
-125462359
-1452300305
1004691893
-1581622764
-1877767757
972420636
1722681825
-297197848
-1219984674
323129031
1711959757
-517436388
-1749467174
-800459299
-1895372487
952471303
138289424
2032556865
1039700982
1961892931
817420004
-1328505157
-994168116
-580561212
-797770439
-2133778641
455156637
955028523
483158841
1171376401
-1125007927
-2058366372
202914645
10360856
-763378732
1676505677
-1863069813
-1363869647
1458948934
204098593
760436198
-950275658
1730723538
2045276276
2117308747
2103536863
-1730486598
-610784520
429451889
-1783572360
813949809
1857952320
-1132458703
381718484
681977473
-1943899941
1172608511
-1744937983
1272116655
2072687525
189174711
-907162564
-1879149476
857770329
1784668573
-487644761
-2132431059
-1380094103
390503839
-656621000
-833632786
1585211409
105529052
-803707147
471682995
611317161
967643241
2088794461
2074565952
1080817466
1966347345
-1688644567
-1574847062
1169701460
1889768158
1706908468
80374077
-159787490
-1495344618
1289887414
-1410713952
-219241554
633729416
1538260408
1464417847
678913947
-1554758072
-821232701
-1409577016
-400391985
-1288727753
1595063771
-1433330080
1966223521
-452556409
175301291
-671218057
3592226
1007877501
701245953
-247557550
1141278390
990616441
98967420
-200499032
207705575
1510828339
-118473598
-466464376
-1683386763
1439012678
1396487544
1197481337
1258685105
1420322546
1321100845
-2027242782
-1882945014
1485449245
-2062249578
-1808304724
1328065000
347837339
-1050253120
2095308069
-1338280008
-887421522
83594497
-2027951065
1458505799
-912237360
-90308239
2130710393
-1506213805
234979503
1688551320
-1275154828
-1527965089
1114232184
-1018076312
-734324247
-732318266
85925720
806920813
-511834814
1832239891
1368562239
1442349634
-1381372441
1620091279
67455462
1509917254
364909794
1281999386
768787987
962276496
-368513339
-2019613890
669386523
-1769881057
-1854329398
205453953
-1492126040
-1798441386
-598029764
2067406586
858769596
1549168038
-1462522602
-1371928282
848912629
1177678732
1499062505
1429634043
-1356445678
-822830146
868183298
1385442110
1176630709
21054112
2105425611
-615058671
-1878363542
-2012339971
563004785
-1769507633
891983335
1727162099
1402610631
-392876772
-660380267
297669165
-1778181015
1920685879
-926001329
1392276311
-1035002844
1375744401
-1036354456
-434825522
-668268907
1976268707
371382515
-1798962025
-321017585
109716732
-1101239491
-202536045
1169422274
2065880473
-1415665762
-397866001
-2112784104
-94414984
1072786545
-63867679
1871807330
-1784331921
171422304
1253403024
1246507188
664838969
-1719763740
-1778630317
2132552972
73474769
-2094280949
-1243850978
-1544502599
-1885660414
1721870460
1262640184
84527354
1858309951
-5943624
-458317263
-2085529372
-1328084817
-417634654
183013395
1575054473
-1979142004
-340942272
39302871
-58602410
1469594541
1777796803
544553242
-372445508
-1931314336
2048921284
213875216
1227927059
128558973
1738812624
-54179911
1877604538
-2083539529
-1148292570
1115485265
-806822014
2140033589
840129982
1584337676
662480460
-1378005664
-1907746931
730057730
-1642218768
-26111234
841456647
-742589592
195409504
-2033451393
1107467237
-1424584704
1772342285
124821655
-2112941016
594140370
1350454152
148130316
-441654691
281530908
972560492
1444376528
1414846753
-460762746
180042876
-41763758
-1700521753
1301549465
2063071239
-1725242864
-4345608
1900397682
1564079252
-362380432
-197735237
1230927282
1619754426
1377453008
-1203637962
1801343928
-904338354
1133270491
1595018964
-732276718
822374340
-390980834
-172594328
1015972656
-1757576754
318744794
-935548815
-685007014
1110691913
-1679145445
1224108447
1481228003
-1872111271
835467017
1066688406
868739486
863499730
2045340029
-392119567
-2022396527
-750539303
-2076584233
503270280
1080198888
893727690
-224940274
-1900425226
839275308
-1141954212
1748803848
1271085397
-454212684
-51703037
-379923413
1489299275
1840972635
2065636757
-1437374669
-1615519670
720896882
1503140400
1674938437
1009142290
-1807539208
1488770138
-498173372
-198007174
2130258696
1037969000
348396388
1222678640
1184350098
680095780
246989052
2065151294
-112665779
2000245674
189824159
1694443022
241100780
5954706
-1562567060
237116848
-1000801393
995849555
-1065908059
1665099417
1099556988
-774484250
10627198
-1250603730
485757966
691936937
-1789286345
1472948803
1737967853
600462982
-2068435348
1647317469
2022504575
1513962324
-1768898901
-703108545
589471645
-913670788
-523923641
-414814428
350831241
-1514391585
31811691
1395942728
-1918094304
552499447
2092261489
-1894677971
-1817142197
1209514556
-1661105804
1076481051
113406395
299297224
-48471005
1212642919
1269488340
-1276777923
1692281816
-1876410888
-1292424727
-1000755994
-629911576
1229818374
-1464407894
1925663260
2136649276
1185371429
1246406362
-990397462
700277536
890643074
1254391876
-1588977932
-1597291942
1505788779
1626770927
410951060
1418612094
1090318612
-1822771568
-1079875259
1235532672
-1386676585
146969151
-1820891580
-2083887733
-1756158148
-126528146
1194880372
1489743120
736935162
-2075330794
-1555740543
-310890719
915258173
-1027406286
-1286615992
1891424510
168591850
-923737488
-1722436234
192033264
-649610081
-728871898
1900620654
-1763381675
299956799
-1221296254
1929645424
-34856964
126531757
-1243918587
2067820023
1170315186
1816455382
1156116786
185786465
33967132
1309617909
1770288514
906591445
-475670073
-1119329518
1332090010
-1680032160
-236359555
-1134094901
2120208319
-1983013023
825999834
-1842406058
1871451017
2073991207
958711070
927231685
1723290070
315319256
-870489021
255575948
-193673471
108900244
-2058852782
-531764416
1604181588
-1241835559
1394551537
-2082834015
486468026
-1138026456
-1074394303
-785145638
418062521
-610676504
321221606
201076742
-1013114210
-1320761461
-1931342746
-1409954314
-571983879
266142959
1688174519
-1380624335
-216879285
-1763428858
-1686193646
244297275
905392382
-800017736
184659981
1920036122
1174951572
-992833785
-1723071768
-864526571
-742436573
-626910604
-119990746
-749886530
-2036167936
-443911775
1996843615
-324283341
816328890
1742276151
-732802732
1886168992
-1098656438
484655369
2641731
-819078137
1638770056
1564582521
2035137917
1934976835
-890970401
-990771942
2039251509
-1992739767
-1982431932
-1568086378
2136666521
749662385
-1817422749
649321170
420031526
2072817268
-841480165
2060291407
2067107384
1978359287
934320172
-429525805
-1386216224
1653105736
-743410897
-190341816
1285381113
531878310
-611498811
900541411
-1159145091
-1542652858
-1472072941
1130922376
1252243988
1042776916
1270251373
1072635756
-1497931026
1800338999
1547222609
437629435
-1983357743
1950342169
1303648918
-1350638084
1194683509
923809702
-926558236
-287314957
-931177457
2011931411
1336838246
-1669378618
1449871915
-621727647
-1275549250
1679358627
-939880002
-390907422
548904249
-1331909344
-814702725
-1731416324
-71209149
-236318813
-128956315
989325612
2138645021
-855620861
901739941
-481342131
-2048495668
1380756335
1750677917
-366985958
-1741473964
169813902
576954940
-1891820303
1920338214
520623592
-622863213
1547923929
-30112042
2068237444
943750568
-1256760378
1971292688
-2018154799
-1141177206
-500830181
1211516620
-1173811767
-840504923
1226061935
1276959936
67903059
1923993431
110680467
977669142
-538324504
817211330
2073732820
-132710049
1828277625
874963939
-259086980
1395092678
1055931024
1648230371
1219773599
-860923768
-180138315
255393965
-210318061
-1504218461
-604150510
-1775847744
958877119
1582808525
280759897
1608964677
-1984788456
656137639
1745533669
-2079894428
1009426665
375616050
2000937759
1008486866
-583755438
-330811775
934400547
-705316178
-1394224110
-2097490256
387905186
-1276195955
-1298257144
2141368596
-2103452151
-1715467309
187652342
2061235891
-127975966
-251703996
57326472
-15540490
114732923
-1609768742
-1422216811
-743316835
-916127292
1507282136
-738387549
-1325125134
98387325
568053790
-1540836176
-1190340031
179828624
-547666241
-627085009
-1331278201
1950477755
-635419696
-1851006384
-1455077528
-1766135439
-2085849981
1556637572
-2114638234
504362242
-26173325
1362282560
-1126987696
-1879314695
-82584768
1077364736
-1330441481
1964697540
654555998
-1085639026
602311207
-1759300198
13675050
-1380368253
415123413
-1203674471
1131847998
-1641348082
-1253887084
-2017306322
-1696339707
-878072333
426554701
621376184
789884049
983573207
11968303
-511292305
288585387
109017274
-1059634460
-281508222
1419504683
415220931
-1767561724
1905119615
-845260918
368673091
-281081394
-867635720
381147573
-299839501
494942741
-974749086
-1277406173
1841044608
-1913235593
-86054080
1605132329
1938023241
1563234517
1936877952
-1052579956
275882087
947355646
-794864860
-806669736
606087917
-1616503379
1018702372
-305562129
-859832208
563314869
50970002
-2138214044
-721009463
-1520345990
-1235240705
1491534601
-1012565479
-1847430493
305677853
871080774
726349069
-213554163
475899045
-970800980
-1207021214
400542978
1990646906
466483529
1542285995
1865906346
-1458639346
1316130109
263560530
1700558785
1969497348
300869261
1285936092
395048586
-439914217
-188724682
-1650252688
-516903422
-934418119
1019872901
555156121
551824473
445963519
2100343461
1188579658
660058269
-1707403205
-1611574407
2081186082
-314405448
959986922
-2147124820
1375602417
215959708
-1321904304
73575685
1086027387
509601212
1570246753
842316031
-1155138181
1079318973
52699747
-90722664
1815689962
2089505133
1143796688
-955273367
888180352
1251722483
1535868032
1967773174
-1282048901
-1969288632
-450176761
-1617768633
-1733686882
-2024678683
725626972
-1591412297
-280079492
1725169854
-1184313414
-1254548213
1731258614
-1489723794
355705034
719458245
17671937
125716147
206134785
-814948934
-1531503188
1915262747
1303980359
444875746
-857554591
-100906497
606431449
468686191
-911184790
-908987472
1810304623
-944611808
325711031
-1990009104
-117724000
-1277995562
-1149249059
1625734308
-554369403
812022119
1989431138
-1716512058
-1486436963
1876909233
-1078581449
916772512
-742776336
678300146
-1224646523
-1819345354
-870594442
813302359
619929260
-1458187005
-122897480
1836331986
1142754439
1945497576
2054384311
1718745136
-323129355
-603284383
956652045
-1466928790
-1921814123
1915356921
-1900037294
994105146
433970384
1173935359
971478720
-879523343
535616539
-1242487430
-1284478182
815857287
1729656189
1864641881
515008456
93116403
2112080719
1190978286
-1907907258
1888534973
307045698
1388145821
-606470209
-1086201904
-850983514
-1244117296
824276981
1344071572
408342249
1558271277
703413859
-1382926788
-348537507
-35499253
403688612
-1198753700
-1237763779
-1281272031
-56053483
218216125
820233457
-954245504
-1261637447
1137171572
1148193681
1417679555
1010377565
-2031941072
962843559
2112569220
-976835076
-636138796
-1989092808
-1827951855
1628421988
366771525
1159059973
-1378466209
2101605144
-2004580476
1890730766
-1333794754
2095693432
2093033214
1788831319
-1405679666
-882439137
413397538
-1412818451
-1751504335
770550156
-2013765836
-1569449685
-432343167
-200381693
-1420237727
594847033
1124674308
-218093131
1592624402
-574346795
360698526
-136970210
972382340
1184295509
-131952250
1521641646
-1606281832
-972621076
897571388
1035674283
1776619495
898501164
1254642618
-1871969963
-524545511
1989394123
1398463977
1495599434
-1869901449
-2141344343
-760747690
-575504340
1781184189
2113547281
952505893
-1101802880
506337332
-1366326722
-1791144379
-810519592
-994344704
-1190313439
-2110992668
-1250419404
-402499146
265668193
1799607589
-748810842
-1434876367
634527139
-414457328
-487247564
-222507867
1690494475
327076298
1156403713
-2114905612
-1597711103
1557266949
1234155438
1882732352
-953669833
939779001
559667453
1647428801
-1692035861
1020187668
-1047854153
-1676636713
-638753175
1718716590
-1018421552
-274167198
1027560659
-755311872
2113333960
72032593
-1334582492
-558178538
1451779155
378306681
333134706
-2128465533
1605381435
-1805247065
232135795
661893270
-137289851
-992496392
1548852033
792466634
-2083164462
1785288807
-1802060447
-1983505278
-925303800
1258710182
1055600385
-503759115
-1313685711
382889778
1066441089
-226747802
-1701811294
-132742751
-880517580
567480729
174436959
1769354814
87669094
952552577
841139902
-629044777
1487180193
1407553597
-1564735159
1454470868
-695503060
1991090757
-1756955416
1294642571
-109340716
1159604960
2114906687
-779944493
1126279918
-229684519
1288033621
477840855
460790171
-276211599
-1222858379
-1335297493
-329062579
308180887
-833110183
-1658348764
6430346
-255262378
-2111626876
-736384157
-1715223056
-75207026
826028782
55966643
-1237278344
1073592806
431791078
-796958699
813122558
-1080857344
1328324916
-1507712489
1650013440
1890372847
-1774106243
1231537260
152972965
2058541541
1972172011
-1598624839
824096769
929895984
632245004
235307180
508010391
1441744999
754688762
1870159699
15473183
-194728736
408635836
-1088477269
1456769416
702040676
1336101612
-1124596874
-373018561
-1092526554
-1125408871
1968862544
-1081060175
1729499888
1324345198
-1884453628
411539727
-862586978
341839891
1850924315
-544175280
-31397680
998870739
1856875958
273854843
373711322
-47705986
1077176477
1932367398
981756159
-592002160
-522605929
1224055097
-890467617
-1836474222
1963582971
-1046050569
-380069587
-427273024
-549412218
1303922495
2040537252
601535211
-1206819217
1908539150
-1378170309
678481568
1890426041
-203641273
-641000554
1431250314
-256766777
972949430
441469632
1613331220
-1449412811
-57609902
-1066067689
-1302508974
-1074975772
153166530
-23271033
923202081
-1190482602
2051254306
548374010
939196300
-698043075
1279151366
1631012879
-769705359
2146283086
-1651756098
-328427255
590698595
-2108623015
-948036389
-1033569015
1206090194
1848542110
572072690
1246436736
-1629170327
-1509970856
255782559
-1662482722
1074738615
92211102
1884726988
-601813617
-1048564463
11950187
257827123
-1836380633
-49339467
1869802491
-1396762848
-1051788069
-1437621198
1427241048
918315643
1445722163
272730631
161206323
1510442757
-1759096067
1937962634
-2126643209
-850457631
809519492
78786571
-1482577893
-409310890
-118729215
485216057
245147831
-1286566189
-303310766
1580457667
-1869516198
-2112731853
-398195479
-1990274750
398102554
1214378305
639520518
1694069077
-371441941
-1079608707
369672744
654127117
-1532516812
-2119214560
56491712
1477473676
1472234911
1320949341
988007976
-521611288
-955290576
1181330921
740983251
-882942892
404212888
-1593002051
-1910074940
-2027608447
-794131765
36125466
-148820413
671693377
-1044209968
-1441430579
-256657202
-274320531
-136083241
-50497868
-749905842
-2141644791
539808400
734014080
-1862198134
-1311725403
-1614198342
1902495931
-1337039648
714527493
1470373881
-1200096500
-1535345103
-2081674492
1101544428
-2009110342
1027451933
-530084427
-1669658754
-2044917650
1373442416
-263564598
-1478144132
1535134268
142486491
1922805817
1278347368
1770479076
254531302
1310995484
-1024193396
-530114220
-438302171
2072803544
622929745
-695450768
-2054371671
-1469024383
-494796336
574637846
-2084444231
-596960131
-1369717591
-1934126500
-2079143230
-2093743514
-2043575532
-2028984805
-1021705589
1008957237
-1631009995
-1389684303
-1440183892
1041182620
1249753011
-273410303
965814336
817122482
933822090
1381372606
962068697
688494549
-1348339424
1699529961
1075411124
908007627
335942038
1719051671
-310710483
1054763562
-1717665439
-1375505929
329971828
407990266
-473731816
1645706643
-778170495
-565488488
1907648910
-1820568618
-653266107
-5640228
-431243741
-805605938
-954129631
-903611266
-1024264105
-578289615
-940888421
-503660619
-1105943393
-265738843
-606221233
774637344
78659708
65399099
1549921315
-1272209175
1668463048
-1744243396
-1688258370
1694085671
117903186
1646914088
840154169
1524469636
-1837635923
2043060731
1047829527
-1050477537
515124037
1226236850
373956722
45216435
215354034
1365854989
-72844681
-1405657864
-1091771824
-1593808747
-225837548
991386953
1845490191
307453408
-1033452817
-45609338
-1459033978
-251299310
1810948249
-390209989
486710350
337418919
1507572227
-1795103487
991528589
-2026482576
1997016112
-418062044
483447504
1777871067
869643308
-502024314
-1345841122
771181431
-1426628548
-93020478
419106633
68729782
1127456854
754473107
1393941127
1395832563
-767424045
-2032853641
302887488
-154876234
-861248926
960700047
-925430999
-970199241
309790272
1496629705
2047838608
1192018464
2011889061
185859136
-2096933383
956651927
125793665
-1273991454
1725605610
-380272773
-562851993
1696606546
1865782275
-2092202772
1517599945
-1181796592
-1119254959
841518609
1955928422
-501720361
-1275799070
991385108
-1356302081
1078172742
-579697508
-704860303
-260563888
1651346370
262198858
-1701231504
1053311294
430203034
1701553655
-1192731665
1110049356
-441035413
203128959
-803232155
424098131
-744560955
357608546
997218083
-956475022
-852043762
-1014360357
-957739557
-763923390
149234342
-1132102095
1709462630
-1580802482
-213044405
1674014028
794539201
1392322242
1708726719
1567546506
1341893464
146888289
-104558937
-144602157
224328071
-1601852996
-1573391434
1645963754
1722031197
-383632736
-1353666038
1010605318
1544285090
-1276359473
-773416235
-778633056
-1103846117
2007577075
1924410944
2033527950
1709434891
-550045489
-1719538549
-220047023
1937138941
615799735
139662712
1432073642
1228162497
-661347774
93616617
-1345781390
976589235
-240948675
1832141768
-1398570581
-1066266046
986156002
-40642522
1460642257
-1672709200
1418956105
-793561178
1058985590
-1365189098
782588189
-1912110820
313824525
408593067
-1363268461
73693808
-517835515
538351940
-57216872
-1887747128
-2076389863
1134156318
-654020023
1609472230
-2081789978
1747877851
2017603240
-2111879987
2118586045
1317240266
1903273355
1289333675
127541690
-994240917
-1815648297
-801665294
-1075876331
-801655247
1673417966
1821863879
1219619767
2018981513
-348341403
196948896
-347263216
-1999057637
-1642180358
-1857687769
1146332199
-1665258673
-1001310779
634583909
-1353390350
-548629998
48461484
-1880180452
2146487527
117628377
-784219365
284141171
1059648466
991284965
1858030069
1229236952
440134121
1999770057
25817541
-1193296607
-1031650531
-13120471
447569976
606226420
209137586
-174345789
-839220017
-1107234711
1553688593
-682236493
-1211065648
-1689607443
746226140
-1341707278
-1189095811
-346486167
-972553661
1015099167
1657614728
1848563106
1896530325
-513352063
807537349
-244683038
983725082
-1822021556
-211186399
2059012568
-748917729
1323078691
-1819733550
-1981273156
-1442191023
164397534
1015017935
1147539894
-371488434
-1390342004
-225543550
-894723712
-1368740487
1704653243
-2020935236
-1290104759
26405389
-777999114
-286845719
411929564
-896871820
1271994255
-162078844
-1567051263
214742745
-354483043
1378772172
-586870237
-715839749
573141320
2090965176
1903523122
918965828
468955459
425583655
-609368118
1180466458
-1839898726
-759971749
-589004139
1301377908
-1087236179
502928808
-954747668
1276199087
-502973829
423383400
483759556
2088553633
1145979939
266299185
2122497735
832789998
-953256536
-436653751
1646687681
43889050
378590964
634971226
812099645
-1614120993
474076447
402033249
-1897169553
-1437251007
938213616
-966084372
2012258900
-1326551330
-599543389
560920196
1058059288
-940901110
1174638572
1836745575
1841523895
-1502988517
452480316
1821800826
-36342299
1855335808
1853492034
1052735357
-1900083662
1239613208
1100363700
534399872
-756765591
1553025729
1880416334
136597653
1301212473
-1427266002
-1263484134
-849382458
671848215
-670028291
646553330
-226159543
506851426
-159612152
743213123
-2000014607
1724982215
1479788794
1191593491
-1032674072
-856518938
-1697678811
1934621508
1972911515
-1821386955
1582638227
-473522151
1441145845
-65083100
-941595558
-138276871
530040526
-1728821886
1430368052
88649587
-15850331
-1225899745
-1585068722
-1853297022
-700097907
-259908943
-1522345120
670182161
2006953573
556403451
633721341
698005440
-753235892
-872303829
1829441068
-1254552856
1800736595
1850772867
-552351946
2010274268
706174323
-222804932
2028068289
-1616829326
59014848
1958154918
-143552483
-505776959
1662037982
210539667
581541853
555800363
1895337908
1670490102
649051305
-1579135331
562903135
788153542
-1097316270
1002359061
745829226
1560440616
1128646695
-1073686428
1882946875
485861324
431855494
75150133
-1987179569
-141394282
-226709579
362922573
474647721
-784192639
1487968498
-254591469
1120390663
-189378112
300275912
-2044157869
204441431
-1728229083
905867683
1467674174
-652970775
-868234810
-111655001
-725475659
-1532888348
979383773
959741628
353247430
-64060546
115326448
-1578228243
53167734
500763751
1643752241
10470386
-841214016
-1267886203
-1004987353
331127051
-240201250
575894247
-689774708
555461134
-1777002810
-1308390414
843553145
960489667
214470903
800342496
-995060032
1888095599
-504393868
-120886421
832303768
1555428782
824237584
-109149244
-1071451521
-925983611
2140560876
454308554
-718291876
551616439
-1831722434
2092541048
165006051
1919387223
82974035
1494311838
-141376452
-1142113122
1630169558
-1966560301
-126642457
1862105342
-1952490414
1172006569
-1569455911
-1737507209
341510389
1358841890
1647109355
-846925784
-844867178
103399011
-1689775500
1170418216
-825733128
-910710617
1400267572
181064598
-1246285745
-667874955
17781619
-836059666
-1355772
319301653
1599043689
1116104094
1042779317
1464784192
-1986168608
512174040
-2097696897
1581238038
1536388119
-1639284311
163397759
-647151532
-1761295639
680307787
-944271724
-1965656379
1779900206
15739574
2048782186
1464364281
268877153
-843572100
810515380
-2038025420
-980069245
1716808150
663473080
-1946172503
-1599303618
1853627641
-1294174192
1000205800
-408188596
-796689234
-2045812050
1537017235
-899096551
778091553
-98694112
769083480
1130978727
-458533896
878606612
461057818
-177914191
-1693493081
-1264686049
-449241487
-30110445
-1955634686
-384698439
179776084
-2032325784
1770313747
2114628748
-305077995
-956074252
24623405
855435245
605311372
-626482236
1776561472
-760412502
-2108899177
707802899
-967476625
1236697093
1979630017
-531086352
-1482477857
-918868736
-289364160
-2040115684
-1055484974
-72794149
1486191909
109377336
-385106445
-479547429
1478493134
359455263
-1021128973
1597578572
753294750
288700560
1716206676
570257863
-600415248
1372544784
1262235523
1288880312
-876226744
1920590606
-1651879124
-1388827622
-316088629
1621565255
196911562
-805973628
1844218608
-1096510868
-1631123076
-822803607
1657425784
218563585
1080752415
-1383312741
-1572558693
-541486201
124463768
-1346098159
-78880893
1355552221
1367424625
-702476567
-628022787
-1107335966
718863527
1154260655
-334012051
1557431647
-1698804031
449254879
836283651
768460580
-1838659804
543087784
-1294795988
-1864416400
1855768997
-1010546702
1396610634
352214421
344828256
1668007074
-1914068826
-644470308
-1760997433
-1202654436
-751606875
-459219291
1076248829
-497977591
-485433799
2038739922
-1506668188
-1090617510
-534296934
-1244343194
-1105092492
-1414509941
1637905206
1476216424
1665772750
-23647444
-349675802
-1830097651
-1727785584
-2076585828
-574473119
-1892742891
-2141758230
1334368279
-870920971
-1204823179
251346929
-1767118349
-1195053453
418270773
-1888585805
506259238
-262630294
-503134309
-1333856373
-1955992821
706453656
670141321
-555270987
-1770052251
1446465181
270094115
314082084
2003161251
-472635662
-242949452
2104685458
-1844066203
1917955352
-2146232878
1244274393
-1773435841
1552825620
1777744319
673536641
1231846076
-1614099430
62842385
-1219439975
-1876938588
-2143453049
-1136925803
1305306314
433354881
1730237716
1102274929
1815779496
516400736
-1472185528
328718472
-1539880629
-912540716
-1160220370
-518176479
-1756703714
1143066687
-2104164792
-1539735862
87154934
-1807926956
1146915779
468002426
-324593818
-441305129
-13038613
-1105198347
1785812305
-257151833
-20060960
-1265697932
-49923393
-1895589378
1912181386
465518724
-391569676
1946973430
-1466240055
-680205522
-975453506
1345948494
-700336399
-1943455145
2071417871
1802109294
135567733
20953706
-1944480054
713174184
-1984991519
-1900141773
1291536097
-952021568
-1704582387
-1631639538
1073874847
1079635885
-512152689
1956968000
-449743806
-1142231391
127605873
-1132249692
1036264908
198404935
-1242672093
579772297
1450099226
171716171
-1583549774
-958814246
1004300341
827670558
1587318842
-1685736320
227872231
1005500666
1196582553
219180803
-1653366127
562040100
-1595678107
332184695
1708854075
1067538800
1078644511
1965049749
741755885
-1590791158
-1039953240
1762461991
-2126417348
-1199323790
144649203
-1893698903
1918768423
2059480520
1156180219
-2091376851
806321699
100629065
-1879898121
36056703
-1964519565
271134489
-615467059
1354608264
-487539779
2146412866
566176707
510768887
1127195354
1096932604
-1192184196
-1015538915
-1131534355
-1539689426
139468833
990565912
-697461578
525160757
-959075363
2029098291
-658727384
-86263325
-14516081
1731134604
1624006200
790933193
740124859
1982054903
-929392905
1169732281
-1266213440
-499967454
1695847138
-1762752890
1084985936
-1273760775
339162745
700816653
-306647013
-1095070132
1696995085
1739410296
1167867085
225309614
1268558558
-547866175
1540282939
275138718
-1699092891
1580717941
780096984
2088720364
-765994259
-1615603526
-751617171
89981269
1395010151
-538050669
1571217161
2132110960
433546367
1981986145
1653297717
1464807886
1310630122
-1397016404
1964111980
-469781413
1882974977
-751934685
-1187483959
-1848077046
-995405165
-1139192863
1153350402
1010359985
-495733258
-1060550159
1759311252
-966707151
1791990111
-16442604
1852629823
-1476889895
-239362189
-562351423
-795921995
1742740235
-744786147
1293383020
-1910813811
-1104220384
98521762
1558373387
-341575811
857825416
480328689
-1758200875
-1781909816
-617708746
-1764566465
136236620
-784656651
980553530
-1425441581
-1769990787
-1840485695
964843694
25132830
284084358
1828167253
1708351958
297753102
-1835797415
1043405499
-701076605
-589433181
-1398743874
-594678642
-82335817
-311487039
-2045269602
-1626299919
1209135758
1840767304
-736418691
-384724030
193639771
-1605305759
-583120312
1757810190
1602639889
-2002085605
1653912912
1177357254
-150477596
1559925045
1171334038
157252019
-1688944081
-884649923
-1798333112
-1666370393
-1902139753
-592434983
-1933770869
265238260
1009527665
-1772322972
1910894459
-385177310
-1020354208
1928375228
1364425071
380094939
130157378
-1662213031
-151265151
1641734442
914907981
-315242846
1790075469
2070721252
-1708683660
740708475
-144117001
-313318299
2014814735
-752722142
939734387
-230553216
2052939706
-1971484869
-2094386176
675761328
806751100
681138728
-1199268620
1963255442
90701867
-321491810
1303349183
609114263
-21125617
-931745163
881853993
605462260
-1452888122
-1977007170
-11139618
1308020190
1595261286
-874193126
1963804203
1852100083
-663820824
1194835273
-1809750518
1597303803
1866299075
931695105
50744923
1031286735
-1859233321
1294833152
-360285068
-579555688
441825676
1425839716
-1387466533
-241939395
1502976827
-1622768326
1834534481
1710858262
-1033046068
-1269270700
-1637567213
-1322127131
235747999
1825799006
1412236891
-160007163
856574639
-826616269
-1591559124
-295797789
-168328715
1849241708
1304621391
1929814445
1465267978
-1475180230
-826952296
197785162
612416783
348258933
-2008552851
-437037431
-391184944
-1684022796
-989338744
-1165099364
1258295847
-1235409890
-209399813
1492048071
227966110
-1276634175
-1330827404
16221011
-932517288
665131810
1229510594
-1297137207
-1441817040
-1944743340
-372289897
-639808164
-274929118
1741131469
-526156913
-1223477082
-173974807
-1107449803
-1614154127
55401111
880179690
455632513
-1866500685
591033513
-989509296
1296528704
325656899
-493156264
773054071
-1831192523
-261042812
-499380271
-672678259
1433179429
737895062
1528303081
580837750
138807025
264762330
-2107332272
1700495088
2106478054
-945140811
335693574
528288248
-2053353133
1631317907
1713788941
333643371
1515783771
63627310
-244298145
1994155247
-1393987571
-398616049
-1490784990
-2077150957
-210760527
-568845740
1934026777
-639574604
820462692
-347739212
1157957214
-1744573533
387689703
-66486336
1149320269
754198148
1541813939
1471240299
82997443
-1464216584
70489936
431474124
-2074746488
-1577438978
1919386854
-1107674079
1509317385
-209329770
931108627
-1644067305
973256522
-1704184154
407036159
1294227271
-912730086
-1688048095
-687302482
367133444
-213282681
1369198950
544300949
2087410515
-2089995884
-1020930587
1259602031
-450102214
-991449559
1436787720
1490531920
579241789
1299614282
1817880655
298012922
1327141669
-1013839477
1673335485
-190199186
-1844227069
2056147139
-105027470
-1080942138
359284595
-1824493825
1393462169
826380097
-218549979
1530298809
1854004612
1814848927
1357632409
-640587702
1461903124
-1300024145
2027442473
2088876700
-977144994
-2141781723
-758935220
961607459
160835722
-584538703
1188398616
335223821
129510142
-152784564
1371950600
-177463369
1488373436
646862548
-917164545
716700771
346528520
-1477361189
-475617395
-1898233048
-1357061042
-354720581
242691952
1962764841
2006155329
584913901
-974895012
1858947593
1719308359
-610336102
778438142
1193508510
-181903853
-255658894
1185889342
865967844
-567908717
-2109916995
617275076
-1012891597
-176640243
-698203473
-1305389890
1331624116
1545783428
-1564151041
-1795636001
828757265
1500456288
-776509766
-2064671318
1879373163
899917133
-2062983340
-761209361
1694025105
-954696862
482121727
-935992939
-1741257619
-1705717114
1259904063
824293018
1240534721
-98118641
1947005886
1774075480
-418176749
-1008536405
-2056669348
197369609
-439925530
810593155
1029956490
-1811494515
-864756438
965277597
643562456
829691754
-1608710668
1533892481
-281881653
-1996012269
-830915727
1302599455
-807300877
1590840428
938015768
1567692783
1204238909
1161356173
341498398
-107972774
930048133
966697926
-1875857361
883603288
2008738927
1025645794
-1578767014
-1034924711
93093239
-790669136
1782197324
-1461404823
1621673541
-606563650
-1911453248
1589614478
664429125
-45340569
912223798
-1135860364
1851760759
86705424
-2037924126
1851156043
61939587
500371118
1609411047
-583089424
1577948944
-1033546102
-1591311932
-1380207542
1604870741
-1807216056
-608543730
-1738338826
2082316271
1826660645
-742168737
-1129656538
363330293
378675583
1280846990
1420533190
2126606665
500259482
1773940512
-1225961505
-505828560
1625751200
-1038769923
1965565760
677492773
-419067671
1981685094
-1737776294
-1374272279
367541373
-131096794
382078316
1248763614
1552221910
-1871829497
-1567218977
-1045948267
-1582085399
-203309177
-2107473422
-1773493339
1128650855
559670987
-1079460711
612152254
-986279105
356413396
1439708578
-414597379
-848916632
602501616
780872730
1449127809
123577564
-50797198
1488099566
1442765373
-1465860121
-2033063771
-1739603244
874139407
-1444515423
629858301
-330257301
1917949458
1206224056
1228465551
244498593
-2054377937
-403596686
-1319093310
130113876
1997955322
1029051377
82622278
1480342587
958611387
882887609
-1158523835
-1139570169
656596425
772432751
-674927911
1617337285
-1036395490
-397530653
1727870653
1314085509
1226349096
-447226544
-2064996794
-1855218368
1766563805
1262734818
339256467
261060854
1684018449
1368007799
906646275
1683615511
-1643652597
887247273
1195304423
1027579427
1997411669
-1069553396
2076842104
1934973076
-2069476654
-2035585869
1552641035
1588512251
-642953194
-2065838855
201172610
-341609880
152351217
-1565679491
-1648671739
-968167410
1797676877
1338595438
1131139058
1382477607
-1143493319
-1658194680
309942545
402419733
1816135749
-513933731
-1607699188
759919561
-1648826609
1367655768
1220577053
-135868824
661770782
1875783934
1089027593
1185153067
-929262354
-1294754825
1532853580
1328887942
-1627198389
191006285
-192207467
-222435444
-1793571358
-1466294414
-1327861644
-422280815
11494676
-2000098169
-1927359663
-227911408
1973747981
-2004349221
1212063136
1916580559
-1957842923
-43651407
-134625710
1291876416
1099346981
-968208827
-330589042
-2035536854
-399606595
-1512437487
342511520
-1034287736
314765812
-1027538100
1361216049
1702253745
-1221534512
590155187
1635540152
1133287096
734068951
-1137917558
-210054352
-230171883
834976486
1464965349
1654460939
929128324
-1838335680
-1054554333
-1948957082
-1467840979
1448452329
-839739973
170341757
768444932
804893749
812140858
190076768
-451766926
47697563
-1967336820
-1876793114
200089397
1301694926
-1076047751
1663346914
1683992963
-1032740850
1251386738
-625003372
-1472037003
934928314
1028367758
-895535262
1715170467
-679787478
-1049124658
89776583
1161587467
-1428748357
1001409960
-745579637
-2081467594
944685866
584210371
-1576131276
1447336605
1838542373
-1473636610
1598463164
-422802360
-895331041
1321349814
153459075
-2116491337
636328035
-773671608
1919439751
937363974
644286571
1383027668
1760233937
-512686773
129397618
-931402172
-124314574
1403406914
-1905936312
-2040886388
1336708143
372426796
1955607140
349591090
-999417543
-2030721293
-1709944001
2038652177
418802721
-407437423
104135903
-1203561383
2070939082
-597805389
1096642993
77206233
-28252897
-933175911
-980161124
242411392
-1462364089
-876331713
-1739309998
1420813088
-1962234601
-922095679
-2108890904
-1498168715
-446122808
1879190523
-1911643480
2031559782
-640004375
1006937967
1466405670
1766856842
-573837418
1086009963
1864360336
73765357
1382044906
-2051575189
1801457482
1713422867
65658801
817847995
-1049798214
-1664442308
-1814805662
1599234912
-488477345
2040799465
-479936181
-73183688
1280816680
-332668514
-647601394
509700704
-825237245
-1909699350
1681582155
1601007061
-982359373
1018788516
1814059934
1782390109
-1754851354
-1628024714
-1039760692
-109393241
-1488760186
854369951
-1521574344
647762097
128575567
-885230348
-1585239141
2147316329
751113889
-2111681497
-1682137101
1086766999
-1520808042
-1214931125
