-978334715
309271031
582491344
-718091981
-1234510797
393379649
75897371
-676946805
507176425
-469746541
-224724828
-124144080
728083669
-333879040
2010398997
-325401452
-1830388345
-1694134308
-1793752621
-1031750696
1130500199
1946258083
1504570631
623189067
914434025
-1880648424
791757818
1402838320
1436179966
-2029912143
-526146651
2032091075
-400108339
1298932786
1253901960
-405729666
1107607202
410747031
-100495430
-1317729128
-800722650
920984630
1086387009
36837837
343406544
1777441573
-1814786141
1429327460
724982171
-162225192
652283068
879858542
-1431370247
1700952847
-932998190
1431731019
-1278468857
94960110
824702182
-293101966
741705473
1117733485
978996556
-2121596816
596643575
678548978
1861485437
-1344454352
981923008
19329595
-103011284
1073520253
-1987565009
900814977
654355606
660867525
2129309573
776331994
1009692190
989550112
-1413889243
598379486
-607766760
1280164495
-1562978162
-444871539
147717348
-1222089592
1120897668
-506497936
782877503
1029060274
-823919472
-144023555
-1073292075
222810092
-1567793237
791720255
1840750873
-1060043117
-2086957515
-1446089034
141552473
1392968708
1291580204
1175497851
-1797130484
-1813148577
-22335335
-1857707097
1104948590
-1773502834
24525133
-411280395
-251807666
1407373445
1715917261
-1679635546
362868262
785681354
335719562
202084772
1610083180
-1342861768
-1547463339
-2116899350
491318567
-1839787265
1017274385
1093327906
1593655492
-1081456658
766873257
2006152335
-502342359
-951946508
-1719672252
-2070874323
-1265764086
-877302813
18500535
729851158
-1464257924
182677111
1378348859
1103219750
-1984422969
-1745123177
-1336266913
-826955550
-1766768257
2141333722
624292671
-272563563
854719957
976458060
-1104503818
663283131
-1099977430
-1066126735
756964688
-1353310045
-1102112795
-574803319
1905978820
1914791503
-1969740411
114533653
1409335713
881081246
-1710674695
1652373145
-271170170
568922796
-799115730
684544164
1101777942
941045881
1268236522
-1538131443
-1352391956
1826453704
-1961958184
351795070
171770573
-1469539255
1020255971
1542582326
1207029532
-402578183
-472653882
-1704551670
-2029627246
-759305015
432418788
-161073236
955160365
1651477117
-1307378604
988272687
245600105
-924671785
393044288
1955806922
-2138777939
-1697285132
301679983
2116309979
879323912
1491050741
-1070933217
1619097647
-1011232228
1632646112
136239639
-1133627520
1385739098
116545480
-1864644867
710418238
1472094575
905243948
1781652452
-1605124718
-436271363
-1675275619
-972790231
-885257057
-1279628658
2055408546
1850256767
-1371091446
753892805
103576031
908310599
1619303100
-1315099690
-603794317
1395622180
-101995802
247274295
2003216802
-77237810
-1913087419
-1950591337
-1353533772
-1917503705
-790582106
203493647
-265858532
-64208245
-637184340
-1270089322
-1713036325
-939291541
-1961816367
-600387142
-1666643930
388918300
-484332886
2063154061
103872582
-916547348
-521876370
1693971164
-1119085121
-719411082
1104094392
-198056537
-1852410956
233152055
534744203
-245243956
553818761
119234656
652950423
-1125990908
-675626551
1865360877
1451269818
-491824109
-1811166134
-1503776266
1245876936
79082043
-1113845105
-1076203452
410388367
-1655712271
123823981
-1629108442
-1986506987
-1071590957
-1528806672
-1519373691
-864772829
495356120
-1619511426
-334234570
-1399620858
45816008
-1105193667
1294771599
-1924713580
1926983663
1261854642
-1820699076
507804525
1237584397
120650154
-779295661
-2014914174
1556613264
-29283491
-1756444252
288658395
-305849852
1622107855
1203346006
1756243092
1716118730
738487929
-280833873
1865513768
162261255
-1941192151
1965621810
-637956623
692391391
-1424656859
-206122514
709296111
-455062045
-744761194
521286676
1321656008
-706726201
-1160541916
1820579531
10009871
1428238424
-1921849635
-1098136512
1411755208
-1253785940
2137520218
-1579838976
-1995579861
-1674431590
-1241370076
628076937
1821042344
577536876
-360202413
1657714205
1795224619
-56348461
1413755000
1230939097
140079265
1592230939
-1315392324
-219046906
-144320071
-1606254177
1970553161
-75728209
-2026778386
-1128049794
-1541649688
881277299
-166221883
1911495310
496301546
-859821156
1306192979
-771859824
1870782540
863922031
1581300226
1006073253
-1438193131
-1074728763
-455748973
-852432128
-1614635005
1769830618
-586235034
-1288942371
-881709978
-1280653468
-1007772935
-1906957902
1986589258
-1323294489
-2111507794
373695651
1669609179
-1610334649
-413380400
-639723206
65371397
-476337762
-1518459177
-1335843242
1464104794
-592473009
-1958613013
-680072092
-917261255
-1992066469
514929574
-594097459
-1820235733
-1515116813
1923248414
288098479
185596560
-626528691
835270178
537515214
1427650682
-33214277
-283515198
1389842636
-423538216
-1924564232
707000596
-1898112104
236520662
-523315259
1995286837
486313764
834182020
-1944443212
2013817230
-135223974
420061109
1793756226
-146435240
-645679024
516385065
-918073557
1239882593
1113887161
-913774098
1207809786
950030095
-1543996002
-1393533694
-872038433
108453285
-13675442
1339341629
928888772
-1680559675
1111076755
-359458195
2052724897
-1054908619
1884340006
1391745730
-295160817
775039205
-574459804
720750188
-468220901
-1100750032
778820928
461997954
-148458147
-1819134366
687289979
1716394021
-2121351608
1648362874
617717011
-1484123931
1800902594
-1922237136
-551510280
514586979
1839688438
1856540472
-750367995
90439478
-1791604631
-163390008
-117567443
1315419922
-1604469685
1285708632
-1542726667
-481407961
-1868770289
-521330008
-2095436767
385204678
333343037
916540167
-1409611854
1439181642
5817734
732413137
-1102376177
557973045
196801560
2132888120
1505047425
1988682392
-858958796
1055264839
369653220
-487283272
1794130173
-626301916
1882795163
-1553845522
-1438850415
-532361067
-2088666940
1178777295
582581341
-2001147963
677687980
-757641077
-699151188
-97850042
664561029
-2077493862
1231638913
1931910233
2083312214
-1435866220
365856423
-118780307
1095380530
1531477088
1438871814
-534116891
1838616492
-1058879343
2085948215
-428138210
685227913
797432844
1351640921
519748016
-1833082697
-1123194643
-236611035
-1106676750
-1540938882
159632555
-1956265153
-1415462205
1332148212
-809876615
-1167538481
-1995250809
-1157991498
-565678609
-1864594352
-1566501264
-335552812
1576537321
2101925543
-1212508418
767204365
45356975
-1884288649
23402696
687431739
-1898934187
1814458291
-830485380
-731648752
802208357
2004801396
481440035
81609474
-704145478
822384396
-207604311
1988263556
130600878
1529368410
-360681828
714986614
-2086771593
1032191839
515466292
543711709
-1655055666
1912618257
955726995
-454245674
-702695471
-300570769
-1384430004
-1794661177
434534697
1045620181
-1334106327
-2103261224
199781231
-1256929136
-394415320
1058677665
1082786507
-185377099
-1962954809
-813554908
1981323742
728241454
-1819605119
-276747267
919583457
1053700885
1057960343
-1545739048
-1649846514
1962821444
-51260909
-905515230
-1376808898
-759538900
-113584631
-1796208638
569309395
-517341466
531599392
-51657590
1102212567
855802503
-1562076848
2129157417
362803045
266924215
1418099180
1122581604
-1537205433
257990276
1637179107
-117553979
1173368288
779248755
-1102028990
-1164639725
-111628980
1768281304
-296675844
-1022412350
92349125
245826407
371233773
1364037293
-1841592760
-1635208694
-526717412
-476828670
-886554505
-163842316
-1140396992
-619009156
482207424
-397168651
219913093
2079828696
852366783
62609167
-108672625
-198458239
831720929
-1200747446
1679535038
1352064909
-1259866551
-256644924
856503988
-203552020
520612342
-1820791029
1346628115
-1594402850
-1219611867
-911070033
1577915531
-1938528347
-1137420045
-1292181231
1918227475
872128636
1886446406
-304300671
1903187573
770391495
199489774
-1009544568
-1160897008
1797304203
1949121542
1229848193
-1366077735
-443417313
2023262368
-1947078290
1319323554
-955375837
-1480230496
1183128072
-1861809249
1062503601
2101860328
524718103
1485979685
-2029832238
-927115339
1686654980
-340540749
-1596041933
-1598601144
-1859363924
-458548426
-202716392
-1466099256
-1198353290
975982216
-1308519535
-1013523098
-1128160601
672126265
1998577130
-1109580862
-479822348
1967438482
-1458840729
-474096244
-739546280
588720086
-735239376
-1334042002
731939879
-901914677
-1124933238
-1591016919
-503506333
1615163000
-1139718584
385991678
2141359694
1813516591
-1836915072
61487182
1413376320
-1362257203
2010252672
-1360002940
452121018
1457444928
888731906
977400114
-406213446
462174537
-1754784609
-102436230
1814560848
1157611906
229836929
1338639023
293366641
397313442
1766719325
1324302139
-1581463798
1191065856
1507837855
441325506
301220952
-1334341803
2117821414
500633479
-177955722
1712748229
-799514958
-48385778
1825711415
-137007584
-1546150565
1482528771
1723588405
2057403236
-2062684604
1873524058
1740493098
1102612102
-1871919536
-1279970889
393036925
-414442383
-1699421803
-1650486769
-1964787936
-1503732146
-253379761
-1162607986
-467233128
980623622
-23588585
-558240837
-639166372
1308983556
-1449073324
2005087705
653706083
-818516417
1035842801
930012816
-1585283336
1722938487
-505293744
-775109428
-923845936
1746224062
2110269310
-1923625243
1129350237
1225112889
-521426521
-1666593024
-366830236
1696958503
-952338485
-1126250060
1584850893
1028518691
-619818319
-1244429584
1884994233
-1472715355
437832732
1204122907
288224474
-2042567218
-1942973636
-2049403268
-1105207298
1903982180
954504295
-429289253
-732022293
-753151718
-459218936
-1487319192
-1393854862
2138358037
-1314616105
-538376484
-1613852994
-15556181
473368906
2039225310
-1499467284
-2058500755
1868337226
-1350071385
-1701025056
272877927
923841834
-393430296
1671434070
-1695852379
168377044
670551786
-1728541641
-1130224647
1718790725
-1002965769
1679778605
-1573121541
507206714
-144032776
224521593
1468459857
-1214715349
-1802116001
-1266272253
-1113192656
817838712
696470086
-522646350
-287458270
830446562
-116077096
-301810434
-610363127
100246588
110845423
-624590398
-1961055645
-638663071
1175881983
-1381923754
197087183
-538651800
2045392945
-561519395
-109419057
424860438
1116895442
-309898790
-907425842
-925425773
-92276754
1240597769
1142189669
-1674833823
-1647438792
-987350676
-1404260903
-327319415
-852645332
757034659
-567064
538872854
-210895241
378015104
-379860028
62120135
1472162454
-379043366
-449109153
-1846714881
-94261316
-1744298591
-83024663
52772864
673846264
40393011
-1180329578
-2132129192
-915690089
2065057005
1022173860
-1881299558
1150189766
-1856716797
1921304988
866411601
-230141060
-1445115756
-1025781545
943186738
1395940246
-669419272
-1766619069
-1730185072
-1833620670
921077340
-830133657
315696916
736001953
-419851119
1442448804
-417445972
1624954280
588575520
971404733
812408515
1847257414
615225249
2134667672
-62287693
651920075
261187916
-445468347
1089431927
-898615672
-835964464
2066329663
1983769509
394787506
-897431709
-1196945422
-421258598
-963987573
817972250
-1252254083
206205942
-461556285
-425173382
203982264
2015824970
-422899942
1978087246
1780377208
-387300592
-2077457078
-1220857670
1688691729
1437483483
1373135652
1445110416
-1555667940
-1572685105
613436409
446595041
1044252281
-1752065454
890772795
-319798825
1255676311
-147808253
-577812894
2009803714
1207537394
-2051075350
1798126356
894254191
-1637698595
-1511127823
1414554495
864379072
-676089215
956619155
669069065
1804712825
-95838427
-2003106862
-1493095125
-1413867945
-1903651409
-883216530
-1223143270
-1365782426
-395596951
-1556919981
-1496268633
2023611796
511424776
-1315431598
-1363944217
-1083659392
-1713749782
-172331244
-1675536618
1281818519
-501353057
871820363
1300465464
-1410719134
2006099115
-1263983063
-1892524544
1270672408
2135329161
2115865621
598251894
-2042198406
1114328305
15020444
1438982099
574027744
506541149
1787404709
-1962105681
134794126
1319585225
1473130728
1954413661
1736731467
-694983749
9405345
-389168747
623312436
-1008622206
-1154925952
956576084
588767437
-730173503
-1756038429
717381887
544541272
1849889071
-702906
1344418510
1567617897
1594156951
-1284385543
1987488871
-1472605766
-1707912922
-898471916
-2123852855
-1219019461
1531506149
2115240
-1991936405
-555707795
-1476856445
2095438391
672497316
-256530960
502900056
942087781
-613500083
-117400230
-2131162458
-974858258
2000862628
567083337
1587391777
1843906266
843952499
1194679483
-595010128
-1976547345
-1784917135
721091996
-412570251
-449177241
-267359769
394308256
1317261579
-1653917981
589407126
-2007342509
755627022
-1660944225
429064407
-684624019
1847017695
473309670
-911004924
1205706346
1375871144
-1181029689
-1119855082
1133035610
-9013347
1098453256
258918543
1505535733
961667461
1017973850
538609050
1150735858
-278351240
1072071118
-1071868561
-732945000
882098154
-640650617
-666077188
1124790932
467875303
74161
-382841407
229897997
-1982661472
1127081393
-957897989
1726947573
1495364133
-1574020963
-1844229884
-1630864990
-2051965837
-65168402
-1263607303
847934108
-554879055
1268753268
283312797
2088643512
246334646
-1690584183
806424188
1508083301
1309211599
337428105
429929043
1431378501
-1230895170
1754967425
750067886
-1935843585
-907137788
-503799770
1821799635
1252368211
398016866
1878867975
-818290722
623413614
928094109
-1598340346
1452573741
-297209729
-493919358
1916967172
-1039457539
1434620809
-1944069591
-2041954085
201654357
639892858
1663799933
-1670514543
1785635106
1996345981
1105455611
161103049
1177012131
958996108
1794863545
-1913369732
1462391303
-1748272824
1741268905
-986505751
1877860179
-774302964
2115665950
54103498
1281777289
1044512575
-2052160625
-1089398329
507112454
871976937
-629635941
1818754351
1655480619
-1625696632
2113024589
1991020261
-2054735297
1012244004
1873873568
-737469544
-920144236
823816865
-537300667
-1456296138
490297063
44501331
648408739
-1139244639
-578576884
-1645109545
-1449862370
-214369629
-1491716150
519708192
-399574373
55607583
1980885507
-1926290224
1237175364
1450543498
1605170200
-1523681080
-1435463032
2015401880
1829994635
-1415658750
-748988571
826681145
850070757
-496393315
1823174889
2037493958
-1236669479
-1636142279
-1291761163
1695562871
1818379689
-912833147
1905750852
-385074919
-1976419640
1194262805
-421838677
1069779452
-2013197120
-984571784
949712546
-1099169743
2089513301
-642977655
-1405760510
1007268597
1748988906
1455775749
-1368112113
-1130501273
-1509258972
-864045986
-766008135
-756246655
2122496205
-2105559090
-836989666
658602053
1667105274
-1759169362
1721561171
1761443638
582573422
-1927425529
1929902180
-645394679
-1914502592
-2006997655
973510040
-666430564
-1536044868
-212169221
1845706233
-924048089
2091779975
-1149522733
-726687470
932457136
1810736901
-637563257
105599994
-736481340
-1899419906
1489295876
-941966959
1188389219
-667721089
1805293725
-257053943
-1207605701
2043272702
-626889882
-209083224
1471120921
1700842433
-1156562493
1858304715
685921436
438334079
102131003
1087429421
-1602432213
213899847
-882512239
-1197859223
1475427880
214098848
-1567033323
-2040975939
-1488258715
-1100993295
1314726199
190480656
-1572712489
-334140893
-1031129252
-926844619
-643827064
1245123204
-2068178956
-1212048783
-1075993902
-1540192018
-1699471412
-858625222
1963971529
218636839
1817164704
1400634177
-1913057543
-185291381
2090266100
-38381902
-1678968752
999842792
288022051
-1061787206
2049297757
-496803672
-2072394569
-39380919
-794977349
-1259468491
1752615163
393580057
-1482691897
-2040133992
-243686449
-742126866
425708696
-627133085
-1795875909
-1668894946
589924912
1893609425
-351228347
-1912468397
-1115267346
208557611
-702350714
-635732337
-585369785
-2054456980
-1395670790
1516736880
-461855051
180390952
-1402631016
-1637681740
-1399289618
291175849
-1371252446
-1895380224
1576993369
-1315003558
-304624963
481378780
1375949757
-1559997336
1648675524
-731391486
-2103036613
877927333
-1600938536
-1375158056
1244769406
219554736
-1776498885
-1437264839
1782813232
1071890771
1888505182
-1240068741
1190558383
-640401365
1314141112
-885303123
-1377569280
819418510
-2140127784
32578592
1291213571
1669946792
1007308733
-2037353432
-1984982552
-684996889
634912613
-1909102813
-907177503
-1238478951
-1960891485
116495802
2056029721
425458130
-618091467
37956454
1909575139
1502140818
-693801195
-1662266570
1653230646
634134823
1370986255
1455142094
1417263705
623120336
-2041155693
-1818182222
-698355238
-937974109
417155532
227195588
1756651972
1237600176
-1258121488
-927398389
1971790608
-435969179
-1082797095
437177525
-1124442021
-835151821
87562709
1029124447
364774617
504883313
-1364432711
405982866
-1725766007
-676599167
1989803580
435969425
435806122
2135856
1043091073
-1182104239
533105517
936876642
1671524853
730928584
-2079024661
1578781166
-1424941989
1606693738
1765404504
-440817978
1287876900
-1274792208
801047161
-1035285413
-1406121725
-1274985126
-1521865133
934310463
-80429887
-2060327881
746711844
763913227
1469450573
-1427632604
-1943723370
-266464382
-758767338
-1056666735
1540887346
-554587914
-296780131
-847211574
1243051794
1878341098
-544011195
1174534709
1336599002
211283448
-321112723
-819041320
487229928
-1395553803
1232893120
-1011449570
-457445174
584989010
1877013451
1901701082
233578224
-629291579
1554649039
-1364186740
1002792610
1452199207
-1779050536
1972949474
-1955995085
302593439
1133238286
-805570176
-2091179657
334053376
145344074
-412223229
782940785
-1563501457
-468327445
-128497597
2077667665
455812425
1075128554
1458097624
-1645220964
605037635
254839852
1938236127
-1109908820
-380287535
1704328471
-1245720834
1414007131
-804970804
1452728935
881311908
-1826252549
1647274062
-208719294
1756530069
280869256
730093024
1788704649
1468401573
-1594640096
-1899189801
1363499120
-951660093
-760461645
2141465594
-694455728
-2099961543
-1176443914
-1441634712
-1288528197
-1271707855
-1809579364
888655032
1341126097
-464380294
-315801400
-1560039070
2037129681
822647180
1720219836
-1303794340
-1864509454
82291913
1341757398
-1294770680
519211635
-806610683
819097789
-84566708
-440948751
1881397832
211221719
-1560373246
-1912079368
-1368047918
304070910
-347838829
672531675
974252638
-80656014
-437122082
1457869511
889211307
1450897680
-1687486883
-518896618
-1043711433
1717462980
-1292132470
-681004320
772270669
-16470981
604980607
-1329633320
-1419102910
-1520669475
-326452516
-610834860
-380108806
434701306
-1183557396
-430217811
-261727823
-452426942
-1241440246
-1609757752
120284407
-1983217030
-726633919
1777515765
292048124
-807885459
1150702642
1756501239
931580685
1737297184
-326215622
-1250927261
-383057826
-1000200120
-1525704749
257135917
-1302157303
-592800000
301752122
-1605116545
1543955798
-248048202
-431067310
116809676
1836462653
796631910
-1641350712
780665125
606089768
-64727285
1459075959
1375696587
481651964
-1105356719
45930764
1746112516
1181300314
-770003058
1253401069
-762590926
-623622879
-807345933
-1230332586
2090761248
1357561655
-598964482
701793733
764494239
-278872695
2020139058
750524056
453335121
1594133583
508199946
1682067443
849552580
-2008667244
1122480938
-1162275609
-227205438
77059061
-1339492648
1059669968
1534312422
1691059112
-14695511
1521731838
-943110286
-1387407424
-1627909249
1521564566
2137876320
1616819630
-720033102
974042298
1730555574
-1318287094
2098789516
1000585447
1224525086
-2084628077
-1214717189
471870367
-16135243
1575697780
-751198847
452400455
1399224099
-1017582647
1763167086
-1332386991
525121259
1907979104
838948177
-1149106531
423755267
-639379005
-1990755924
536286236
-1412595546
510240374
-608669466
207211446
83098473
-1097425284
-1911890811
988916077
-1883220084
1857172512
-596347492
-325262142
96583826
243379953
459845249
-347930025
-472056044
292966413
-292340797
2074893269
89664721
1625487010
-315770790
-1083194865
-2031806968
-330757966
-1198597856
-15360665
2061491209
-427514859
1672799104
-1398656912
-583226103
-2070127676
-931898516
-1917919019
569943350
-461830829
-737207148
1817487992
-1987105525
1125014207
814174932
1571299550
-1925814044
-1832553367
-314243603
766091977
1975160276
-796500126
-807654281
-913136602
-453431370
-1479650327
-533956074
-1399639511
1887100034
1360285745
552819947
-559868490
-1531275039
1637227366
2054938190
590100482
-107998718
214168818
-543204679
-1935528582
-1842702162
773944315
285558022
-203093277
-1822934631
718691120
-155227939
1584916674
2058716923
747791557
-398237593
1566947581
370665311
-2146219333
-308727481
-133344575
2102230459
-1597206684
-979221303
55040166
241893055
354732582
2077962076
1963777297
-946796687
464813183
1999502141
-1727403814
630704377
-164711608
43117173
702105646
-1230430791
-1973684163
1787880453
-2032254539
-272737376
286545852
1738145886
915086326
1031305152
-1767014708
-544478954
-231238406
1092505373
1679701345
945356761
-772493265
1257646279
-999769891
-581795683
775224975
1491911978
-2098087206
130487065
820954369
-1395814749
2105673766
-713785481
978298111
-982204585
-2079515634
-1290569145
1953475448
-1818390464
-784915489
-901792841
-1611929098
-495204984
-1120323927
-1754409471
388955651
1869687833
23774534
-507281628
-1313854775
941939828
1369671322
-893500970
-371726088
1414223554
437871643
-1981822536
-373092116
-842281944
2022845075
408305355
-888405234
2011179359
-1225194716
-1257610206
-430738823
-1181567357
-1880885108
-639341095
-289884703
-1563074518
-879358806
1119076933
1309393584
-761528904
-2117164479
-1003152788
-1233045903
-1591465744
-1166065926
1500886455
-1202515343
1898609358
-1047729745
1720292581
-750842461
-696893035
1213376742
1417015363
-1887592252
-1792932829
653190555
1787845913
-1512361794
479749771
-4344254
-391752089
-984679599
-1599978523
1023301131
-1706550063
-1677612560
-77852321
1807895655
1372398039
477081320
297131672
740886730
1347908168
-1821257529
444761901
634582706
-1434528776
-1145534469
1263528339
1151553000
1050905264
619516601
-2020919514
362291974
225704037
-1166712033
-1961774718
1374977080
1714392237
369511324
176122129
1752198726
-1041975442
1459719567
-1634545435
1289717201
-1299262760
391360046
1310014408
-1224867620
2144614548
-1822444119
-937060720
-1256612722
-361499075
1657093262
281277366
-2024604875
-864692977
95382382
-2007909335
-662641010
-1910069027
-1004416831
-308045472
-628166077
-1978262968
-996003578
-1367380818
-1849343308
-873832403
334279982
-1926109223
-1124107270
439458911
2052201274
680303340
-1800069848
-375402603
859163938
928418636
-535442477
-610035546
-769916423
-2042189816
849368020
1646998259
622218573
-784289931
499343179
1645635619
-1470152493
184703482
-1652348185
2087282965
-119798717
1257758248
1695529573
2132787730
-1656420479
1959535117
350966102
1354620482
-702205187
1639591369
-134663132
414371425
-302957989
1441444705
331937110
159598258
-1569786539
1703002067
317903634
-741210061
-1044454688
-89265815
-1969362717
-1444337391
1708669581
1632341842
244398524
-844435362
1802121266
1522794094
1841092157
-838321920
-887403063
-1627811992
-868703436
-125464596
2018117527
-2104552951
1670022246
-1506311788
-721424752
15342027
-958533746
892455582
-906287879
909442989
720579493
-420716587
700971343
345943365
1898758243
-321093276
1629408103
1298367771
1720048133
-2052108991
593010646
319552563
-1566268079
-1032420122
-233896558
1812117739
-722999338
-487622074
690106841
1013795591
-1249945480
-300460034
-693471663
1229967626
-1550681045
1874802891
-1224182416
515186375
-1619916034
-133840324
1922677021
-1407567562
1963729243
-171755864
-624062569
1593129867
-1080311411
-732941727
-1448062315
-1608713852
-401577599
1725859881
-540967761
-1890061566
1412612304
-752946972
-1706348292
766405851
-380132612
-2124053873
1454905595
1954857710
-1966929415
1965695600
1741601974
171984759
-571433745
-1528732017
-1501054684
-561364061
-435165378
-151152028
-2086242097
1298787686
-1067549758
-357639471
-678276426
-492345716
1156221015
1358200145
-1922550924
863443214
-1628660321
-184469902
1528509600
-728890202
764391170
2098639744
-1795373449
1538576805
-2048225546
-300639358
627789752
-688341756
559836032
255994730
1139828687
-1107906120
-993915143
-526851705
-1878651083
1018045257
-1527125739
-1890980802
894208534
-938574427
-1457970143
-375435272
527483187
1011564081
1495812747
-1879771042
-1919070967
-1322251744
1064452263
-1013634877
1984859955
-1435544056
-117401936
822542306
-1224442356
377189042
1694267148
-787152184
1976764056
-2027744463
1379513555
-1782783213
-8640349
1629986869
2055585425
496563292
-909299414
747957408
1420589387
-597228303
-1179994374
1275535193
1421952960
-1051226681
-456311401
-695933344
643482096
1326149038
1793761886
459360035
-1705778975
-1261067322
-1087981587
184131599
-1047682400
-667304655
-2090355774
-1084641431
-1671927163
1744235017
-2116988382
639152989
48013755
1115352468
393466939
643823447
-632398848
1603755446
-1536541556
-331586927
892339368
1812391335
326462852
2053233644
-828090394
-1275625499
-338162071
-1902078204
437267534
1672076138
1846631035
-524706178
1431359637
-1987747807
626212441
4272035
617873819
1459848854
-294492254
-1710048462
-97862485
-2066974995
1876241118
-775708815
528511489
1435116309
919626655
213839749
-1057727604
-912895939
1680847587
210099203
-1200948236
788218758
-442974276
1496682694
-2058745379
1283851769
1917804082
-1372808190
-2014229651
522482618
-908410776
-1783156071
-454613492
498633342
1483347452
2001397165
-170400150
-1943164102
1507409332
-1286627979
-1024260923
-634141924
-1357091498
-1191383724
102885739
-674263106
-723258410
1538266407
-683149954
-1590791527
599226806
-1366277154
2104742903
656377783
-1143315543
-862195891
1759925996
-1048906836
541145978
-1181526716
-44866283
266050758
-1778760916
-756975140
1191558028
-761347197
1323931233
-2014955757
-1328117804
1298148931
1239121407
-1944505957
1349918235
341892158
-1661609456
-995703058
-493662269
-89033801
-1396980247
-2086319963
1564681758
-1093083279
526703246
1980897546
1558381945
1380110178
1283175252
346782955
717978715
1682509990
-2117232440
-1816840527
-976600306
-1620709194
-487623217
-1207746896
-21090466
-1521672231
1983544078
-1316541249
1075323040
-527710503
1399133323
173156107
296757238
1059570682
-217901676
-708416984
2072932560
-1799273689
-1920844065
-472859032
1983622581
-348576402
-370769166
-1330418064
103091522
1376906158
853257413
-797863161
500956019
-1645733745
-1981264731
1988282417
549073697
230309297
1726484314
-1805344900
-789126197
1921525799
196207499
-1927257191
-1849561192
1918099494
-1020227231
774963501
1808172444
-117018631
2121967723
413018345
-255419302
996517432
65071041
-186712360
1981091977
-1452849352
163087467
845671159
-1379111910
1359045061
-1558646269
99376906
939301242
-128009458
-1642393192
1083614637
-1477834988
1230603744
1134684885
872746664
-1038287079
-410134249
512971618
1945963656
2124953475
158898512
2112432265
213522282
-67510698
-215037469
-1603666148
-322475751
-369449432
2038724880
1549954454
1487988315
-1351444764
-298206345
2141607040
1724434823
1289987786
-1539872051
-1766602474
-1358634405
-1266262087
-1253270580
-1421375958
-1748009204
1729434800
611909483
1699546951
1372934813
-724145262
-1612733617
-1156402664
-1684345740
-2111815895
2000733568
-1723026934
-1892051671
-1164436116
1049669472
385313328
-498293599
-1224284668
-1557345320
2127864167
1326818651
1122585868
1150250195
-1236480838
393140489
-247511528
-1435110417
-231728121
1267266146
-675767432
1903448690
-1016517406
1625954358
612185534
1730942074
-93485127
-1359903294
162781052
-267621512
-1101640905
646208581
-1026404015
-991695906
776841709
2008906194
2129556007
-438046185
-1885069777
1271097704
-520669259
-968826185
581597244
260358207
1865548619
-560350733
1520183969
1733065828
-1630546226
1745133139
599226590
-131778424
1395318272
1430612645
-1000903607
203114771
1518127108
1049518901
-2067942606
1322980991
534951201
-579171782
-747057593
-1440069404
-326386491
-1644935278
-466276294
714053838
1681608653
1420974002
-2104609888
-446277290
-1407649021
941635031
-597816548
-2015883408
-497332761
338064769
-1655042116
-2096649600
1106504114
1603976993
-1162145374
-1973472717
-885064553
1382442000
-2021159194
917110156
1645784395
-1997685309
51377339
1488111421
-1763755320
-1020146627
428560080
-1447152840
1527829580
935905220
-1262155528
-1129342588
-1885311577
190945751
-692934900
288303700
185406390
1079079262
-2083350769
376660
-1946450646
-840309213
1570996627
-2041319866
852104078
675897216
2023079004
831467725
-40693625
-297880998
449758018
562640265
1318210396
2129930829
-1271866533
494055011
1898341048
598045224
-224967591
-2046021591
367980207
904335259
1767480367
-951257252
-686504194
540894767
-818980614
670082632
-2099648106
1613526389
1941339423
584732757
1885521243
1573439106
-1133581904
374105757
-914166488
1080376474
1512960787
484071870
141784854
427867434
-2111562779
2096235760
-101086210
970056443
-221701605
-1020774823
937945915
662581413
2074118762
1649731743
491677364
191723073
1359738344
-2143223361
-917071079
226582113
-1048244749
1601219357
2147313771
-1216063932
568672849
-340617509
-53678398
1143096646
-1727130216
818792045
-2085416118
-1653553259
446157776
-1507023251
1397543310
-1800150999
-2107469994
150836139
-1027678984
-1771612683
-1438676989
355343752
-1078438248
1231302746
765943948
2116524419
-2017158364
1501365980
-1345075669
-1752638444
-1763873473
1281562647
349793919
-981325128
-1669398530
105995251
-1865838672
-113919155
1553180071
1645872406
1991259862
-1328524129
983901883
2030445978
-1363730277
-2110593982
-1742863050
1639869183
-183830498
-1958797919
2051354644
-177265309
-459595750
-110725545
776137495
-1362555408
665479751
-2076437571
-249172281
-895254379
1722376447
1505721795
1540097210
1025252599
171509541
-803263741
1459725333
-883227990
431960642
-988857837
1331712594
417471643
1256448752
130149402
-357839805
-624873519
971063163
1968485541
-1914029227
-1032871596
621155524
-1721896261
74709785
1487415148
-245038744
175417134
-1057246464
-1380853234
-1582780638
1313651763
-1168652186
-347777389
1420279405
-1751666123
1256352977
-604771669
-841398163
42124773
-1160393607
-1967472
276110095
1084810133
6168843
-704309634
-1256647826
-1411384378
-1955353431
1596552033
-75548040
229543167
-1272258251
1141488336
-1268348975
-1196460321
675887055
1560241722
-1517654281
-688428427
-724468581
-8316578
144939686
-1645179953
-1709010233
2131210240
-248612227
-766109488
963638476
-1018563879
1364887264
658712902
2030793971
-263575602
-1085317344
1457839164
1584136730
-1934626459
522397145
-1148090741
2035643575
-1147391628
-1246773349
-502548809
-1086216163
1472979738
-1960126516
1389437431
292250622
-1850073101
876531660
1170394773
-1361061328
549504134
1134623834
1249185656
-16532301
-751147006
-1627138763
759899391
205860851
-90203350
1862925062
-1620338929
-226222775
-1312513396
1019819901
-757621649
1968089543
-1677975560
1186651065
1438720850
-274213580
2134269744
216604908
-706719947
636126549
-126076452
1325363006
-12419093
45842798
-1398815040
551399154
-1625672203
-2044648952
1575766064
-1582495801
1673029655
-1040205581
-1908273726
947303072
-1538449881
-2052721266
312622405
-702299802
1184261415
-1291531963
-1258703118
-1713962707
729936022
1206030426
-1573287711
-1342154091
657915138
336691944
-1866553922
1620792434
-498907166
1336783397
-588131652
-469721937
-1577111390
-1176037913
455344328
-909329553
-1159047426
1310748265
221938946
-253995916
-905753966
-1435238834
2080498792
1417714372
120725426
-197435163
238364372
1075108489
1812397431
-582483795
-172825304
-381141704
-1265960679
-1420955108
-1120368953
-2130891786
-1393372540
316356252
-376479162
-1663962058
-471308764
-464409643
-1214335645
1987875494
-552015868
66726705
1888528437
207472715
-737985514
-1028940388
1969737637
1045290474
-1159528492
1122568075
-683285732
-991446614
977934599
1124454720
-1736730243
1857891062
1623449061
135253835
1199890773
-1607888728
-1275450783
-1556951213
-1215043503
1176911203
-1417283905
-868111082
226534896
-2066334145
-300268698
-1135791187
52026744
-1917491284
1666280953
49368852
825215789
-2119119729
-2142092377
881152490
-511708992
-1087568975
-754752318
2128892788
-1876118266
-849289383
1004064142
-363927065
132303593
1941011254
447780955
204981478
1064932259
-819542909
-588165930
-1092555703
-1560612824
534634597
1533890715
-1832409313
-1076742685
-154069866
-1565242099
-231125258
-609666395
-1482484152
-2118869398
-1538550951
2054532058
-728374461
1310466073
-1760104039
1638409469
1655933264
84470342
-1313184560
261208397
-1817083942
1854919856
1100714530
-1372855104
-1065519151
1822937793
1137112390
985274424
-1259551279
-1352237858
-142094012
1601918196
-654980477
-898934016
2055727487
1964346184
-1469252285
253543555
-1790753034
1707847824
-575308541
-1506645699
-929264186
137019490
-1334883474
-2043226158
1327671027
-1192682238
-1926523313
90871111
1449181799
-143195366
1221702452
-1459054124
-1298270919
-176814934
2145759566
1402291965
-1174276045
37273405
697017755
1021192931
-1888957810
-1882504868
1714492742
-236837673
-1182319361
35115847
-596106675
-1908490449
2090772726
1103304418
311844452
490263133
-1675732956
378909421
-921475047
-1824275140
1114988606
-134677128
2079438392
-1421082963
675280641
1617910165
-1962003088
-1975624606
1294434933
-901235634
-1205232586
-661667079
-864229004
