1707568303
-1347485350
1435690947
-877343630
1472909473
-1332573110
-1270552795
-126578488
-1085760903
1412695881
676521554
1779249632
-1506003515
-767540280
-424998698
801410958
-1132645131
-149959299
591676917
1986954577
2042565713
-1213979583
-1406998857
621580505
919975980
-316395461
-690073273
2095242441
587668057
-1452714946
-345524867
2139927486
-1715086626
-748633488
1790340793
-306798704
-1699239961
1880815403
351809266
1053079767
1822798077
1453162023
-433043698
-787486032
-1557882505
-1758894632
1930600563
-1681051967
1772396080
-857012972
127679453
-77724295
-1536040326
-114428168
-1632351886
1727639196
-466085807
-1552256756
-1958859245
1603462654
-2112096301
1756321701
1488325108
467019918
1689270767
645837962
-1191799698
140035478
-1070396836
-1360497702
257974547
1439776832
-1445190451
-1297511636
1820844546
1974846811
231936354
139718392
1242610557
-2010793633
-1259850655
-232392140
-1850590024
-1731222866
-1314740955
-1124193214
231346675
-606800868
517996630
1630691593
983532490
1807842225
1684187482
1893721952
248174539
-557549139
-1166135542
-121890381
207201865
800433099
-589772888
1321426144
746731887
1062246602
1882462225
-2019645086
-1169864297
-1347057624
-1348552146
1047921328
1182706396
669389360
1435711152
-177700633
-1361395731
-2099141577
748709372
-313995098
-231750108
-294333151
1015180386
1674005816
-854110506
755205674
-1823292011
-1910433544
-90867220
-1278358557
1508447063
-436348943
1801504178
682353529
1307419507
-593760060
-600406034
1061009469
783933680
1342535630
1171612724
1515109727
-483253117
486942857
-1594338439
-621338627
-1853384635
1899827507
725749989
672109916
-175627611
-1993681748
-1733165076
907889012
-1844605793
-389568860
-1791434849
1982837169
-176400595
-667261451
1821695806
1501710327
-212470786
-1543734964
822208530
340816359
619271525
1447842319
-188469127
-1939204000
610797971
25868666
-1671402430
-1141132472
659903753
1312640011
146157114
-1629172340
-223870905
-2043492576
1046892295
-1658567324
-1555116855
1592528093
1010330931
1871826139
-1403861709
171377235
835705483
-1718587762
1741806794
-1290359842
473008810
-1428284749
213881382
1223044046
-1415457072
-1134526371
536906021
-111507640
125446903
-1307592963
391204899
-975088274
637792296
790854700
-558381977
1746451645
828852234
1353714086
-113128993
234840759
-594448965
-366229607
-1295300080
255930817
-1260400670
1730633504
632335943
1945114957
-728090620
-1575620343
66210068
944122939
-535325929
-107252514
580936440
-1962884740
-1056034988
11764771
-1347494307
-1699054856
172589905
576919003
-389372218
-861645134
-1894985138
197914193
-1128636602
-1168363992
1443578318
1067501332
1266091062
128010239
1297298537
-1201310910
46167073
-645013537
-1139540512
1406567433
-1732439037
1913047196
1845642354
227029355
1400046259
-1988064107
-1685019795
-108754112
-2049142884
2035003489
393700103
-441633151
-1992234829
126876583
-698394259
2049260226
-2037042268
-1237783476
1446070556
1380688896
1597605454
1167308756
818696304
-1860698979
-509054351
-1132364031
-2030354822
-516562009
484907174
-1322870848
1168761110
592266080
804189839
-668331707
1037606971
-2017924102
-265690034
-1943611788
-522323308
-1127901534
1990980922
757207682
1131067216
-1011903297
1180577744
-286213156
-71376587
-181031045
-1190637337
397437255
-3481861
-1761870975
-1789456857
1528157512
-405193513
-178150136
-1344304197
513127365
-820839595
1578694672
-872941243
462601708
1845065578
922822892
1380485650
1107695699
1225670601
649437439
293026958
-1916438689
-929928331
1094636490
-58448646
-186866198
2060207511
395108389
-1852625061
-727297504
1775985297
-1809546804
1312525493
-1750448983
1846571602
-1360324835
-750502023
1711629836
1866425323
763805471
1278769979
-545114542
534228578
429118406
2125843367
1473157865
2096616134
306267252
-318687563
749086411
879651715
-1476815677
-2037395941
1368801503
2112642295
248939393
-83729405
2004077727
1288764228
1945738747
1608210174
-1930413830
1832008039
1925464958
573614391
607525243
-565168759
-1651647206
1393284843
1565765033
-540756331
-501264983
306978840
-1061422415
-759927030
556195343
-134792844
1317886786
2119244050
2034772418
-634414944
1758898616
72925138
782225292
-1647915107
117598332
3131906
1724574351
64334719
1361153193
-554133056
335452042
-1221916065
-1052389645
-2115709535
-809760167
-2080531307
-1045059900
187281161
1131542466
1650197799
1589793703
1119992252
1260672878
1134169467
-1666541335
263989428
-1203781068
-877600684
-881127555
-293436364
-2125598563
-462192645
1720136224
1098591517
43326884
2027416508
-1457223747
-1728036481
-2080091715
1705552020
-1459384303
789034610
-1905599976
-2114346713
-31959406
2069019431
1159295014
2012647671
1925107597
-205014727
1307563355
1565552339
-219847795
1392215624
683796278
-1527608692
-1463137021
-2111595832
-869568642
687821294
2139008035
-51092970
295318733
-408948498
-651397877
42727372
-792064175
1311850783
1196071978
-2017794475
1818691025
-133448597
1069360351
-637420861
709211886
-271882498
-912984480
-2135719457
-1310551381
1456989317
-1191339299
-937786751
-404969425
-700699496
2049264868
-1300379358
-1926689848
417370739
1892546310
-776251217
1225267507
1899041772
1274808763
-485223265
1435899418
-1905974367
891440002
1526970439
-328927011
389898864
-1233647796
1641049964
-752527467
610204715
1998142746
-400366566
1413530453
-491021428
1130805476
1588647347
1420301234
1240476006
789984189
2047970634
-1422104955
1785973533
1119937331
359973681
-144582673
-1223437224
180427515
1634322896
-810076516
466657268
1461052622
-798092872
-1612826548
754615355
-2045922675
-1361618185
284422799
732780117
736595627
-1474353235
-1945003057
-1413730050
-760451381
500843487
-1255548781
-368676231
-847737689
-1375701366
-1760093951
608839107
-1148786380
1943384059
1408486053
-1005106420
-942711293
-502838947
1058890352
-523586718
69853418
-760927853
1288667906
1739482031
1760550371
-339221688
1045742379
952677093
507431731
1798447171
631167151
1237489527
1083005902
290254335
267397961
-1444882422
1903621113
1371783034
1767707634
1234375532
1035420721
1325283405
176901218
416732101
-594923957
-217901828
-1283829034
1222385931
-1723705124
-986659697
-779631084
-767801669
-2010442534
-840071327
-259064404
1491779781
300972419
-382064841
-1087151489
-585923641
-1626154371
-1540383596
-2124854395
-1952902018
-577176514
153171274
-1849072950
1427645048
8825517
1201803348
-650717512
-1904371186
416519689
-1169816861
362863516
-845717103
-1929864694
-1998374218
1703690594
-170445373
1827132229
-1130679890
-1088806493
822237577
1051076308
-1874409823
130869729
-2080371491
436412469
-1253404819
656229904
748945161
-631879310
395688016
806661976
-915329007
-1846058622
-455146377
624665369
-81463952
-1499917073
-1873230892
-1299855825
815863303
1443110072
-1504849356
-758744970
1271345490
1110108024
1067905936
-975397744
-398006820
-663998265
360260002
443324389
394488565
1683827423
-1112367429
904646379
634163617
-1193664894
-1257905709
-1741610585
1886544082
212247835
344895457
-1192088462
-386285350
-791355101
1285486189
1976389888
-1154749926
1757239494
-286901406
-2097362018
-1054766337
734484165
-2113948120
-1613801286
1292228911
-2099513955
-459250190
-1496895832
324862462
878459113
-530597548
671633315
492613158
-1676355324
-123036905
-1882490863
144477367
389063922
454686800
-367317750
324016460
-254501248
-933030993
-445337829
-1717956225
-1726008151
1504262676
-1891707578
2090683806
-2013904838
-1034048409
1940198477
636874910
1705354937
1146344104
-561695185
1702961999
-1760901245
-142799804
1224902130
-1559703855
673650483
1512092075
-549882973
-590607802
-122254006
-1097196770
398128283
-1238093880
-1727215604
-772816691
-1289280509
-1433285475
742787752
1882441760
162719641
-38018903
101153179
-372272556
920427699
-1558240989
1474050389
-186572726
-1521479292
1651651211
-1024240869
283795355
1715097245
-1960899109
-790854609
-1098926865
340915382
-1950284548
1595956015
-911976561
1004614319
1964644987
-1066252358
156783159
443193297
1993973884
1895923801
2059746608
1112688216
-1682353426
-1806179685
-273414754
1300843061
-1055563520
1216622977
-1480108522
1439766543
-8971822
239031836
-275024781
-1375111029
1825648751
-560822668
832940266
643523532
2041039611
-293701972
-4554150
-1858629315
-951201496
-427689885
1388547048
-515391603
-1979437586
1759554652
899827659
-320997125
-1654720389
-59725216
29852516
173889491
-551569305
-859815070
1289967761
1993084727
468924715
-1982643740
1216573505
-193545182
2104795347
197741722
330979915
-1215741270
-1866547725
531976012
-448524677
2046933892
1945092311
352849408
-548869394
598095309
-1097673731
-1267841449
1042400159
-1913761529
1076250567
1277494071
-1365977279
-1956777119
-1607711380
1758267050
1194114382
-35741638
1604271407
-1091539451
-1865965217
-1267125529
1132626900
922481740
2106482622
1185546676
249221966
496989908
946362169
-1096438487
-555638084
866099242
-2097544136
-1400561779
-503215722
-463676109
1653192978
112427183
1616454179
-672005996
906430363
-530505245
-1234886866
-1760610221
-567889919
-1721063861
2135525624
568080830
1565403352
1549003607
2000508272
1786169227
-1926818702
-353733234
-954544223
894498368
476329844
1226532237
1397391979
939840213
-1379482459
1942305104
694524533
-1872146537
1930170889
789437872
1279783778
604937038
408488750
155833388
1696154690
-771340638
-130419516
-318148373
2086149962
-264381510
-492677773
1118663937
-144131896
-1996960731
-608036887
1882491121
148154704
-1906255619
121780785
17259378
1518870331
2146589001
-87253429
1872849014
2100048721
704381603
1156042744
1011919975
226841797
-2134894566
2087244756
-14235725
867696737
-1992350887
1716147114
-1948625270
1069889281
-1751999480
-52839421
620724454
-2051840187
1480597873
-1994383616
2095777483
32489089
1968450150
-948572055
-1107079985
-1228991240
-1415753886
-946999547
-1367921443
-1923815094
-1370516754
3460907
-460681419
-208003286
-907457466
-590841191
-718991434
-1978370733
950638652
-415041149
-1102105761
1190848188
360871003
-85829393
1057944083
999451402
-1133582258
-1841814977
232560796
447859269
-1028136573
218118159
720717553
570587086
-46619381
-1882706880
610307771
-1233147760
-530711613
242049877
1255339541
-283895690
-475431752
-334915331
-655400301
826946332
456432071
-196437520
369471622
-1559653432
1933922948
-190101762
-91424131
1956122779
-1899974307
-456051356
595350797
1187235075
1197831934
-307003295
1250755285
1165938547
-394553355
476356616
-1600297796
-24332714
139161753
-1599973033
1830562428
-1049843648
477745960
-303293559
500664164
548080486
-1483451345
1360092840
1711566681
1618481232
-320112338
-1053894811
1443766301
-1844954164
428780923
724210731
670989011
1511988261
-1877466778
-819177615
1247015362
-361521771
-1355483235
-1315912881
1965166169
1017164279
-759667502
-1582618028
128308082
-917749824
718185882
160635286
-817397798
-1571189713
785313432
142077961
-1332251375
1385927875
662289114
1170609940
2137802317
869207021
1902320770
1276031073
-249285692
65727751
1914631080
-128201484
-882076117
-1873683580
-1279316097
-492273281
-686424455
-279068313
-2137883210
1742040051
1235488240
1247961337
-1626076128
-773357990
632572509
-220541515
1239629974
-1175969053
-498634083
-532610937
732203804
882576702
-1616046237
-1337066699
1629140546
1236225322
1988721721
2085891869
1322932684
290879051
1852441796
-481486048
1508856724
663089472
1440526923
1414419678
1441163951
-875312651
-1035766407
799633699
757825743
1914801972
-1578870686
-1321369696
-53545497
6100866
54772931
-1414001187
-1999953388
-775405784
-2115605875
99542382
-1408431685
-2051673201
1852607140
945486180
-1240354834
-541319215
-1898927645
-61851898
-1457804525
-1489023349
-944770973
806694337
102424519
-1388964616
824359165
230212188
1889175039
1716493115
-586148596
364077423
-2086151056
-292956677
-1034991497
222586133
-488231375
-1225177803
-208240146
-1303141920
-13955427
-2008200116
593908595
111824653
1715990397
968456036
-619335909
-2116698632
1750365543
1570587121
588934165
-147221294
-1541460384
-389467510
1374066667
1677623440
-828338488
1205428227
2104694792
837128742
279337079
-1928678471
-1777049735
1205320436
1353437218
292650287
2008956151
-1299440512
-13277949
-1815270695
2108163364
-300474522
-1202934087
647904312
462593301
1071613324
-1625037460
199278886
872818960
-292164711
2142648372
1881078386
-604675178
-23171673
-542333509
632614831
-963583837
-467442890
-2111489248
1968639561
-736973
67331684
-478880482
-1887754792
-16803064
20716122
-1462108307
1952732600
-2041997142
-2003409655
1587080807
1804058585
-1507912273
1466961942
2069925615
-1744235309
1439841084
-1748368110
-194987890
1818971452
770400459
-897476370
-1737912866
-729603011
1995978030
2081331885
1811773227
-679598237
-298454061
-7923365
-1028283562
1034579890
-1034737080
-1304095427
1576219388
-875014145
-1823878655
-1751543735
1540714968
-638532481
-384122279
-491015720
-837827995
821022618
440385238
-1395002983
-591388729
253554693
-63330896
958299593
1137131
492235791
-1158380908
-673754976
444755948
-958714310
-1626109531
2013636878
-1218532168
1532317452
1809006274
-90187097
-343381517
1383917607
-481276658
1342941402
-59597541
-296418153
1072026284
-1375297175
272863980
-427703701
1665017034
-711644652
1960672517
559806854
-1143123999
1961375127
405779914
1069808566
-1868769222
1807012823
1425923724
-1273380347
1661238963
-931655337
1517829095
-1520297137
1441009090
500488688
-187501461
823767060
693007034
-1478438207
-4188802
62910351
408332109
756047715
462062208
1431910919
737357649
-1799272863
-1999752656
1312349284
-512414009
-1989760793
665607758
-1237929724
239885336
-850378312
874547584
-1369605681
-157199712
171056997
1409646457
-2141436024
-1662776976
607210939
581415767
1222017638
1845785167
2089624189
2075435084
1062430691
-454589182
222568786
573378688
-1991831086
1611348685
160344832
-369463754
448551607
-1032831431
1442376666
-1843035347
-137874606
755520278
159956343
-189838776
-614187651
72661699
-2030866524
-302860432
-1814577097
-288352084
347253915
1518377401
1471367423
-1468818668
470215796
634715075
-1848340890
-1772131308
82389979
-1604868510
-1674745889
1605021410
-1764435454
370125185
560066265
1709149526
-1485950503
-208924861
1107238159
2095847850
-275221892
436346218
-1806926818
1872300161
282241773
1757661436
-355419561
-1356626134
250154242
-281591773
-691390250
-2102939099
-529269856
-912085419
-967186733
1776119781
-897759191
-626155852
-1422918089
1988211671
1144476466
-2052349770
1534031218
-1394446942
1446577273
1222251272
-2072626549
379824304
946654742
-990562129
-1954182280
-281501715
974139119
-282657680
740753327
133417422
1392797809
227804786
-320858372
1312628885
-1534567556
-873330655
-1718656619
-508679470
1686028446
1725719124
619418987
-976779220
1625501571
1078626737
-2125585214
1542194785
1547938220
1742589264
-512218621
579437194
-818176929
-453876834
765050065
-434627933
692620766
683270531
1825637465
-1810074805
-65017381
-1436319801
551000814
803345863
-1020223190
-1598500175
-1645603116
1081027148
1551012024
1239144432
-580989861
797119101
592503739
-1791131969
320740655
-24795086
-1046747862
196218435
-293607186
-127589254
-1203637136
-537194953
993456891
1790767843
-782855845
1836357066
-131313263
1166013688
-907431078
2098078919
-1380304358
-620430838
-1415520281
1083534070
601276097
-218337485
1462154306
-2082758206
-1196142266
1438813079
1889326687
1889819675
-1167646960
-1024361235
830964000
-405344099
-679765368
-1840555971
124329926
-1101405711
475776420
-1320430870
2125966501
-1601050253
-81391167
908986355
-566442217
1660192789
-1838028619
-885863051
1384953010
-1564982910
715862820
-155689356
1531953597
-1112873594
-1569755118
-159621926
-941837089
-438793300
99365306
40726463
1566198297
-483121880
-1394076771
1442972138
-645338891
-1927493385
605847005
442360983
2041907711
631840324
-1709717046
-1516934
1080426356
726960397
457481149
261377795
-1654385351
1900018950
1160545828
-1959871005
-974373874
83008189
1004095966
-318271793
1435939843
-1465615618
647579593
-1844549244
-824612310
618679416
-1331628136
-221952502
1264975245
32417696
2001500137
-1492337348
1546559330
323501268
-1067349098
-1421451898
1843151485
-1015398204
-1478256566
1656817648
1681116677
-4539635
1678801495
-803235492
-594589846
-1507812570
-1875492409
548037643
812328854
978171775
1098853552
1736457573
-464040094
-1869145369
751989452
-1180425223
1620987723
-375765971
1606268488
-2144288319
1189934692
1442069514
423898588
181096107
1315921038
96052542
-1750213605
906205012
-1787307033
-1617089800
927098892
1608985622
-803754624
-1029443206
-662672648
887749700
-1655169710
824044796
471549829
-391716429
-1002534543
-1097710895
-719921661
-987832195
-978018175
1118705864
-285625851
944119553
1678873449
2068215508
-1803332301
-2028348883
-1013436857
-983294225
1541286751
1869273599
336137379
-480608454
-1390355499
1782327880
967269606
39395944
543491062
407772082
1325524748
-554089891
-1493303545
359256325
-1346811240
742351121
-2135697594
-310256475
1385670600
1168313274
529773630
-318721442
-841144310
690826282
-1540859300
-1142558364
1726486958
-857764747
-838692927
501205652
-308899108
278819030
1923250776
1352533760
-148189241
-302027822
1951419179
-1720683862
-480591838
-1745956706
209963762
-333795442
868644819
525297597
526359533
-1159482139
1503164134
-305247763
1623082227
59211432
-1580335933
660538691
-727950903
1645588818
903142051
1400008852
-1249094473
842020330
-821069504
-1019424489
-241830568
-1396108736
1202128331
411448904
833370290
481231222
1562311203
1388982286
251805317
455905473
-258182077
2098873119
-1791447065
-1342847887
-1190719237
-1064779869
769817360
-656635602
-1957675550
1662508567
1517877362
-1769704061
545863306
1686324852
1388629261
399679392
390013173
-1493670513
1749163520
-161576101
152567112
875836611
2019289442
-420121480
371350718
1841518540
1489213522
-1970177751
-1745546273
730576117
-270066100
-1304794921
-1764008976
-1265308810
416889278
-211928286
-1642260563
2104970263
-618354214
-1500810458
557461301
-198232040
1295805870
-1470631168
1978349381
-997389740
1757962353
-2015165552
-1792485464
-1185419613
2083440414
1342805119
866034926
515656576
-508517562
609220739
386228571
-1459314197
1937235746
1626644961
-718546654
-651819120
1649649383
1926472499
-768291373
-2053660887
-1009745058
-671418261
-2130467568
327070496
1360988595
-1723081705
-1304899961
1890539127
1947546764
-2138723098
1857688859
-1935953940
1069791837
-1998903446
835866468
-750103721
1071248634
-1023739873
-944299174
-1676784297
-358076819
-1669273173
117100876
205636909
-835098871
777335655
-1453639146
921589991
1996155071
-1445745635
-1044474734
1130141632
1324956591
-101915373
1967228494
-1070186810
-450932734
1074753864
1799459711
-2055398467
-715263754
-1933058819
-947250634
1330821699
-361835207
1709840758
-780579631
-1666498764
-1723342725
-1342217983
-1101668429
164107855
176712254
48224055
1936023095
-318941671
7577071
1913612673
-1193387295
655293953
-710391750
1156166622
-254742826
-39750972
-218651238
-383717918
1473461390
940236050
-1497233874
-1076878335
2011621831
998854257
-2024187181
-224313075
1407698108
1438371938
425131886
-1215583236
-366802794
-243613247
-2083301751
-960987665
-1296435934
-317839759
-1270674911
56988783
1500097989
1736887608
-1951988291
-1234107399
-42101844
-135696410
-201753150
1003138748
223383367
-1708576323
278108165
-1281227872
1611988215
-1780408308
-202602078
1895967114
2011312389
-7169764
1238121995
1374624478
42059478
556318032
1947786083
2100983109
1617309532
1608470151
-2096646132
-932249169
-2116603184
246260164
-588278402
547240091
301488541
-616790255
260256858
466306709
689467551
578309023
823694782
2053330176
-1963418484
-683787726
236092891
15407893
1840033970
-1011401285
-1849226301
503708459
-2120368926
-1293448634
-191399289
947597368
1045628588
-2045415402
395992961
-132001897
-1858805301
-819479282
-1971652115
467968779
-423617566
1346261073
1195730878
1922768643
181923689
-1345469395
-1828662353
-729482977
-1521503775
-508472780
1450569879
-871750926
-1281052337
-1221306965
-376351231
1043934473
-1821117209
-599322584
-894004741
1654281772
834589958
1160287350
995230766
-963786013
751607397
-536216645
-1186671058
-959456965
145142923
-808630051
-626547437
-1306125111
-1810897021
-1169908192
336965704
-958077201
-860950321
-478369517
1652269474
304899934
-1339077732
585590956
-41794892
1202804955
-1533354954
-722816590
6206305
1541224004
1600264893
94901595
290911666
-1404159019
1202697497
1460276789
1172497128
75479207
1224727594
-562260152
-281092651
-1041795974
1707257924
343249276
1388762727
-1134744141
1247051994
1129552696
398815877
-1586662489
-837954696
-497009076
46952477
-477535975
366503414
1328322576
1516803197
-1122436351
-1193959446
558751693
-1957380894
-1685178481
1601578846
1156673370
-1468734386
1542648174
1328123074
1712730634
-1642384738
1766607693
-607632860
1790156229
497445083
433211290
-347516515
-1812686220
-1213579569
-1297966960
1803061006
-802227294
1959232987
-1635652493
-1820786420
648441951
-1184684792
-2085668326
120282392
1840516456
-339197349
-1560227410
-531762413
-1982212732
1345531244
-272943696
1671484400
-891558864
-804790471
-2012348352
-692158549
24059518
-229629129
304306331
-789215623
648515129
-1999979094
896711909
1031702848
-733033651
1872110389
735061032
-1959965368
-320006299
-82405964
-1245922148
-1670195405
567676886
694205001
-1710306776
-1921924822
523508155
-1888551755
106588456
1682260057
136047712
133780456
1809660272
-55669348
962846179
-148096038
-531941999
-1285315206
-2020551144
754251931
721107546
1769313105
82119597
208041641
-774503775
-856441901
-558174322
857431169
106076995
2085935792
-1088886134
-860937864
-570977432
-1652185196
-284110538
-2051981878
-343380725
453531220
-230149615
2081605619
-92597831
-1735432605
-1707810328
-96464067
1170821016
-1204718198
1651206780
1931289498
837722794
-788854312
-317505695
1630866099
136498771
1249806038
2037308712
-136740288
-488240360
1850851839
1554265792
854677401
1643891881
1533799022
-1328278247
-955679603
-1841470431
-2024949799
1314213129
-668610190
-58850677
-1190587203
-1865224333
-1609827203
172875687
-102975526
-1537550427
1301537363
-402487058
-1721016094
-10732542
992908255
222731476
266185836
208413920
210617702
1892906572
1773712174
-1012929101
-1889328424
-1256485743
-1625102229
1571566698
852497767
-355169502
368307114
1425595161
831770205
-1212389875
-628932184
1757478871
-577852630
602205808
1375021199
1180700393
-451983684
713403196
956562279
995840799
-1932604397
-1794377156
1329060043
-506877826
700931604
203275605
-1352302368
-21940962
761833628
-1698490353
1449696899
-787657643
-1302597929
-802160301
-140709951
1185734677
424291027
-185684618
-287506037
71050386
824971855
1689785462
-922455382
-573421017
-153807655
-1890051966
-1721830928
1602646394
-655907049
-1395715905
-1286837329
-669172259
-512594076
465222729
-1493820817
487762423
1113270174
959242615
-982028582
-44432733
-1363851203
1454775650
1603863291
963128343
644862120
449816488
1231752359
1773835593
1957085379
-382267795
2146435899
-1286636147
-2137385012
142290594
-1545638777
-1716883326
-1357550489
-1205212023
278136073
-498459601
993030646
-1274908552
-675825827
-199039640
-2097021138
478669788
-1133308172
-1459364234
2086955495
411904640
1124946436
1291977718
-1467790286
-300846065
390385343
-748690431
131598000
-1085570601
-344463418
-953805939
1958450209
-2092462897
-1204257824
-2113726958
-301366725
1950988251
375145702
-196109456
1454973884
-914990515
-1471731198
528365583
-267431998
-1453986129
-112459496
252443463
-614710694
1608690111
1725133699
-42366974
-1822526890
-785777222
96467460
-1322609760
-174296990
829197789
-1300159498
1652813594
-560651431
1363891752
-1296589370
2004778601
-641272364
1614351205
1466870435
-2090352088
495175940
1163065192
-1375271567
-1712400520
865124545
1999951255
2134531330
-1658383837
-672252702
848262060
241033095
-1659398909
-535456817
-1115546951
1652394308
654412964
1539269203
-147651476
1985030786
-386076632
-1642167114
941842580
-962111286
-567939989
-660009718
-1266700573
401719119
1049845094
1481231045
1584754933
1717666475
1055979992
275396496
799242384
800697294
-1138879198
-974267043
-968206803
1038667315
-639886478
204835263
691448759
-589669037
1587948580
550625909
347563922
-1207736994
-729975196
485633863
2005806046
875928360
-1257489385
-1760203499
1357407740
-478218399
-784621829
-1454309844
1146346064
176902409
-948528116
-236876837
1317644360
744532770
1788270889
-235934395
-1441330531
967190950
203303159
-1564661895
1167808473
-1892621893
1764354309
17160895
315033368
328268068
-1598317007
178172212
-708854510
-536033029
-574327991
1884332697
608806232
1310652317
-434668044
1461002599
-1554605091
-1972912668
1396764115
-1925216986
-1130370377
-263140453
159287779
-1021164034
1962385447
564559662
1576542244
-1466704498
2068496598
-1302305631
-31667329
1654677756
941480545
905850819
-386649116
200419404
-1713260009
-797071966
-427742030
-531818763
-1676260351
608250177
-1018866340
622680497
1645078050
-2021269624
-187981752
-1076646508
42173439
42180219
437904378
-204045216
1666889313
1379933102
1447549553
-965699050
1560824664
1589775864
-1099156783
-1399140400
-1483804029
-2065156505
-713647807
638083022
803955087
1072923763
1339545878
-809910579
-2004894468
336775541
2076671281
-406077793
1506167079
-1120817319
-1498901852
-1451375112
1989126020
724821650
-1568312933
-591187579
1888560170
-1981759666
620015737
1298215490
-213133420
-1236098582
-1867012799
198950156
2090705061
151067304
-462087881
-1551278219
1071201004
699624607
-101117242
776932823
-1705839319
-720052238
344775076
218250923
-1021064176
-1585234108
1888000307
1283516187
-1816335028
759380075
1014121770
2020879573
-134093114
-355625885
588489844
-156507871
-750778842
1671658116
-2144623016
2119047477
-943870823
642200311
217933273
-436766777
688167637
1004149862
2034335582
1084095460
-1850312359
2092419314
371498134
198273280
-1125441287
611415658
-1370989931
1477549133
-989042791
-871606855
2104094274
916742991
790328632
1486378398
916728565
215590832
-578296528
1264346275
1333317468
2084963408
1501640635
1127243335
-1574486882
2003376032
-919644231
-479455363
-1718289471
-1950996688
1556560047
-279560615
-831605424
-364189563
943509778
1618280712
2121170743
-519470288
-1549536058
-305287167
-299981582
864559131
493212641
-1321218182
1363037670
-1751541211
1334387123
-637842404
-1470126578
-648535055
-1331222518
517523193
1638755546
1070855931
302533297
-1806291779
-515895725
1930780651
-1694056646
-949416925
826845826
-1354580947
-830571267
1534812075
1843048210
-1531953983
-1912755872
-1375814007
1635968820
984121935
2144928855
676145376
-1318771262
270165630
1836849454
1615717167
-947393113
726238853
-964348026
348656907
-494420867
-983276799
1605990556
-1967907058
-1184769161
-1984157431
853365969
544726031
-2103387520
1468495999
-1975349914
-771145325
-701294172
-1982153815
-660312442
1488327554
1658193071
-1055529985
-545399
-234447075
1099359507
-55533498
-127703178
1176285487
1830055438
-1320460323
1743586250
1850686338
-2013632756
779925334
-1816592521
-2083103340
1231231049
-1355285945
828302383
459457675
700472762
-2145182110
-1846611999
-1867082139
-500661203
-1107346493
-1121177469
1678072947
364991662
-592953719
-1301932014
1027842311
-1136266707
-765092441
-1047999274
1994798188
911895901
-460379397
-357844502
-1793307370
304755422
1998999712
1356473339
2005858074
-1896040547
1245007744
-162937265
-983333153
-1556215941
1925927724
1492106249
1692795669
1345264172
1669689071
-828098133
1293662694
860623457
520214559
604625627
-1496484500
-1246442711
1721495991
2037745769
-1214512286
-943302764
1722088738
1633696400
464061469
2027575449
540443737
482089851
1015624892
-888451783
217633071
2132463115
232040606
522928355
873006571
-1893016361
-469981676
1611430938
-170939625
-1410427533
-1336534441
1947343700
542230167
-1402022923
952293564
1526247461
-1550594052
-1429175627
-1588389595
170217629
1330058778
-1931750829
635169211
-2050246419
91187671
-1083150851
2014742489
-1222483120
2050499141
1615998961
1470616651
300268071
-49492493
1584273985
-1817291081
-1680226202
-2089081473
342857685
1550353499
1510738991
-1196878992
-126203466
913063416
1871531963
-1249712830
509404297
-888948467
1651879041
460519873
735437400
2043889736
1954749584
112558234
-1194652520
-366037191
-691716544
-210755794
-471784857
-843305656
-1311822327
-1696690519
-1494147308
-1385313303
-1609393486
-1453160621
1923933412
-2068153331
-862619731
1012305189
362631187
1620156123
-1889144383
1818784159
2092955161
1728877983
558270953
-264659240
-2085939923
94131458
54950524
-1739554858
-1551730674
1688237947
-1952920947
440900127
-1284484608
1010336517
-515984492
987507856
922834708
1173837330
-1572848307
-565745812
-2030857043
-2060718145
-1233636385
694849975
-604254658
-1426979000
161930305
-1912098875
1358783064
-680515907
1422985945
231046925
-9634845
-1110426379
-416841627
-61416638
-1789488213
-941958461
-871583458
772464804
620987934
-1075015833
1821202970
2123128722
1791344979
-142600121
822249713
2028762468
-1707520178
-50374689
-371590749
1065180791
-1315061630
406341620
1055649465
-1933585016
-604161386
-1057858801
-778836055
1207342149
435105644
-1712062167
-2127308418
85510433
153157726
-1550892126
-1574974024
1242928743
-2068901430
-20468616
1584008048
1474817682
268243664
-594350924
-1259983168
-837066277
-1553695398
-421988825
255578721
-262688494
-503541156
1508867158
-1975013484
-661505615
-634431908
546836658
1184127046
48336685
-603762124
21450252
1201794926
-2099194481
1345985558
1827587911
306611129
-883576509
-1092621103
-588599986
-1025052567
1218764848
-890714798
844062792
1172465786
-2100375544
121366636
-203268086
-1517744122
-43072032
1750510811
214781901
-1818736663
1624009474
817621894
869335328
-423784536
2008601346
-1913287165
78232095
1363878286
1743605519
1950482784
582298341
458730776
-13393270
1751093536
939378238
-902507630
-1811649316
-578556285
97939873
-541177087
1975639172
699295755
-278085539
-406992061
1015152494
677877050
-899207663
-289527436
62735499
-873891169
1762135136
-295025260
594215581
-1294505453
1134893029
1312468582
-916514734
2103255872
533653605
100605850
-1235682924
-201263006
1099083843
1493122606
-1201291745
82639697
-109838536
1178613520
2084308307
1445951166
-1708950462
1395860487
1112654667
1555249084
-1890399523
199908052
-2015802579
78932866
2142572400
-1523447148
-120313149
2038371695
-1161902326
1808452456
205499210
999317837
1668212301
-825555881
-1756886134
-1241229863
-1474923606
-1273607310
-575879386
-355619965
901976270
-1557650376
760315701
-1597125775
-146528421
241287228
-1097050096
197081801
185183451
1675666948
1274798189
-62589393
-610881039
2128503348
-704916052
-627736180
187773136
-537418004
670128497
-1738493935
-1071919375
-1346667155
-1866699662
1123772539
440239616
-775328254
-1666858351
1305274776
-1327077354
835699229
2117944364
850219785
-694160595
1428767935
-577843020
-895650232
-1393907760
502015261
1816663676
826029036
1639044882
1966202752
1807979475
282978604
257547200
1283084396
614077780
-1871793759
-438553895
2139772420
-1751300741
2140176719
1923622718
-1421302868
-1288494724
-990749979
-181009243
18983920
1865639759
-17947068
-895089197
-1817852765
166023439
-78714051
-1432129014
245557579
2077045124
1895396510
-162030145
1697497020
719242750
-917659793
-289422704
-1054620926
430068068
-675882375
-1250696588
334149764
-1054354293
-263808505
1629235763
-1647324315
-2038106165
-1164196880
-1061845223
-894752211
860846544
-2130290733
765289446
-174955864
-45140051
889640868
-1083719416
1018148878
-910155210
1446851688
-2063459317
671137635
1429058702
-1076673732
-136783280
-1005416928
2004271102
-961872229
-2032391428
453453587
-1524522744
945362911
-476277709
-192261757
823538107
-1535599352
713465734
656031383
1565789513
-546523461
1137203625
-596991753
-2087651114
460440206
467835241
770644659
554993042
187649410
-325893668
-939252380
1222852617
-1005538608
-1880820775
-1879320432
1839005881
247620328
1124328106
-37342638
-292081179
1301157558
-868302848
994231866
-1024123224
1798337318
1385558822
-1815873935
-1089626292
1969676522
2091552633
472521505
-1785809188
-1256416134
1946271256
830422035
63239671
-1626717604
-139948329
-815644520
-931809562
-1156883547
-1181784968
1260042669
-1541896463
1117892286
1135833116
-1843615143
-785559315
1616271467
-1197477898
626389594
422714649
-1775963895
87565634
336936704
-275482069
1360871959
-749324939
-1141594537
757588901
1210863607
2094688950
-47165301
359381356
734378996
-662075508
1987302280
8428698
-533544314
1691361751
-1364253471
844514706
-52667947
-1418970876
1898857970
1050158933
1547318395
-883065988
104664647
-1703906285
-228021106
-1483739299
55752767
1050564357
-268182820
-4459925
-1353247764
651523961
-66691464
-1590573752
340624445
204085550
1582209141
1173755363
-573560225
-2136052255
-1521131535
-1258799826
-980950177
-140841945
1087205973
1300374547
578026515
-1062944899
-661445670
-1785920600
-274809030
1539483037
-1211624370
1436906656
1762279906
768724242
1601104919
-1464040956
-193785335
-1148090098
1721197944
-2115325149
356297607
1887825531
-395631086
285556935
1907742506
935243343
1450192046
540338601
-1574873054
-25116380
257808185
-1279190490
1909558175
-1582909433
1429062927
-1992729807
510385848
-545995121
1742870908
1733442699
-749519218
500881969
-1441865090
-748016078
1569121969
703615698
-791894065
-1208091370
-1053478462
1578774686
-2036963805
-946084078
-1139257256
-1039807721
1744140974
492796441
1085082151
-139500176
1845641960
1710207663
-458101409
-196266980
1307079828
228330907
190812241
1080862625
-368414211
-791904038
397461848
-2129063759
156180099
381915094
656146678
1774186874
1205466965
-1561268520
395117117
-1929867204
-1037732737
168192442
-293540497
1184472860
-999033305
-1930952224
18624744
-1260319432
-1123302894
1336637288
-2010338244
1176458490
-2080975507
-1788169825
92823964
899210161
2001178314
-1376798025
475748733
-1301989795
-345017240
2138587830
838704250
-1354930231
-2075813193
674880946
1930717049
799501279
2033086234
-1473285829
793771533
-1895914441
-709956882
525042967
122273563
-843187728
64058058
632449844
706502591
-1838561085
1734534664
-2040892710
92958832
-1161500843
1551016580
262118175
-500854687
685596875
1625850019
-734300000
522908458
-885869661
-1397748841
-1595325843
904928423
-1325356606
-1641514528
1393113669
-1794836704
-1730732600
-1921177067
1377166338
1574873002
-1319616085
964863971
-1812938666
1597031628
-277071229
-1074758314
573800119
1884345188
877798818
563106903
403561111
-514183733
-1692149017
-1518392203
67606489
-1232684745
1633878099
-47863577
-1300147585
764611937
1897611996
291027665
-867822169
-800394649
1175373953
-1604047930
-1020596809
1908758770
-1705037922
-791360370
215542231
-1566232421
-2097762431
502287400
749813919
-836321142
-1156960708
1428486930
8555537
-1810405792
977690556
261881543
-742305591
2102386518
-1882766822
1019001224
157631602
-1490583642
773491505
169372255
-2001729668
-388432855
-8201360
388057440
1278821899
-1707627967
1991952880
1333830705
2011657266
-6399496
1825840584
-1575764275
-1589929632
1374629481
-1715418976
-1127252860
-1597382886
-452061090
1205368452
-347663035
1797248746
2041960250
344377082
-1634575585
1576315799
-618552295
2122023765
907301893
-477187691
1946413877
-1653119413
-1855247407
-1123218753
451196811
1852131525
1088340619
335237443
1787344061
2031667190
-751609110
1065385436
699132730
1762179246
-1977996006
14253382
-1939236197
1089272816
1909580223
-1595725585
459069008
-1349744447
-2128266951
-2072078614
1327220859
1669447490
-1793694935
1792406824
476692251
159930625
594135604
-164142103
-728078483
1984531083
-1188341754
1906213743
-1872569458
-1093653947
1651864986
22849781
1878746724
722989179
259083191
-807735585
205463999
-909630279
-738457667
-9399247
-1616588102
1549487193
1674913953
-1694802107
1975429223
-1929728419
-1728702411
-1081149512
-1163607894
745390206
-722234196
1433103269
-1685547163
871027077
491630173
-457550827
-51526699
-1516796712
1704680903
378883253
-1410947013
744289111
1305146837
-338709815
-1803946050
-1583577752
-293538206
2083053409
171980431
-762324400
640877310
2032881865
-812214194
15683780
1060438514
-1152354491
632742060
-2145385281
97167233
-985130755
-1831196080
1659066006
1303376240
-1816297162
495368190
-1433448631
212817608
-555487550
-880331786
-1585940965
738504666
2042033594
839647642
-1549079709
-524805500
7522409
-1453488814
1285151908
470572721
127114122
999327411
-615930405
-1664051419
1709873590
152834270
1105867800
-2128797062
-1437984233
-1572702938
924613968
1509957733
-416149919
-1623895051
1198989681
-1608646851
-2013209597
-1661546513
848005301
-1248928322
448533657
544755543
1089344314
378127625
-758660701
-828805198
-36098606
-201654545
-350603396
-592441431
808214552
-1322054546
350593924
-1267952845
-1056593981
-458227589
1502595487
-42220045
-1287342786
-740605183
-2023512861
-1183186978
2083315063
1991376937
-1628446836
-505319392
458478839
-219232292
784356915
769110592
-1135048654
45031813
-78636481
-581103231
-2000771808
-1191700453
1291102107
-761127285
-2130662901
-1423375778
1280983465
-143754421
-1296855638
1369181024
-1288393866
634257686
1001673839
-676839610
-247025874
652715284
554247965
-63889329
-1592383279
456376027
-928727396
-1137965035
-1698068442
-360868518
-1462486768
2017712403
705101296
2054575608
-1676891097
306693222
1685899359
241031676
-313587534
379201495
-1925360951
-1415061970
632169335
-1516189671
-57598823
-456486721
2146170692
965208910
-2020893817
1456314725
-1730120633
431888335
-1378906871
905904074
-72519523
-676955348
1774349064
-593128410
-588739032
1532771697
-684329001
-1310802390
555559333
608257195
-1450568352
1498404383
1721083644
-2085147478
-1145545825
-1137611697
-1988317478
-653691129
-1243733420
-1816321373
559690108
-1870907544
-1678708236
40696973
17384142
-1125990398
328503264
-150648536
1533617076
928387679
-1161225767
1750109084
-110293850
-337962911
698016946
1963394503
-580416126
1212475782
1164251718
2127677721
-826829155
346005612
-1345121620
-67931713
-202211558
-2043378537
366773417
-417402877
-898130817
1476430962
1723476325
-89717775
904740740
-1719501933
-276177054
-1179168962
-372233682
-1219092157
-1723672407
1240605029
1077662492
-999916740
586842181
1205625363
1822624289
114868404
-309476619
-1288487483
1955975698
1299093914
2127146780
1407023278
489325536
691930655
879337468
920947677
107843304
679590519
300967971
721416351
278686345
-231935264
986001188
671039009
1176866039
1125778403
-1957431670
-502923942
1521515342
1834691289
461175306
727078695
672024298
-56008016
-241344777
1402339511
-819721227
1885683951
858711802
743115304
2045134144
-1067835658
94607873
1711567730
1972701526
1303647114
-1560437897
1652337540
383157454
1771929745
-520970570
-1941807700
-984726047
922827033
1114484409
-1772736197
-1356518085
423265182
1228487958
1811046248
400496661
1582070924
-70865878
-325368972
1712887683
1691262210
-1062745963
283527439
43534602
743729624
-777919000
-1554588422
-1648057227
1458736867
-1836477795
478626796
1883788008
-203167113
932255559
1422752697
-977509579
-1972024020
-89967350
-303396175
1708191598
1636233701
-83437748
-2024480442
-421394502
-950078962
220179628
-711675407
1433400940
-2022163932
-1259676878
-1959566507
-204525231
-324156806
873874376
103645347
-975860663
-841347015
-1618736919
-370619328
-1701871336
-1644215641
-286045033
430332069
-614358915
1066152108
-1214097006
-192754809
1906802820
546790034
-11686970
-1332400329
52608024
-1540312052
1127386116
1356789322
-543041572
259492473
1442001653
-406448772
-1737482182
-1741550743
849717067
-1073981487
161273019
309866335
-499791048
507859197
-549899111
1541147864
1440107811
-1178693115
1787969682
-1869228148
-591171687
-865860571
375670270
1658458099
139844737
-456880652
1918076707
1776592650
1184036755
-92707131
-1227451192
-978576810
-867474421
-483083184
-1334563577
568052777
464499097
1013091986
754955111
-1763369949
1179542682
1738597873
-1667459543
-2031418373
686673293
-184367198
2080519394
-968606593
803693503
123964495
50273353
-796119335
-1965975735
189168883
1121168210
-1409599981
564153916
-904340984
2028565883
1631778012
-1691123430
678080740
-1930561947
-1900821621
-1999721849
135603040
44853925
-700679580
2053832255
227214778
-1318329892
1998986266
-1199465654
-1006963012
1096015364
-763288427
1879715182
-1934076387
1152062476
1817346037
-935480859
1305656614
334045607
-1413675
376722256
941219224
-909292447
-1011886893
-563048213
-1471812916
-1791386125
340707920
-1546050303
-405081828
1655894487
-1998499212
-1748607327
-622870655
-1000617955
1167432820
-1436622191
-840480899
910750079
549797655
2009794434
376805179
-210999117
2074425717
1485128069
-323497484
-1505497856
871283714
-1300148035
1394133651
1295921684
-1151533622
-1710545066
1823614107
-1230849773
-1663262211
702134965
-650895544
1609934579
-1173524050
2028024816
2044489460
982658054
-1904251433
758330240
-105461572
-1614065448
1159757216
-990700491
166200419
1938570298
1742748896
1682938217
326039669
1114523294
769896163
1490146424
685012143
-791908698
-1308960403
1382419823
-436863330
-1463745802
-1247376385
1216908034
816657541
1718850897
-1793271976
154998211
483392131
-907375901
178190654
-416910703
-1625041419
-2064327205
-1420050307
-143224754
-274654439
-1208622019
1111862576
-691577644
302567667
-1834602507
1978945854
947352872
-1365610637
1668930606
1646048551
1176839408
1373952983
-359801884
-475740928
1872062754
343951182
956505527
1947339196
368830974
942986205
214407426
1179923116
57942077
1105994630
272275500
1475359560
-540337782
-1391839834
-568667075
-828835537
-2118348751
1470903966
704787892
-7405972
-1094890986
-300800586
228347543
602946554
244839143
-1067289283
-1476271670
129384586
1254155669
-817559308
-126547036
-122130558
110663935
1539651244
-44113985
736406601
1830527984
-1413436116
-1926721521
-1992231487
1694141515
-400333479
1435988277
-412305900
-1794976379
1267663248
-1057722347
-847197517
325452370
957235030
-742601563
-1298560868
1510112674
425418547
589508104
-985251621
60661454
72001242
-645569574
-1362228910
-918733554
-1588043379
-76781363
-1359884869
-691894738
1349255871
988904052
1087368430
1909394561
2027441914
700209758
688776799
-518504427
-625299710
1618742375
212917227
-1008941272
1549406523
-1359174070
928377811
-1938658855
474479943
-552467335
50833160
2098890018
-2012430861
1605924912
-469882968
1991653637
-263076525
-95829305
-1284797496
-1395472891
218869546
-1028263353
-1102129036
756665815
1079477648
-627772608
-463238925
1354263385
735390670
-2032210983
-941339058
269178307
-2071784564
-26823640
-2059681005
-1425177829
-1967284178
1293090756
2049316694
-1091961362
1497816186
-1836577641
1785919736
971563580
1969317501
-1145246984
1841773611
1710929331
-447498833
-350965000
-374208460
-1499164896
811016021
-213566725
-698250125
1816314146
1296579878
1272587146
1451196832
465501216
-760964559
-2084811672
1954413399
1244797820
-54801923
-1944910110
-1792979499
783880712
79187441
-178939541
-660861949
-985159240
512158966
-424089497
1969119668
-222623079
2062115162
-829532089
-771076565
1746484482
946569463
1978023125
1259504351
-670426360
-4177004
-1004967472
-1398674815
-781621962
-2139206774
1828894907
1187388477
-1281823107
1753863338
1743427569
1891057472
1614091113
754199902
582219517
1690051194
-1455624042
-587784691
1039868968
-1328444252
-706540447
-1321934140
1624010578
1697122436
-1169004575
1892391698
-1767791099
-1862553233
-1023464680
-1789569998
1035123911
612221967
1775853669
752619887
-275301969
-1681918106
-164924611
1465611972
-134532038
-686956014
1045784090
1256192450
-435945890
-1457459246
-1338969166
-1880245066
-366097697
526363464
-386265236
-1781041142
-181607198
-1809752064
324696335
1716524523
-1309520705
-1292150607
-2131863620
-1761090516
1453116955
-1146274367
528683038
969965673
320660276
1167480846
-1867462177
1976623727
1508047230
1408613355
-1887283107
1225074907
-195761297
-1093427096
-1427735907
920390656
1933624215
1569875670
400598655
159259405
273685746
1393170057
-618736845
1432954735
299938945
-1342615329
-637733141
-724794764
-1680080874
-205323903
-1906955310
-2017922768
124837488
-450867480
1510912059
-1979614556
774878343
-1327329501
2118202909
-573017061
-331707353
475612374
-374524481
-989433897
-1371535421
262957189
-1045743697
1347351021
1947287426
2059108882
1137134072
1467027309
-451945570
286676612
1668355219
1114659781
431161326
128724489
171196701
-1061894042
-1707680576
-1659177411
-924636726
1918261927
-546047764
72860844
-263650407
2111036394
-854030043
1291746709
-1080559671
1321330685
625961106
623813361
-1592074102
720502209
-1299872100
448237491
1106877688
-1318619632
-1112023543
615949136
-614846396
-1687517988
-1681831607
1341006208
-518512588
-1972918125
2076231696
-12334522
-806435123
1061956554
-786036188
725773870
1233816397
536255769
1853576055
-949353771
-1950337442
1734107459
-1209987720
382598062
-2006395511
594789274
-559900251
1798957826
408150504
990128289
1333868900
-149901512
-1935106529
57951986
-320659693
-224743338
170581900
2110294626
827456605
230420935
-530139459
-1870527134
1619108303
-1219298210
1728686882
-1808755544
-1061387350
671999130
-1125679613
1083250957
-822790150
-678235861
697542835
-1841632327
690569703
1420731829
1800931846
460189820
-959136182
-1408158253
719615743
2143611519
454804867
692167774
1536828110
-1599736037
289904265
1527583470
-435088904
1770345224
-142418110
-1273166432
2040859863
-978530886
1856091668
-1178099943
1555744069
1199345415
1031215291
-1831266101
289743764
-2126507252
1812137052
-1908016266
1595797184
1006403665
-1679721766
1252645874
-12303385
927710251
286525800
-345071573
-1656319751
816439649
-37444512
-340488085
105186987
-1093599982
775547986
-774653730
844412336
1629042134
1159868510
1020485459
-589640917
-1450065630
81510854
2008846656
-839212962
-186037520
766930110
695799304
-240610905
-343755874
-594335098
-1690300033
1000263853
1702709270
-33267526
-274283859
-242178602
-28977106
-647872024
159533777
-909388548
230182738
1114383203
-1742350167
-750839457
590328672
273210454
375854064
-2626340
-329470509
-884637157
-1753758424
-1969680801
1956184866
1758664141
407614873
586054549
1408277610
-1942423781
305007512
-1915039258
226428746
1400582239
463054604
1189431970
-45445106
-934219794
597443118
91145849
-1397466610
-1107770703
-364619121
176659504
-1272505768
729637876
-1307171233
-691593582
-551266164
-136890755
864295403
-1438577245
-1620420089
260291296
-802438809
-1178310885
-353690812
1793955601
408941293
-950908398
-118555778
798294843
1721081029
796058103
1799618200
613527503
-1579633690
486116550
-486225599
2063890654
-423426371
-2144817030
-879707309
765491883
-1379469268
1614345151
-335491972
-1931977860
305948373
-565260821
-1778708705
-1732911440
-1346485097
-1306222033
-1165951620
-1959848682
2001445464
1784601097
-663554803
-13779333
998716421
1608692476
1329955891
-692932476
530354390
467645315
-1190433263
-557295938
-1358777386
650574658
1136756920
-7036941
298287266
-2106924417
-1325934204
-351540033
2038976624
-701195057
1858442181
-355740830
-1292383406
-385559788
-877929056
-289551146
1863422396
-198219610
1659207479
-275833052
-903841213
-1521360945
-1243619320
1259116786
1304717223
-54062723
1283192466
-96079264
-495912173
1131555890
1585188413
2068178709
481207970
-272224706
-814905477
1869176212
251388965
-829534416
1772877353
1160851411
1388614691
592383114
-1492303301
-1643157234
-1648244448
-1386295885
-1130582376
1735003352
-982219998
-1118809295
-188421565
253410162
479338352
1765303575
-156790854
-1470904481
912359581
-923044677
1549973154
-481783753
779367108
1030170028
-1024754781
562050747
-132706284
-1733889566
1194238609
-1080623575
344598926
2078432567
-1953057076
-2069631278
-1983383539
130444310
-383169048
2092797417
2040535430
-1415360143
1046696079
-529416548
980033169
1004701688
-300520026
-340647832
64564264
-1003959673
-2146952274
485981865
-608078419
-1229283361
104123500
-2039208592
1814876977
284257688
-492816692
5648280
1311504370
-419805610
-456795390
-778558949
1604717862
385279802
1900750066
233793697
910210294
-399730533
-1530474286
-2008184999
982956492
1299441142
696743436
-77457908
2106846673
-841522910
-226665368
1775818863
-1036976463
-1702959929
-922091670
-940537928
1479688609
-1461188079
-893787144
-1531174541
1563999138
1262732703
-1391221696
-1138110571
1755638278
1910267841
452023768
1762115025
-255914189
-1360643101
1585950246
-1192202198
1150355366
626074435
261130497
546139849
1914301243
-1839790358
-867912296
1178098448
205782698
-1411355431
1747660178
686801390
1938405716
-1700397951
595729014
-1021952140
-4267200
-1720066440
-1150792371
-1329084504
1832849247
-493165718
-1405875066
-235263847
-65866217
1805559373
785275928
-2040849997
1219654654
1335827928
230171629
-584094636
-1809764122
-1322561227
-925837186
1000092062
-1065340135
-918412300
-431191622
-1191450226
135193317
1905880387
767654956
7278413
2067415642
-572338596
-1374441381
-101148986
-1224647343
1021508670
1250360436
-110350472
1675769264
1715957919
1957076006
1333616780
-957173779
-2005813728
708532941
-1499737558
-1493351472
1764672450
645381074
-1824892921
-1498319492
1623464856
-166476464
585339202
-411805009
-685530946
-1383575301
139997552
-1101156280
45242505
-382466243
-1574942987
-1296940023
-1239577857
1865574561
1975128725
452245150
-1568868727
-732984972
-1725545398
-139339298
-71824666
1594450857
-1069895337
566112080
-2112921757
-1489378563
1747048348
1223576303
-1542793144
487788379
-1426144724
1621892657
2065706901
1489566080
890381084
-43552955
-1972579090
1541098978
1295431325
1627390108
1293506770
1873457614
-514309299
-651416405
682350355
421809871
-1645622327
-104400402
1374819458
1628450902
-1433090682
-1038292177
-1467792407
171267991
799303905
-61433
-1201363395
-196040272
340618868
702028197
-1571063276
-83223536
-685519446
1517778894
86634068
-588922090
756371605
1107477028
2073824301
-974870792
-2124869378
1874719146
1747242056
-966556954
523317949
-1000395129
-1776628928
-150744466
-295866549
-1666501111
1705464145
541970722
1106396821
342072557
1769054542
645943415
1613883666
-496995876
1866187480
300779503
-1908330729
-1002240967
776289228
-1869462662
-1922813591
1120391961
1251699965
545723417
1846761236
328853650
-87652830
2059495108
1358097530
1391076664
-1866644206
1016374670
1539610542
-768524316
251196462
-2101229818
-1576321534
1655406007
572939293
484831199
-1416679714
763979358
-1769497410
167709394
1467590611
968947863
686170458
147290818
647759343
1411326706
1429414937
-1894233311
468203602
-772700964
602436791
1955824274
-731559935
-2053325863
-1977452937
-322012209
-1052505863
-1493974768
-2105046697
508455117
1818577031
459873036
-710913404
606561309
-756806442
746252224
-1970825200
-1439648619
1867233737
1363608268
336569313
-1916328145
-548720885
-1153119234
-1645846036
423666480
-734842013
435573274
-266293853
214064268
1939849548
-835000867
2032698028
-698529656
-1953429308
403265855
1704002770
594196641
741489252
-1191678215
-1374776512
-2141372500
-690393168
-413123002
-1929356565
-1730656962
-1901247312
424120044
1910250576
170060621
-1726875969
1073508733
-794552225
-1271846377
-1681318750
627546074
-778413898
1137198658
1372343259
522072568
417580818
-252574396
664551231
-1590799642
-2113878014
1648641028
1766019782
266215950
-1758966563
1975047105
283338914
-1269408582
-873623307
-1523859149
-778794094
-525014054
-1805126132
-2058065425
1624957559
344756740
-1986546682
-865074161
-967849689
-1885145669
272191456
-1743094767
914563712
-166818829
-1008398880
-1438855937
-1596508224
-85317932
209113870
-909756720
560642324
-34853698
1116613090
-1084754162
1296675694
-259277939
415063614
-832477256
962039707
20855837
1291445405
2057611369
-386830700
-1963185648
273645709
-1359333959
-781617389
-1260121138
-319103398
1722553058
2020665449
1707022029
69702667
623339942
512755342
-1852154863
1071168914
1246610544
1898460025
417159414
-96294850
-1969404231
-1972516430
410834989
-984661645
66684845
109874212
-1771630845
-2106704739
-128650483
-1258111177
1413825257
661464162
-1324034986
-915652834
2037629744
539151126
1594388515
1488463724
-338085101
-1451438476
-2056400945
744021997
307404794
808788617
419767134
1571267251
1526284285
1197529075
-1864508003
-307114130
-2313050
1080594763
-1281954169
1782030337
-299713029
-1844552737
-1820475415
1024004689
1914390970
-970203228
1955453001
677845855
-285791514
-2129716630
-351451132
-1361283176
-961264254
-1056236975
1855997110
1214426219
112865948
-1003132037
-1771006243
-1227026660
198090892
480259330
-844382784
37545176
1018753917
-1679032020
1181019533
1849618440
442559020
-1794356003
1645628353
2044985065
514607855
-506758580
1959726540
-523546788
1696324857
2017735418
1490181619
-240198662
-1855442468
-1235237666
-2042287496
-122755477
1298334542
-575068444
2076656377
689656567
-2140526289
1011306648
196503573
1715382621
-872059958
-718743266
1285566805
-1634218269
588822107
-468315803
1414655304
-1909666386
2141744592
-1667363428
-901521425
-1401799341
-691671085
262558180
-1576041637
-1645731667
-1089044984
619451974
-1216958828
-1572451088
-1664673389
1052857830
2105263805
1663020542
568595164
187637113
-949395851
226819065
607342998
-1974874892
-676731009
1755624985
236755196
-1256505211
724982436
1559197374
-417641379
-296610618
-479397417
673510600
1038710747
1831107120
-1718644582
-333494746
1263280495
-959951923
-784673119
-713607251
-597350865
852057393
270457012
1299566122
-420534317
-308137046
-480605223
1702118586
-854831499
1921687222
1012592305
1510808664
26796695
481485748
-1572840158
-141160266
-310443158
5861598
-1345127882
679741009
714669389
-1869329545
1396266050
-1227405889
-1518074733
2122755392
-1036867766
-1933600693
1167939721
1833862448
902324643
-1685251645
-444591434
-763572381
1233178330
737923983
-1090902428
279378002
1985416404
892695813
-942451617
1741602627
526036790
-2117747460
-1322707204
1363233795
924562694
-931960673
1708051036
-916100141
-1070746478
1807268738
-1521380111
-1526978145
-1973984880
-1699482374
355718209
-2016004747
800182662
-216447320
1089212906
1278463796
-1152572820
976560215
795854053
2066491523
-1272551537
346481927
-1563270386
-355175931
-845872969
-295084727
-1207597341
766379978
-401358964
943684301
1783573900
1801875720
-1397981387
1106329913
-1277734630
-1536481526
412291649
-483530693
1660838675
-1552001176
535210698
-995783967
-951948498
-912714377
-463527721
-247597017
-1735340454
-197480701
958249730
-1184139055
-1119944187
1946949691
-1775280806
1240440443
633647001
213492460
-1631042934
1624076270
-302642102
1716810994
-1021336774
-1738307916
1780836622
129004010
-1001132108
-158207506
394215149
-1488286676
1277591499
98234980
1919171450
1485746424
-572007177
1170924509
532222368
1158923246
-2356540
1474619312
1197216417
1607949763
519074157
-334027622
1651299164
-353746383
-1072476476
479375314
-2012061234
161071407
-1659449004
34632538
-1557082406
-1322158238
1023951304
-1068653160
726077516
-1942740526
59104910
-467687899
1991933723
916551905
237260215
-2111286301
-2056948242
952780408
480168224
1144074324
-74263583
1620257666
781936854
1019536426
-1209505912
1377421469
444542902
-2113668839
106858035
397884942
-1436303788
-483730188
2139313011
160839414
1895485470
-2062777865
2049735901
-171838525
-1773541696
1646669921
-291344883
368510952
99272649
-131703482
1635533037
534101712
1143189645
1342806690
34860599
-777954289
1995727949
-728894287
-2131852745
2025237210
40073365
1978552445
636246485
1922535609
908690405
-1629708361
-1999524910
-317679750
-1668410733
-959775286
-1325931950
-1193762199
1227130351
-1778316755
-1090746214
-614841667
1079329191
-906226696
357224729
1666801492
-2004759699
1500375738
-156698708
-2145442910
1633206486
-669554552
79889437
-687773209
1473824645
955844953
-264195860
-558230368
-1278223480
-903535727
277641810
-1504310465
-258564095
1982109147
-951182974
-708129251
1553831432
-459801029
1526394929
331142575
-2074321456
1003277922
-385669032
-303025928
59860488
-660680380
-884306888
998250302
-1379750525
-160172568
705190558
-124690176
-1965655270
-1347849346
-753296536
1308564518
-526045231
78027446
-159008697
-1010847878
-858548424
1446701134
1034771909
632570198
-849913325
1815227629
1134028937
-8694369
-402819268
1147330095
-1319902502
-1879386383
-194713912
1579672832
-576498079
-270205157
1314769769
1937276205
-2089486798
-759246131
-88091118
-656016840
-348691187
-1356454768
80789472
1777370475
1076108256
1417695989
-1468137928
-1532942033
7582864
-1860553199
1010505004
-1486307939
-834298632
-816517080
-561501150
1009289813
-350128591
-1308453465
-1254438729
608350607
1771611155
584114263
970773472
-253904785
1945293052
-657497649
756305234
-379076452
-1002935857
-1409160917
-1924640476
-1105508590
-1382394305
-1664675846
1759400881
-32474057
-2123992755
98968188
-726353981
-847017684
246187535
764860172
1378755309
178869862
-475016014
940083419
-948751305
-1561221252
2138923969
873851358
-20545280
422486081
-121658970
-1540530167
-1189020640
1141311253
-1184097679
21332413
1795894092
-862332808
-982497832
2000184702
185192126
1955528671
-783371906
-1470646040
624615189
1111116235
-185726089
-55127325
170526073
1311957782
-1963994869
-1345899243
632418818
-1861027441
1442620858
-138989416
-1204669350
255349193
533763712
-1127636500
-1766360416
-2070419920
28429658
249100335
-1473357169
-112991396
2007005448
-72942709
1553402079
-1050372695
1597435155
1824392943
-911039765
2119834630
1830632977
247441664
-989270381
-70913011
1482939943
-246947758
-1213221789
-946293932
-1639121458
-45390126
-483715084
1227981314
-79383334
-1286946681
-498036078
-698209628
1933850552
-233111175
-1014205410
-553397439
1960615159
497057520
-1249636810
502641579
2062153481
-1712922655
-770904686
-1038066408
-910703031
-1513799515
-1340881488
2024630000
-110360768
-1745592852
-2121010509
72127719
-249667293
-177734928
963294600
-916665778
-2007680864
-686033171
-2082501046
761290406
-349479
1670956495
-429041433
1854515062
-193481552
1954168877
-1511124989
1470483294
-524023227
-981533066
-939173348
-361155989
438133436
-1604996247
-1278982930
1476536235
-1375650749
-238994998
1346556696
-934576124
1546673234
419645778
-1668136962
63068737
624136244
-855046426
1429544433
-744534931
2001564103
-757865460
1853403789
1193579108
-801295233
1498186138
-1159907998
762843558
-571294032
-145454673
-1485777706
1224296046
1939116812
214414567
1474012490
-1503629821
2134658665
-1519685943
-954671494
1224049229
131513799
-1462776444
-1162081495
184736426
-706686831
-1021587237
57085692
1066436098
92990243
-471196580
-1879038298
-1112362472
1633705356
-1057316649
-2138749371
-2021215197
304677524
2110843150
-1957922293
211781276
932662016
1721630121
1918315808
39571545
766851348
-1085270932
-531072313
833407195
824643672
-1634632021
476900799
980848099
1484963231
-81556740
-1971039765
-836256182
1332165444
-1080472018
-1151042508
-22057454
1223652790
1614907258
-600429394
30787511
1590719543
5116920
16477945
-731058485
824887776
1362797908
291577065
-233506879
-2062314776
-1722044479
-229415063
1722222856
-983989723
2140783404
-354973284
-1291257509
1582219985
-1712536651
-1507128764
-915669161
-1431784815
1030600026
-1437913241
168707661
-1995262029
-1727197451
-1760720849
46169177
941733815
-765015960
555528466
1844293043
86635024
1041012757
-71649742
-889913020
-95337685
624038804
-430131195
-24499588
-1789652048
288204704
-565594568
-540367774
-1156351993
-1258513583
849388752
-352122388
1751598109
623350416
2026385298
-1761534064
-417917081
-1303886906
1384959909
-494640614
-1433819866
-246917930
-1269295243
-1775751488
183090413
24941389
456546521
-1186998157
1131730784
591330264
-2045900425
-1227997577
-912315587
350045429
1304332647
1615312949
-218788192
1188618477
1259483158
661023311
526755970
-690967807
1640612716
-1404675851
823735938
-516181021
868597041
-897594506
-90608920
1352655207
-1061944660
743167258
-1279547674
73815418
1139733133
-1356327122
908662048
1427820626
363130124
2133594207
1063708781
1862435303
1814936145
1049857355
-933412129
969539233
-119180522
723979861
1974929664
64047954
-952447094
1684289208
-1990908578
-1801964442
-417791880
-120219426
-1481375670
-1019452328
330528424
-2010483726
1288318939
119401831
658259077
932460211
1322492985
2027305609
427017727
-1476863093
720163863
1543019424
-57976142
518418912
-1282036351
-36511509
-943620537
1160079528
-1133752617
-1646806594
1135737626
-1249087933
1961610264
1220790901
2143908637
496105860
-1107590044
1529458086
1692834555
1145360400
400542651
-2111810411
758219648
-585753109
132443402
-57509140
1456706871
1601499727
-2094413720
-60481109
-2067717548
199505344
109023644
-275364516
1215279828
3239260
1319662306
1037321099
-10326302
-2147229833
-392751122
1780589429
1781025660
-94311065
451765553
1092630015
-302129834
-2126793061
-1994858662
-1227243287
956233214
1525897458
-1185970401
-1316247229
1358065472
-1610325431
-1315427012
1298026783
-1602434869
-563656874
-919240005
776477831
-198411244
-111217740
-1283757706
1961316785
1117596282
-1122515138
-1819653926
-1877129103
-1357051478
1118344351
2112121581
-756507410
923939396
-2146667223
1502455185
-1012704872
-1911311170
-2117761562
1185272841
312822873
-1652254584
1850073580
7529660
161086218
415050097
-952275467
-1797816519
-975377624
1890662216
1740654894
-8419717
1445343431
-540529722
-1725761713
-69469331
-1174636346
579213995
-1331259413
-1164180560
385942083
-101502938
-18825464
501815450
1081949009
-1415503495
1148175090
-7822718
-538905368
520389596
1195742028
-1654291398
1415275036
-489542238
-975147673
807951068
1537758866
-1653668454
-1284898346
2091742665
432961583
595780791
103472961
-1064056082
1747081233
2107993587
709441145
202402633
-257055038
-2077884305
1789348813
333855659
1901655978
-1000462370
-98096741
-300288577
891930566
537931556
769550377
1861662026
-120734825
-347489991
1981685429
-361261644
-708360100
1113359443
-1780461110
-1402002490
-1273021310
1442691908
-278039852
1074636724
415357787
-1849788128
-1088305929
-1712092322
-706379762
-1089051870
593738523
-418553646
1178860494
-1218216753
-2007391413
1783319829
-489741490
1473288796
-1208077505
-1138894045
1880899444
1564874060
-2129081801
1958640435
-330738356
-1700878499
-896041975
-571854274
987396415
-896233564
2048276861
-1910948414
691839364
-1619433994
-448812584
-1633243198
1602137045
-686997366
2070514102
-1543026926
-1398240666
384831452
-392715492
1264519120
-1742484462
1752323283
1915597517
-407283659
1764226007
-281504475
-1723216164
-1289771635
-850373756
796340730
-599383422
-1056516733
-945267280
214074575
-1988488399
-934541406
-1529437458
-473340259
373301993
-142775528
-690098626
1846445370
130491337
-290181956
107951301
-787010818
-1265987352
-82788015
-2143400768
-1999872856
-1766383515
-1992617972
-982081610
557150595
2122179260
-94617261
1049381869
-1400796732
816415579
572536263
1652123934
-238581962
921599604
-2136413820
-1992399765
-1120244712
1168662548
423511975
-1032345712
-301317051
1531142260
-1440140784
-2025193639
-1492648811
-239930993
466665832
-854952621
-677065597
1732973044
-1726152347
-1558343482
-2125720049
1666939101
-913134260
500511457
597745637
-112660609
-1160793929
1221820983
1997950399
-875402333
-750227304
1491900778
-1829979385
1727315829
-1750982531
1860693285
806575039
2058941083
-1895389163
1025350991
2013824933
-244934519
1569905906
-1996806788
-1546579055
-111888365
1992823951
1111367847
767647010
-886499261
284578453
728437790
-145167207
301925996
1176803161
1827763645
488362244
-1863587458
1397822121
-171089570
1130568350
-1310116196
1950039752
76198287
-1831856267
-1433363733
-58316874
1368682374
-408668595
2089840301
-1759419725
49729105
-1896238140
1200342413
1456175622
828974417
1576498614
-1183141828
-697773830
1775803880
-1411598110
1322550076
-1441381335
1157859441
1449620685
-32033030
-225506820
591432816
853711334
-1478740702
-403597455
76294154
1129811434
-1763956946
-1889039073
-1213582665
2033224329
-1219978688
-1259278217
-1915726027
1666171466
1006341170
1607677259
-299255617
-1485213781
-949340694
-1053762668
-1932314754
-1003670901
256485106
-1990810257
1592985664
585981900
1504249415
1570220392
1350931303
-1313265868
976129136
375506171
463785763
-412568685
190941906
2143826775
-1146189597
2145954091
-1011018686
-1772467099
-738110968
1162126923
-840164644
-218583033
-112262181
-1488541124
1615402770
448487844
1224675009
-1620343199
-1362588665
1210030052
-1156970323
-1203061351
219610397
-1730394952
1935355605
-124619288
1378363596
875075996
1331416744
-1063362475
1140759733
1479543840
2115488254
1488632597
-1890584842
1864605348
212445841
1536348648
1947953343
2098229602
-1735395157
1448911042
1401769509
-744497232
1702152480
-850821970
904130358
-261771898
-1358186881
1490937583
230080077
1906641214
2033826180
911273576
1648535462
-591567461
1274909904
2083898173
1769162292
-2063831027
482789339
599285945
-846589519
-1180522703
1062485289
1474326897
247585271
-1027844706
605235131
2111558058
-396483698
1716057310
747226056
1300517879
1870346629
1044855994
786493100
510307366
-236124027
618422970
-883242464
1844094044
1774720802
976309739
1488182956
610992255
-1206833292
1611186914
2052026713
1965929427
-1413116442
-1782723583
-202964823
1933266151
456567117
76145144
-1115677493
-650200142
1372710972
736532622
-420802806
-1479223816
-1390553194
-522792031
1732248711
1747271154
775665251
1696581739
1509404711
902860589
-891983129
-314945786
1939314638
2107241905
-2041760528
1900628017
582582476
1274057574
-2088390289
-1763042476
314093463
1776244659
-705821878
461410497
-1027150150
-1775227544
1994863984
686787644
-103378675
1039770333
1481976365
-305894467
-588913882
-241405861
-1753306177
905121395
-720650225
-743931718
-1450872280
1721550860
-1133757127
-1401462710
1710764613
1983693875
-1606966865
-1849412106
-779220449
1463328346
-381346674
-77092186
-868491648
-444845639
-1073877324
534799077
1875475913
481551765
-899351626
-491327804
940940290
204011973
-279841257
-162114563
-1986724813
1266128753
129407671
-253716902
-158704911
1217309213
2033692553
2048451159
-1254494661
-1880767259
-1278559863
-839696890
439651974
-1680500727
-1046176276
502522930
-150741739
-71058772
1154785944
-779702841
1749154702
-140849960
-743800362
-719770256
-1413699382
-1273743931
196969797
-2025299582
-521349396
1223230043
-2041193455
-48422888
1225330356
-145512460
660119653
1214292350
2039100437
-2052804763
-857063395
-943403822
-1856012284
-1068987330
-385729344
-701355288
-2021145710
-776133551
-228165971
390570862
378751036
-572929167
1060337555
825649232
754114946
1773451131
-746950618
-1310280867
-1959918667
882716826
30727439
-1124582870
-798821355
1615987141
-1520892125
-1409582026
1880188443
51375500
-346434857
544165710
1264654866
1703684884
2064618227
-371175885
555438315
1839935328
-1594961274
943590777
61286738
-1123793199
-2041755111
-1521206607
549861884
1279705839
1799648295
-560723510
-1798308542
1117634665
63206604
-197356364
-939531789
779864410
683755707
1119293765
156439909
-603465779
-561025163
1759904096
749755085
-788956029
-1859877705
141869396
-488274992
-28693005
1497595187
103225473
648765017
-906099823
434338435
1845407808
1536830381
-22650541
1989896794
-335112956
-670698309
124082032
-1446255364
1156785596
1515933624
-1100957078
1860435695
1405556092
51014379
-721406129
-776666638
-1584110757
-1902677819
-515774406
982794542
-1401262946
-985360076
-2044383968
1867087019
-1049592555
138116152
652463304
498829317
-344030779
73431477
-1985109477
1983129694
-788807225
1783909003
-1357162083
724524438
1854259567
-153809181
-1546583237
456755897
-438324305
-2014220853
-367952826
-375180871
520953277
-1214932475
1167062463
-1006094756
-1174368013
-735883236
-1260578091
-1609311113
-513696009
-1052565065
2107743147
-305531556
1903914011
-1892769231
-1414520739
1378939024
-1147698170
-2103949208
-887822268
-1279278143
-65088365
72292820
183081337
548265462
-1961561351
-83266852
773325976
-1099785720
1897926443
2091090020
-1868635962
-1801132976
-1852688000
1943223978
798475252
725813153
437182102
-987950766
-1334977692
1484117368
-1666081420
-151959362
1017718891
1801559410
-1068901394
1183590563
329926009
63612925
227589453
448218072
-1628506282
813312082
913661742
-1205583503
-801632594
-341059166
-1879736150
369516300
-1888657969
1016839055
95877047
1712407658
-123418960
1523491293
-487024435
-698811327
1568515380
1378323305
-1665698612
-554162609
676469168
830927961
-1353740004
-31541582
1741944746
-1882155116
1554873877
-1669540234
1992514788
-1341697164
160984993
1193458032
-1312213864
1005987258
1727183904
-467174071
-849335548
416838338
-381098613
-1040816675
861590824
1642269687
468029659
-1354560827
-214036275
-323835512
-1893527637
-795194830
-1634541367
-1430533285
-770088932
-510716676
-1027389055
-1138543295
-1873688840
-2015401990
961147311
-1960478101
1796696089
2011104915
-449541275
-291025891
-40992501
1480247957
-1770698414
904888225
288500208
-1593795259
545252418
1780940669
-403521372
2080730550
1853027563
-1018553369
-1741856223
-461129634
-1143560731
-1191580039
1465325091
-1369279515
-1845100038
-1554791136
-1329819378
-1807911104
-1075289440
668977242
-1604210673
457551102
-134954302
-1039708000
1561990018
-962549790
-539952698
1486266144
-358188141
1314155697
830153419
-1177227858
-617034969
21333323
-1475627982
-252114436
-1585785604
597340416
637733728
292548617
-2024646898
-1942305252
687698113
1640896471
2086586428
1649318083
-757802993
-929338784
265542699
536476420
-1293426477
1001722314
-971120278
-1222890969
-273556692
1728026841
-1309975081
1092173129
1633146062
735514020
-1945531072
951281963
-980749747
1464998795
473409101
638856518
610310299
-2058858392
1760496028
2123546145
952445647
-1738866429
56409901
1959149799
-1372168153
792953035
-1314200065
-1756910541
79590992
-1264541501
1786706427
2121294382
737788900
-341268038
-478407663
-660613156
1787064115
-2134620737
535201952
-496771662
-121221819
745147602
1450739739
-1719378581
552545567
1473882334
-196237848
-1465081573
-1974070459
433112294
1623550347
1652127620
680667520
1816345471
-1046786557
-145438297
-1362336031
-20760450
1232393076
117208478
1110782981
1256014321
1812760325
2115732136
-747008103
192371794
-1540676341
1731854981
717715232
-578699783
-1492240025
-1783024636
1957271539
1111147986
-252845525
1322695385
1811844233
288303440
1833539715
-653590348
114305528
1832553889
-1514265646
46404494
-2062310981
-1017380829
-911926501
-1346398907
-1583121483
796197397
434149538
-1789161365
1800449142
-1052697711
-985922606
-614513062
1979206588
-1640027718
620041569
87706251
-429936837
1931795505
210663857
-1731625177
-1619989088
1409816012
-1505774215
-2137602338
411962835
1156654217
611070116
1367441400
860972668
-1740372800
-1832547463
-469033815
-1753878071
-56745064
-715415045
694447272
-2046125715
195646651
-1692474990
-1324520446
-708854037
-163844275
-897592086
-291329238
-2125560813
1126778393
-199161318
1167107157
1122867149
-1398477043
1061074697
320246276
-1933604075
-548499992
1338097676
327654114
1919087173
220403249
-47577900
1599235791
-74656102
-118769558
-1646913657
-196841156
-820364304
-745410939
-638795221
16755897
697155280
792943511
-1097925045
2028882891
-574976340
-1815645493
1530872532
1869202178
1924024424
1058281880
-355120065
1183275083
-755010276
609073462
623100660
1649267586
-138497768
-852331699
954688493
557655115
1352974120
-709399057
1559072666
-1068887774
-1275589608
-90543416
1306157828
1207780271
1867015802
1092165012
970243892
-75086242
-1094193498
1797453264
-18816299
646465327
-671841535
2138132404
-1843889640
-865094710
-1246417790
-1556266913
1601784023
830276310
-1807528078
1258910036
1374802685
-1683865974
846177394
74039077
2078648100
-183098237
1750023618
-484864147
1876504447
895020760
-513991489
994906626
-913363719
-57402773
-35578963
-1992760981
534790302
-1845510527
1161113526
-1517373809
691480378
1032669589
-460437709
392504239
-1105032385
-1732200600
1954433065
283871894
823628011
530486364
1857614613
2091565582
646873258
-1037671934
637382124
942022294
1465201592
238432497
-1079739556
-440937903
-158783734
1781367769
829203032
-1916872640
2137348206
-1082994729
-217069101
-169615693
-2094116368
1918905866
1107594442
933094652
1598621568
5313125
587713160
-1133084570
623864529
-1915479098
-659278043
-1709638555
733993347
-475967161
887353423
20367886
-644691581
841375956
-468706740
1946088137
-53192782
-1501580546
-1029781185
445481540
483761348
-1311873011
609204905
1486035882
1717824618
2051576411
704422706
-1094439404
1412588211
1969373663
1240077481
1201830975
-763075665
-1455213304
-953008055
690678655
252571989
-1566162228
1034099006
1058852340
1172896678
947704319
-1526883482
2066684922
-389214447
-1048448536
1226586715
-455388955
1487471897
1049487376
2019736753
2024595182
-644572364
406079325
-415627396
-763400601
1477055478
-1539054496
-1837195756
-1643815882
1387677295
-1990116630
-604972517
-1600967808
-1204830256
-378988315
-1893589057
365158051
-1714693292
-1210932640
-750087620
-1990890646
919794781
-718994709
-349762396
1121697403
1942165212
352739364
800547554
1591476756
1382207990
-1364270702
1504784124
1808342006
1465651428
1222894001
-537153897
-1686792544
53550618
-1202938803
-1546816320
-1843500608
215757994
305327635
223146984
-2039130650
-158579733
735574372
438379568
-1454848134
-688404139
1487783020
846186983
-1026394896
-437721937
-448519053
614146128
781528121
-13366677
-1429697934
-1259803480
541426556
108853328
1021150441
1213807974
-1681891066
-431763367
-897053969
1771264452
852332158
-135365155
1346233482
271820158
1285278556
-2027894545
1040303168
-2043839271
130486939
184007687
506389998
-1600107290
932251564
-1310507039
291456727
1638886407
1258208942
857936292
1727318783
1675654834
1208898524
563771207
427746233
226243700
1365902918
2030065200
935037823
665471289
1092995524
-156790755
260811521
1103115978
-898661338
1282787911
1696611200
968913558
-840341072
224199364
-819545509
1334743988
1273572549
-1458661332
-32456215
-1926636248
-867306271
518301567
-637805686
-879777692
-2008395572
-1737956282
-310649096
-1241811950
-291596276
-1733406985
81490658
1817352976
-1047302246
1092971933
-1769241925
-1780090949
-2033490471
-1662457160
-608977458
664008560
-151135805
1526382177
878932885
-403054000
-1373855387
-1396161102
-620535477
-234136766
1586045837
-1831998364
731792576
1985174589
51697856
328813752
379537515
-1517145401
-153852047
603122075
1224907973
-1465892680
-427045008
1206314756
1189466836
2041939267
1626167456
-1376361312
506121221
1186083382
2018261229
506551985
2126074687
721736064
-1124129412
412301619
1243132724
-1097941260
-1833024733
-688236224
-35922439
1706031691
-133486054
699756724
-2131756584
-105933457
-1402408717
-936943596
-1400477851
1212564214
-736791865
1269617323
-1823435570
-781924116
-715897679
-1610811146
-833277321
-609723435
-143716736
-470743743
-1962173242
2123048433
-40486233
104091281
1675857722
763330241
2064134520
-2061943356
808219842
-183986486
1368691601
-1376950025
-2085557940
1389075352
-1024186474
954827047
-292536165
-138373115
-1077580000
-1048578534
-1406589347
-128281414
-410446092
429356159
562408316
-705512202
-1426540937
-278093228
-1310042956
1329236878
-1731882399
1940438407
1076821605
792020020
1668568753
1173422304
1990306217
326712571
820378592
-1274219747
1117816489
-813843430
1080904537
2030044254
102354988
599944687
-1638680793
2018844099
-587903888
-1326860473
447183087
614532947
273975101
-1599117348
-396874719
824887327
-623634122
1966706974
2017875818
469197990
-121008015
-757496522
1430100332
-379019397
-81867190
892289607
-250057551
-613113820
-601559436
654429686
-1547192612
-294214587
684067664
1480803628
837261089
-1023992066
-14781567
1742709786
1563305974
1221323408
-755292992
1130465917
-1936185334
-757632954
306487276
-43483102
179830
767027858
1949985380
295730604
841010738
1160127861
-1747660647
1638055317
-1481798455
-707436252
216514014
908335474
178606160
-2103690520
-2114273918
727021434
-546781036
1841872965
1937209631
-627110840
-1623320686
-1593831330
-787396556
120026336
-2098823893
690761623
-513956623
170126575
-1338602984
-822021764
-1833002414
-1208015530
-368439782
-641000223
289242991
1010335465
-506710666
-808767927
604345361
-1078612621
543132064
-812688245
-1743564152
-1604516099
1622722870
-287915086
27691707
-1586560177
-1808086225
801233445
-531457409
-1636192329
2131812692
-1565355001
-1016506580
-953607416
2091412974
1686165728
1395817581
1558445541
289513664
1808674684
405451864
-195812545
815435575
-1081228269
-912094018
-1058122469
-1036575777
1518611625
-1178145341
-679095912
-855940839
-304836681
1403119024
1261669424
-1393192181
233246987
1497095687
-1113997507
-762344233
1666099436
-1041068585
1695584703
1227848974
-351090303
1956396370
-1596926628
-674077338
2032367218
593702556
821960871
530735531
-1023102257
-508674075
-826160732
104196595
-1842845391
-1809245511
-1279490932
-901479403
456929822
-1722841962
674015948
-579823525
1008901297
1392813246
948137555
2072862070
-744104582
-117943473
-1912374003
-1564274766
-294910046
220841360
648534186
-1486690454
-225233837
1090005900
1731847843
-178289987
-1193395114
-1222176027
459930749
1869985409
-171907075
-1891261727
1261300815
1012726391
-266028734
373622216
-19049086
605414592
632140848
-134507662
-994329128
98592912
-1495742079
1394053403
-149113169
-2117415904
247711624
-1512203655
-766602619
-94008855
-1928792751
-1959000048
-1858310466
1396150542
1914092549
511567556
1065391525
-1169057511
-1576140141
1568494768
866942128
-971604758
-1246224499
-555854027
891020039
-684076821
-19954353
-656900524
-235088825
290793608
451185765
-2035881664
1687065474
495435486
-522584018
203128878
641053322
26965682
-963948100
-1320454288
69458286
-1905957468
149460222
-1323798591
-935984571
-1597546845
-151868383
1840957410
1771318569
-1122291805
1908688178
329708389
1472843910
1948747405
-1753575929
-26154296
1891535252
-1102466697
1587200607
1642989764
1382732065
-1132548588
-1044383672
755427559
77379732
2057911406
-1037119807
145759072
-1713573075
-1172707118
-1583160673
93962777
281325457
37306634
176434612
-1684837621
-451345019
914598097
-1611615188
1067629516
-636945415
1879671171
1860772922
245416556
1362586440
2090703124
-1380627468
-216334462
1024081854
168236098
-125859460
-1284342399
1816977498
1999325198
141859167
2047117647
-1714700844
-1955121561
-1616419007
-2117214184
-1603580447
-451435992
-707869512
-2018351522
1134360244
-200675771
49097336
-1331643308
-1187467576
1912552512
-2091849807
-1872084116
619336924
-928088607
1851614132
-1986172626
1523450943
147418661
-311142948
-1791407285
-423171763
1855169910
610277291
-1360066318
-1529849287
-447070948
-284265165
1226200417
1413560332
738047475
461217719
-1077928002
-386540564
-1046014370
548611729
1303077926
-506129247
1708946299
-1364256171
1703770630
1349056597
-105358953
1036762678
-144673878
965512859
-464861212
270298024
1501520659
-2017749326
-1453214871
-614167482
-1585342452
1822551561
1130513721
-1469461002
-566023297
224156421
-1782888473
-621611701
479882244
-206258174
957118520
-285806038
-2145452102
-1967129960
732278042
1234573999
710987610
-152833249
62655189
-1313755055
-1439035768
-1263493004
-69028480
714347331
1271461228
1868497916
691517109
895371293
-984416383
-1955241496
-460518776
34976699
1595720620
-1807730246
-1478424652
293024101
559856016
2009318152
-2030528745
-748493008
-1389330400
-1396575616
-534712736
755399843
-523667083
-1381151957
-1069170170
-1407084644
235851745
-769589259
-958127493
-870661260
2035562563
1929062765
-1708033887
-1000790431
-1095367268
1673401288
1699829116
800696604
600334818
1655302443
-1863579351
-1321438013
1522581524
-263177175
1159935247
-462296321
-1057236082
-1955121527
436260179
654081129
773052574
523923533
743456145
2112815401
1340037718
1404285679
261661896
1277523936
-1142185565
-1252643603
1978293396
674254535
227608990
1623906696
44122019
-1354196200
-371034847
684007623
1767924577
692445868
-1112702563
1563620290
2107848950
-2047583259
-1228238037
1469835548
747325809
682936269
1717112288
1538727376
-246349499
-96646529
-965390235
-579346896
1345404659
-739973691
12272581
-1018340565
1528338696
-229017086
1421972616
877785038
-2115465398
1094349138
1004988673
585808653
-1253958866
-334464785
1401661668
1159762370
-1585163380
1170009302
1969760795
151489780
-412805227
1006754217
-1873258791
1293596764
1400173828
-882001705
2012422382
-20601563
1027521939
1057245945
-1076537763
78505203
751206320
414200959
1710009131
317370663
1630721648
-769703797
914951289
-981908896
-1062812477
-479891940
1925681365
-182412220
1996591081
-1277088913
-414475828
81777023
714951972
-56794207
-1284506941
2116944907
981210799
1209287321
-110937850
-654072398
736041966
1543492388
1530870049
-1508328240
-180223770
-1793860768
-379720338
1715220829
-1788329746
1414437726
808573423
1432643115
-1244559194
944001539
-1325235875
56205931
-2084226264
-995906514
-564523136
853479285
1903466110
2104459807
-470625087
-1689825593
-457823405
743212822
399009533
-1951536050
-1579901972
-1157116102
131693467
1390358756
-636103080
-1587195972
459591392
-1215555302
2118073830
-1819034308
-1338200959
-1040157642
-793872425
-862622613
1383198073
-412258433
669372244
-1027335952
256933661
523964855
-1931058015
915388047
833931117
553085672
-6186093
-1426673528
-1100842325
-1784513437
40795455
1714961213
1887090225
1166155013
-486080269
-299394026
2042131583
-1667670596
-2023985046
-2003727448
-185094509
1737699913
1037130554
-74246636
1828503165
-1851235770
-698692207
-1647075923
-1967728846
1577387627
-1276002784
-1584798755
1989256607
78779916
1591273302
1900952648
-1793626367
2018232549
-1479901231
1631211057
2036744307
521523482
-1788574191
-201783267
1963983816
1938469240
123835246
2020583861
1848020378
1318302720
1368877643
-338491408
1186068643
1416316070
-1701596276
1401581425
1709236811
-452742058
-901603516
1282656557
-265855871
-1779914697
-2087560013
1613948240
427469005
-1372473038
1807850863
-143650719
958730406
830539701
-1036609568
126375587
-225546496
-1787770957
-1751171855
359930302
-955564247
1635715311
1374852355
-321987425
-1282587435
1421295482
1475770405
-1288345189
1731076471
-1571991430
-378792574
1809692378
104688337
-816437460
876150298
-811717390
100734670
1678120491
2047452852
-1194314798
1089491087
714967281
-1606052589
-1831589407
253627075
296798622
1291627623
-256169626
-1542855877
-285221128
-235385594
-134397910
-1218237507
-1881160014
43137883
-513213093
716385303
2089193457
1688109598
-840730190
-543100553
413145611
-942357563
1281244632
-892190983
-441877615
1962454842
-1797608699
-745376894
1726829967
-842495027
-274150934
-1449035573
-740583662
-877391765
1787405264
639242176
2015065321
1825372688
-1388606975
1535118858
1902025136
-7989894
-428282010
1358717162
-974597622
1710010398
-1076316047
-1093277368
1949284653
-1286364065
-2071386819
-1953266421
-1070978654
1663464701
181189106
1663359403
1310684749
-133289013
-55391890
-2127252477
2034413483
788066212
939230753
-1230958229
912685403
1697678751
-1313751752
759309830
-321244193
448475521
-2046648323
1709896792
961117859
235252083
847134589
673401370
75716157
-1299443468
-562979222
1925461585
-1164029195
1428369168
-1531609789
496848028
-2109486200
753030098
173753521
-2015737394
-532422615
-1564368650
-799821260
-96080452
1160819144
-83383838
-1581176066
-117432745
702499221
769433303
1868683550
-1693800452
-258935609
2131261283
-1600391455
-1334759670
326113433
1531236378
1450765428
1862674101
-633879916
853700485
1652696014
49799449
9271571
-1324505511
87865036
-1994519407
1225330692
2080112363
607083421
101790282
-698448405
61411
808465247
337840658
2027564332
-47282641
275668746
-1939359883
-1700813431
805452347
-544899443
-110279670
-1927255576
2028823646
1277656630
1581247242
642184793
260834455
-791980458
-819000799
-1742747048
1012126072
1804968228
-1666200696
2056899406
-1582251423
-476435743
-789062317
546032477
-1692169999
954458173
2143013383
-1882900387
-1454789190
2074263289
-1172191633
466368288
1006519347
-1162498868
-927790929
-2075414787
-1690473998
-322938741
-685572967
660081036
-748419814
-144995965
1399122239
-321279314
-1257736687
938508585
-2013406264
-405248817
1933586550
129389301
705293191
-1538036370
-1343131822
-1705879926
-1152832695
-653945379
-1005619060
-1425336295
1626987501
-466760635
1821582242
-1316001017
-1635077062
-2056247059
1407752086
-1287028018
-930524692
-1654387781
-39422939
1129330208
-572643312
296226298
-1494099394
1334235217
883457681
43830365
-1405745230
127800565
1377982225
1114885443
-603096537
1890539976
-1289925891
-196081860
-358232750
810867406
-366561573
-1442198581
-2017015708
1118874811
-1972189467
-2013259155
-1355264315
-905580140
-258787109
1954389977
-557176833
-90295403
1157097237
869787018
1509675772
2096040533
-1920700201
1607693690
1752291444
143814183
1550291944
1077933615
491344032
-1494852156
-2011821211
-932478214
959549491
307149350
1410598866
20759678
-616615798
1096711350
-648702863
1454869871
602597153
-103044184
816807383
27787163
-1914576823
-1998344026
-1755869765
-949191378
1752469783
-1716783701
1175203857
-1164514767
-1697893217
-441127887
476632407
2074214995
618555490
-838606193
1148036653
-1451243796
-426140668
660229019
328621099
-91076290
909920321
-643343210
1212503022
-1745857283
393486626
-1084545719
1090858100
1391181585
1157740395
839943787
1886685097
-1343791975
963657047
1232448069
1909768257
1441195571
1882743430
1169220504
678275272
-2010952838
-492799178
1509562046
-58349578
-91079985
1780180657
-587263730
-456210872
-1409818276
134932742
1026257540
-1608613685
-737794218
-538874885
1297288609
-1974504134
1115483265
-269853887
214426000
1569274699
1769146617
-1245736983
-757919094
404488005
1630017070
283475734
1125811322
467841494
1799046192
-143712268
217250787
2012733730
1176747820
958774504
-1120343807
-2051633377
881551669
1556096009
-951566034
-2017355489
787803208
192408270
-263320953
-1839102802
-987600758
-385697529
-290161201
-1993226851
-1069399341
-1142894831
-267066734
-1676422818
1664866159
2068921156
-785872499
636457874
-70380254
-129011024
-958101171
-1204938784
1640907884
486883593
-1937628907
525630728
-1846182129
358040543
-1980766716
1156744503
462396366
2061591825
-549052809
-1837541476
-196701578
-367261565
-2036666452
1153713978
259103777
1018814734
1681473959
1919333120
-285240391
1104781496
-536380072
745493270
797465275
-559548380
-1608939267
2072151929
-1215740355
1823578443
-163862843
1060273097
-544417743
1174679916
788142518
1821717601
1312704747
1151897153
-92031793
1887819944
-731011872
-1948556685
-855394192
-1023422810
-904822096
-285385394
653369850
148339674
44012901
1566738872
-325332558
-1862418615
-1528455427
-1119606689
689711850
-138905382
220235557
-491161295
171184738
1175171553
1739037255
-722524143
1920954091
-751551751
861811910
1394364615
-196833203
1791873814
629038728
-1355854281
1260462186
21769177
-1871504716
1025231061
-869104990
1661951782
228683708
374782040
-1252375175
1842457075
-1704236131
279202989
-1692038537
1102413922
-72832923
19329582
1810401359
2081967890
881071349
-1478630125
-200438973
-1681949262
1449592328
-1883961304
-2052515898
-1724217642
1402327923
1664021184
1113264994
279853325
-1113422418
2026727912
-1801512997
-253070030
673077138
-336873248
321672341
-269681150
-12906396
1778490566
1747427890
1275669743
-40273391
-662915180
-588206977
-65691597
-1936558149
935968332
-193112432
226375207
-2095284108
1007015537
-2017149655
-836113964
826769992
1046730425
1139637087
-1760992054
-43683456
-1562878209
1057559934
-1004774864
479594533
-10814594
-1067405779
487128860
-154109501
473548604
-487233072
-1220398044
1726881646
-622837309
-1776737235
359543861
1575313417
-1186378730
-953525167
-259466078
496261317
-1084260125
1791523508
-77995392
-1485895192
1477336052
1233376667
-242710224
-2040722481
-856038165
643766205
370912828
1968115765
-1460022994
850259241
-1295106457
-1110133835
902844703
355932774
1334667262
2004837261
476314768
-1069653541
-386457996
174545828
390566518
1031592817
-352009427
-1191968562
-858685476
-1370185098
-1149827175
1062804301
-1548721639
1542913476
458579077
1313781146
-1979123643
-1795004894
421823149
1386324838
-1224919064
-1634726167
194842773
1754723547
-532449036
1946080490
2145649048
-654517722
-596644619
-582764657
-338386367
577223481
1442960774
1432764479
-1643352615
1942128589
-563532282
-1001292793
-144789184
-96107610
575716492
-2037879946
-1386281216
1549210394
885243415
483855559
957284510
-787592237
1283826185
67593285
-928214733
558321107
157649110
590620395
90443068
1874176184
2109635064
1556671306
-964570195
1499550017
368084262
-1529215825
-1058212789
197061392
-877772092
2105306244
1416980283
-1990432079
1354590108
1902665206
-1911182891
-30977062
1803575246
-1934129192
670094525
-1193142284
982131973
-2059798330
-355238092
-458073895
-1965243413
1038821773
445580203
1007293407
-1585036066
901958090
468449689
-1312163563
-2074678301
-944557360
-244713331
110850764
-643365926
-1839094577
-2133854074
-1016782503
1137813747
-129846735
1609687938
1990512408
-1116912032
512195911
-1874514860
-173662030
-157172916
-1192317916
-1876459846
-465730141
1166498571
72758985
1264049326
-903664394
309935250
-1340509310
458472700
1820459603
687377704
-518453874
1766784788
688584507
1432738397
-1761570299
-409548767
1578966161
-1028618437
1463312118
1553767770
-174632869
-1603542853
1194279119
-806858857
1710261194
1824294266
-1551140351
-1778086874
-1417683593
1971852460
2039967971
1432561375
447626223
-1669572528
-1909891113
410218869
2136923249
1898077861
-1349295189
-638176242
-831182347
1317353180
823888961
-2059396330
138016880
1312507150
-1001270415
232042064
-1648185258
-1138990737
966008365
1171334445
1285631584
-471976252
862890981
1245686881
-1957995633
-411855854
2055837741
1558245554
706068847
295871895
934957725
-1920793838
411868832
1192315134
-505794312
-1227232784
1907048338
-1069158195
-2089713776
-1388350518
858365839
-1139881183
593015784
-2046484730
-1055615490
-223862883
2036835739
492579586
2137330661
169220256
-1218121349
1418012265
328152495
1656056757
2095442684
1530498760
4861231
994678095
485605331
-78162592
1113475044
1292278709
608219610
-1509991107
-564750978
-1249931973
-1457878218
-1697298809
818410144
-582865486
-664424262
773856023
-1783137305
1232832289
-1867876722
108048461
734440747
612913588
-1310418165
1332466208
627814660
806315764
1110903785
-761033867
434152592
-1569475528
842291612
-1169416267
-253963406
-1135714213
-1716486918
1498319257
1943482397
813242542
-835267808
-1442606265
-440300463
-2059683536
-259427434
-1778394206
-1558161947
-1901083652
490554545
1728732381
542825415
-325100542
-1881640391
-1327740847
1331453761
-397625607
-435213750
1575111569
-1201769091
870988436
-1810578305
1814336186
1480162634
1700444403
833992524
66853902
-1725944544
-1017872292
-464453717
1838231748
-1250460319
1182347818
34463482
-1652025575
1204581089
-492858108
2031424291
-1979821654
989695400
380360274
1214442749
-1202978811
1120264182
-433721619
-784733967
-819841924
1261703559
914693909
1049865696
-656911555
897045271
-1105021529
493393476
71814815
-703298009
