-513529494
1105158787
783191982
1903506552
1798381620
-1708212138
1725542337
-1810795495
-643008504
1558158578
922859418
-1971792094
-503838116
4334999
-1080362001
1369442384
-451328801
1847936656
-218905438
1078348400
175238570
-1049039537
1273417234
1117258021
-1216055627
785369302
1948519341
-1100316183
-1562012533
680668247
-1934983223
-1233817263
1344539713
-659949538
-647545676
242102420
562752676
59354286
-1550130423
1831739213
-1708022095
-1041298390
-1360514747
-581651073
-636438199
1239674359
-536643431
-194856486
-1240931291
847653022
186911489
1952192572
708187654
1397339638
-120195436
1355947129
-725185999
351696257
-891575779
101717343
-299775718
-489344746
498343659
-733961228
129138783
1804978112
-1219214363
-1056818431
677471735
-1246584090
-974264863
340103891
-2080466261
1085528491
-1283342027
834213184
-1665515580
-1242126697
1236134029
1387300328
-1566297083
516166518
1173605630
1571318460
406203355
1825308544
-556911781
1282996420
1399494866
-70786119
-157242681
-1455126244
1142297675
-782567013
-2012260213
1349114431
-782220948
-377772047
15150377
193110407
747919959
470571525
-492054863
-1292160780
642833565
-905435907
-882768814
1230517548
396429556
-670441599
-2088644813
822857666
1912744488
-1086681183
1885756547
-200568390
-486418609
119427830
-1035137842
-1754457524
-113138368
142943494
1665649810
-1385734680
-461374651
-833148948
1722505746
292739450
-1207107825
-1974840520
-407137175
-987548178
839764970
-871781100
-1478154271
-721870858
-1856018127
1194619303
-1577768059
-1693231094
1259222019
-367145795
1437893620
2123513520
1047375926
-1432614489
-11133064
1374773501
1462236299
968908127
-846962858
1422838107
-832887261
-1589727504
-1731509657
1188042891
-1840335054
668926484
-1797118745
-707679507
-558801679
600336414
-114218612
1905020415
149680345
605002522
253468634
1721911843
-1272663795
82945842
1666841525
1254933668
2052166679
-1513798062
-918343113
-1209090566
40870871
-1959538161
1284411331
342044749
316707767
1442115524
1158962010
2016416311
-2125527517
-1672062210
1101323052
1763721678
-1299368648
93024793
7507570
929209313
1676210875
123103530
-704270214
-915618944
-1616170164
56051487
-1266919165
-188457535
1730713818
-949284571
222023114
1916388801
-651448231
1447544905
1819072868
-1421116183
1926813362
-249029279
1759918926
739892082
-1229522693
1529085741
566592834
1439089962
-1199070233
1493264056
1713895883
-392862089
676075136
1192953348
8011803
1339702684
-763605997
-391070491
-1091632868
-200543173
-1303367318
449837101
1394196932
-1387672294
-1538623168
121659145
883723949
984918569
909624305
-1547472214
1546407140
490991299
-1513353615
1841038375
56148992
-1617968588
-1288463234
1144824993
256030070
866023035
-796143079
1087009703
1557894444
-1403316400
1837871153
1544810460
-1318078645
2117559655
-1628772191
1303490007
1983186777
-237256202
1452391773
1459689802
-433742714
-1595158923
1804279527
-678976411
-1057046715
1208927396
576044550
-1756427908
-1833815010
-824784174
113771706
2006024934
-450830398
-1106065317
864430698
-1374216920
1339234399
1539997297
-2025269409
840140627
-271304651
1910303007
1764100981
-1805253206
-702790295
-852153205
838155279
118712967
-162807015
-1207266693
-452797109
-487835266
-282394704
-974889959
-724120970
-187737918
463434874
-194876422
353649090
1478227143
-86046086
1683491932
397502262
-1746175447
-2100144005
1138120111
-1523612955
1456916940
85208676
798488918
341601890
1402473283
923664848
-1592232786
-2118589070
1779220853
-1114239010
2059202638
2534915
842139005
2104313924
2098548624
-1086534819
1139739602
1632130474
1000354896
-825282409
2099271591
1425037109
-588973325
236627531
563626132
-927129759
-1386024277
2128402316
1626320502
578030611
-284862984
1554758168
-162779246
1572064238
-1145059471
777962954
-789656320
-1480153883
-1309714748
1838133073
1135690054
-1371926512
542659066
778017318
1137538370
1848884931
-1235654913
1929967035
245720909
-1318495012
1332795745
177568240
-788537187
-1105091491
1069076568
865269450
-225403669
-1761962438
-842268411
-501683354
-1394030507
379186290
97794302
-686024661
-279513211
673847651
1301843210
2100068414
785937
-656971686
-1569116120
1066241594
810305316
1436947305
-56412458
1130319904
-1681157026
-2060230019
1185335951
-1165295988
-1261746439
-1954469969
-1036086892
-1802222806
493983532
2014063834
-1430302993
-309071257
1968332243
-916232595
-946667852
246951019
-1501014961
-1904279679
1301475978
418453829
1514663594
1249088301
-1991724439
-114248600
1875063807
2081367833
-27941468
823614293
466106648
-1112360111
-574765014
1716392857
570040664
-476806309
1574039560
-647316486
-333526565
-1396433781
-818256079
-1706451731
251232987
1997231508
2070601089
-24441782
-1597146283
-1269081246
-439027969
-291825598
438878956
2065653543
-222365086
-1449890416
-398260724
-1630860876
-2131205162
-1213272850
1598646354
210522121
-151101441
-1459772470
-56418006
1181580590
750678845
-1438180295
1808842425
1856865604
-1991913166
-687982549
776090365
1658975702
1938827392
-586085408
765333299
2077693812
-1349458217
413559706
-1833528968
156767362
-2000799442
-902160236
-1878038349
156383565
-501920689
-1408042702
530666161
-1251761826
1292079513
-1542641543
515307665
-1307122157
219745281
-10049344
2056301921
621978218
-1708922535
-421358169
-348982519
77389856
1972759509
359903560
-778180249
809484794
1998088137
1374521517
1642728379
-2124546207
-2026120777
1883171713
581492805
140182836
-763602807
1471130377
-1347518932
820236249
312764442
-1798908844
1901268386
-81603947
-1523847174
-1507993167
-662067644
-646283234
-892773774
2126012256
-1910755386
-402175891
-347660347
-1648386163
-1506662193
98770903
-519028295
-973366919
994211873
355591006
-1240827051
1850966010
586066940
530525764
2004691179
-884860123
-1370993724
-160729887
-1255134120
381817160
1810309089
-659588938
1088311689
-67024098
-1488874522
-983930431
-87361726
-1251350723
1143379700
31475986
251854874
562196691
-1723163040
2144559261
1758285769
1829653905
-137384301
-1275272110
1062164646
-1175283994
-1446343118
-30011286
732855658
-1577921936
-851081346
1669617924
-297841863
-1919140433
-1637655556
1494253295
-505425949
2045616379
2018201175
263822793
-1700097946
229957047
733046405
-1031633080
-1811684425
1501211591
-1050913751
1059651543
1776006593
-1922549186
2034012984
1293660260
1847195309
-1894144164
-641812770
-453189256
-1915995548
285967287
423427746
-684895353
1041189969
2105595063
-1559062072
-1682192247
1729608555
1117932102
622148854
1993020105
409510514
1550752712
-2023756263
-615924484
-596103048
371146825
-1448858999
1341366164
670414242
388232693
1558498154
-247007402
165492783
-888484660
282086485
-1281634007
-1715415623
-422467435
925259832
-1943675087
-646941509
1148808723
-1074872198
-1013576932
-894662061
109203318
-184139166
-1701684805
1360590920
595323924
-1259880775
-1668287532
1483818829
1162557272
-773929043
436496438
1599062406
-1418503430
-2042976009
882932492
2079142220
1255016560
1038569024
815273590
-1168685011
988999076
-867980352
-1306513323
519565878
425017574
-932999896
-1752909466
-181921421
253335587
-1536889150
-70915694
1949081014
-1206550697
-195083051
-322077309
1168409751
445481535
-1326099123
-1472087686
1935386044
-144859821
1727563675
-66763425
-1746577574
-192722445
-1290350886
1087387161
-2120818949
-272655904
-59076046
1866455071
1924246145
1199248877
-1646905471
-8384689
-1207331478
880563189
-137677769
-1567989762
-512508331
-1298302961
-868824959
-819727025
-1324437308
-1329851136
-1376991063
-2054866744
272426786
-1008590863
-703915844
1479200546
2134305032
-832705695
-979976596
-1879503265
-2035643973
-1939186340
1505602872
1389904162
1982925561
-731392788
1629925577
-813610182
-155310092
1404662480
-211084897
748127103
-1178186594
1650571627
1332482028
-39463199
1694137639
431273983
-2081443648
1264748733
459059651
-1926941414
-1374660251
1593713778
123185840
-359297968
-590691060
-545819596
-1431207817
1760310057
1050534056
-449343201
-1730120591
-2093541027
-537298663
1087791247
-2101492340
-1146595266
224864141
-1357311314
134909263
1734993269
623583267
1262581326
-940119781
703413488
-271530288
-1965148680
1444672434
1463236123
1072770694
146362948
-2124590339
1878489165
-843061614
-1870434966
909073929
54411908
-724780475
1068481561
-234152110
530217557
-1607514410
1121824647
2057942852
-74107363
-985953402
661302472
1563747070
-350275972
-1926440955
-409508509
-1473074344
400032516
-584663788
-1705925342
-1429307353
-1134715348
-1883118741
-278091478
360858559
38732938
-1772819236
-1692445622
927337145
-1231361215
-1467497545
1497420951
-678063115
592933303
-1195246480
-416182728
889634018
-923354485
-1444205185
-202940547
1511814652
-445145146
-654417529
-1653501386
1790311318
-1502546353
1365247930
1136266818
-332245287
768152740
-134740357
-1232166555
-983799028
-808283961
-2063084476
-1705611169
-1179380971
-274568843
-774980919
679798073
703402814
-620556643
999073885
-1608732959
-1580932292
-173343472
-1147784299
346727929
769430637
1251271028
-902646486
675916523
458512481
1438807678
1244109859
1287508288
-491099236
395481695
325214259
-1446613966
-524851048
-2006575234
1583658591
-794046337
-1392621808
-2032747416
1445784547
537321343
1806076795
-948052220
-1651602602
-1542606984
846949078
41473803
764260364
1754391857
1664280230
733707190
-829314117
2140312260
-919853763
1998115000
-1536564640
1795993528
-41645509
-84603282
258605155
1876065871
1934054231
605256020
563146489
2061726235
-9192097
-1121600325
1476405961
1749248983
1641149821
-454443848
1430216913
1793678963
1951357627
-117566625
1243772299
776647024
723440584
-1184584399
1072061003
-1131809682
1885486332
-332515118
-528788246
-979060734
1592668825
-1186963970
-533094999
761634765
822721363
785641406
682063694
-1264778807
-434137327
-1352167978
348530067
-1485592858
-1251002891
-189372031
-691182144
198213845
-1473799270
1342841183
-1013756522
1090742562
2067182236
-1975916370
727233647
443825544
1153160284
1545104824
1754303138
-1959334528
1655998724
-1103809652
1438303020
492457243
1281803208
200102640
-1043221620
-422526703
-562290833
621991573
961744365
70195224
1190518545
-902748532
1859901834
-126933638
2052699938
-2065156360
1004604749
-1649872671
49521326
-1623233019
-24858439
-1634824331
1980319974
1164735768
-1893619958
413399592
497006298
-1399232184
354846875
-51546800
-1472433785
1912151819
964308614
-849060491
1863787540
-1087410892
187356305
1244360044
515993176
-1224821988
-70060728
-1351036508
178165663
1317735967
-1574091675
230530239
-119723602
-946408886
352545656
-1644727964
-817842173
908335698
892955843
1704097106
-919972000
-1021377849
-848179098
84861369
422742410
359294088
384106427
-1140931388
1687134542
-2046598535
-1480035581
-383399814
11526852
-1974575501
-1505192639
265163462
1679746007
1277667708
232948326
-2130537773
-1220415228
1767015223
35193773
-1852813411
-940606879
-1366025059
1397911112
-105542715
10603744
-1385197075
660817980
-495005020
423992276
-783085599
-249309304
-599833951
2024349364
425039906
-1213399155
-1299011385
580437791
-1985472260
-256175959
-768786031
1409471264
1792265301
-1736741340
-727305464
-733265998
1611338203
-1779159473
866587663
-1920082042
-1871628164
478353642
549197053
891591171
-1802441957
2061739974
-559571604
-22800755
-2004863873
1828842923
-1513786544
1306613769
-1213444465
2044364667
1414446922
-1263072095
1882632380
2013658006
-1115585986
-680946236
-59764291
-191878272
-22065118
-218821520
-795520894
-1096631359
-1907334119
327206323
616396898
1100191244
-833789504
-1293411474
1713853590
-61412957
1746098118
-1610580644
-888650006
1264995833
340580290
591466066
2011518385
-953881704
846477120
1156600263
-660953864
-1226649787
-1692381668
-1740591721
1355075327
-165688479
-735164909
-1240677373
713215972
953191313
-2063577194
-1653544452
-1765902175
-764494175
338841569
9387424
-1030447816
482835109
1688394828
1553998084
156594732
-720814239
-155183391
-431416012
1697172787
1640315626
1508720685
1515221367
-1461109464
-106056564
30347867
-1218194729
797191494
991281646
-1181075074
-1676861473
1734117267
2111089268
627080493
1415056550
-2045736295
913415396
-334598316
-1453847796
1239074395
950180683
1033155657
-504499389
-1261341561
-1032601311
-1126877155
2082549905
1388748775
-1759885397
1167975732
1633187411
-1078014179
1388899488
1233104920
1643790660
-1575278961
-1374576881
1542065289
-826431233
737097119
-373647745
467673048
58213826
-104209633
-1045743529
-1457634188
-1598149004
-37999356
1626828672
-1059343675
1131762408
987737945
408312392
347956024
-2083670429
-1018550667
1706783369
1514962330
1814318683
2138726511
-308833270
1939073450
-194082431
1176392146
-1095138012
1068356840
740868865
752435597
-551819864
-2059189837
-341694968
1772896301
476620800
-1098058862
975488390
-1206755763
1020819603
-1484370735
690023477
-804956596
1721153390
1895297359
292481240
-550068928
993585184
-1626783082
-953492792
420745003
878885860
1835338028
518144684
-940660116
614341125
921624360
-1409066105
-200470920
-570373506
-926142457
-520454153
-874860087
1303357152
-1050877504
493494202
-973077738
1642689912
-2131952875
-223475339
-1170282045
-1102982480
-1263936725
849546416
1538415002
693554357
-369437092
-1262995419
-37294661
919737690
-1173992372
568277049
-131219759
-1842287045
673811258
1296406986
1684662406
2027696933
-2084891496
1847129387
346845752
114042549
315889372
36980076
1052348140
2122966334
-1437126504
-894111778
1372416130
1444585968
473419976
-2040905771
723905066
-1669393867
-1587099542
578443951
1832533526
-248272034
2113790292
-1367085035
687862385
1589941886
-1920102847
-1884018048
-1977026161
-1387102570
-133363668
656188415
2118449509
1343462642
1730047201
999121718
-1100767686
-1414617134
-463621424
800269481
-1837308770
-1056733365
1569359395
184185914
-1598058853
315618415
1070228243
365714160
540358698
316434091
-515800713
-1212046087
-1993425176
1463808880
-1927912035
615908338
98758921
1049622
316484189
1953796452
1305786252
-340064772
614783082
72054161
-1909117008
-627345165
-1749917973
-2106804623
-1949735002
1396899804
-1734737590
215905015
1059238535
-1093445745
-48148918
823987864
-176961657
-1179297794
1382085727
-357166835
507256939
1197237146
-448854215
-1773486506
-1280947400
1774643444
1942981281
131443458
-536009940
1699928743
816993929
-285290323
-1578687246
-1316535946
1398974557
-1761745206
-1483320816
-1646113616
987624863
21169058
294541219
147686619
-1605577806
-954611300
-769004466
349176977
112330997
117155006
-895248016
-1758405724
1481710355
-1702241165
-885693548
2042232968
-339808616
-1569686130
883295789
-1989250062
1050954696
436166799
180467330
604797628
-329032533
492228644
-324558361
6230539
1884190828
517575665
817142573
1743782323
1596968931
-1150393453
-1855542437
-975294247
130469744
-1120467486
-1508083299
1957830873
-19314166
973316214
961461884
1581560426
2126758295
1781332844
1292973647
-613771008
-984260483
-1377256086
-645150992
2136547441
-1569097608
1456923615
-1896624973
853485787
804887214
-776471665
-526859628
1876393156
2076220672
489676110
-2011776593
736617857
-1413996382
2121331467
1777619956
1425187292
-2116063763
-941078256
655963674
-808049936
-237782669
2026041223
-1142610732
-42912936
-873519533
1923706943
-713080510
-1868567416
245701071
-174695248
863508650
1279794810
-1172851685
1014577212
-1504674969
1221725580
-1521778057
950485687
1579306784
-19617112
-1122255233
170911529
382193725
1200269733
-1000165695
2017645266
-1011812713
756554220
2012150928
-1557006227
610136430
184444254
1226314519
-1048968264
-831459681
-1936270987
1951456176
115343668
-625434346
1514806953
1597598582
-262455767
1387805312
817709588
145061400
1970185453
-2092381115
93533528
639015408
-268101276
1916486581
1038870720
-628696749
-1961322038
1335981441
-1313315931
-481241814
1587816367
-86512532
-963805422
-1631019839
-119751357
-1362006207
-1156241750
1978738399
1638781651
-339709433
-740801590
1424476181
-633718637
2101995123
1763292906
-312460709
-286635875
2133860253
1847395144
1092684248
1671214393
-434389770
1656328391
1092188928
253720415
-233582471
1388685331
1437023716
-1452629639
462795809
-1846375159
657687236
-1485890964
1179665050
-396010666
-1867234327
-1947761447
76375867
1794017629
-250095439
649713311
1737505074
-344181410
309208555
1750885540
-1696786944
-645816109
654573412
211379925
1841590056
1087405597
1390055106
205011050
-18858206
-301534112
1412289423
-1614555026
868178326
1417641386
-312831848
-1961202050
855182022
-1059191974
379927160
1374279632
462862923
1864883391
-328680593
83460215
157844739
-368405505
256712823
1063390436
-1514864055
1959761210
1569948569
500668335
235120743
1488530414
-1081751684
-248281193
1925481544
-1821936996
988674110
-457752121
479148145
1286215851
-1151179386
139541595
1675523890
-2129780083
1685113305
734147873
-473142248
-1312487392
-662432979
-1055354717
-811087707
208983382
2030411963
-539744923
-863999934
609693975
720636441
1315239786
776322932
-335057307
-600390777
-1042569219
-1694463410
1925057473
-1298713720
-473260627
827616806
-356891443
448597428
12789912
-1458732405
-2021615054
-1793784116
-422959380
-129436299
-878742589
761673231
-1764495958
-989380930
1159282914
-1588873269
655325613
-186018095
2141567778
-821205706
-104518421
-1698454368
49426221
-1565805186
772643833
516265691
-1826426904
933239837
-1595330604
160570462
156653524
-1139509134
-1366712355
1205268458
185334967
325675661
556435493
-231347433
-1604781702
-1693671094
-588865557
-1078471543
1140617813
2065528224
583750754
-689873566
66434856
-714119366
21285814
-166329865
-948983764
106909255
1092129873
511427013
-706002742
753489550
-456817575
2018370213
1976397002
-809822268
-125596291
-339987649
1947372464
-992059615
-746157839
2035777724
-701741470
1716420144
601046966
1071854527
-264987890
-1869401370
-853134562
242174101
-689224886
916028662
761260431
-1877141846
1151391868
1622406243
635618183
1847892798
-863675781
-382634666
92970207
198654809
-955909002
9581873
1252441683
-893898500
104881172
-1823435549
602071873
-1852696680
-917535011
-994818947
-1835771984
-738964541
-493260329
1518046213
1420587667
-1225125335
-829831308
-980431478
149024847
-2014791232
-409915477
1505203320
-659099269
1481715007
-1207011740
-1031158227
-501636634
-1120622640
87634968
738904011
1773784029
-629964541
-713302856
1385540944
-535962707
-1127726074
-752527154
2101396963
161879910
-1442806253
-801600286
-1727129233
1075121890
1414017065
1268937502
1731046261
530614277
-1988939778
25537332
782276382
-279024827
92062771
1104454783
787044495
1234531436
-281880631
-530463128
1332139904
-1452168292
1517756627
-1843447029
717031183
1972955795
199685741
-625065959
-1467535663
1428943408
-246017556
-696770049
918368554
1250219062
278376278
466175303
1358324446
1825289550
-2049654508
982049343
592037863
-1551422638
-211473691
2001622743
-1842034296
2111683528
437073942
-440454449
-168904286
-426623316
1088405744
-261135855
656455493
-702731919
1662563184
1403984219
-1436628854
1239483978
2135618365
406350112
-2143797857
1117297573
-914897706
-580347216
1585623330
-1325299721
1213544458
-825246826
1843673523
1588483518
-1603517011
-1465713856
2044108995
-1508422717
-2062642040
-935018779
1252438706
1353809312
-1297147503
736071587
1838152729
407363713
656934747
-1807792410
1615235171
-95786962
-433340209
2028346640
541423010
-192712632
1371915036
-837714346
-867012193
-1830554158
-2085897493
-1992504856
-183274445
1645962483
594426071
-1997643948
-1718269228
1522007801
-1566852836
-629301716
-1552496270
1759059105
970977933
38190053
492156035
-1790127979
1414832331
-1028942846
-1034438564
176598581
-1747436109
579786353
-394591805
1115011225
1838308888
115947572
-33600575
1713094102
-871062094
1525582403
-974031173
489202305
939689557
1764940464
1844509891
1325425009
404307557
-56753140
1357371179
1069204423
-384513400
335433481
1692576091
-552069838
-595214690
1022429792
-1497348892
1834375279
1987525101
81935604
1649203924
-293158897
-1073517920
-1219307977
-1714524597
1757114236
1139299442
-643366708
-2108859314
140625981
-585773402
1689549678
-1824715558
-258095240
826862906
-1386013681
-438951620
1740584888
-1034401445
-1372593852
62174111
-231621904
-1021846245
92616159
308444134
-992677696
938632801
1994476253
-610406980
1119501558
2059502880
686664578
900506600
1041887830
-1941108534
-1220972606
85503205
-1188436578
-143843065
-1652969245
-1893888847
1973136580
-1588435550
-1974852513
1124272101
-785838463
590473667
-224263922
-34534395
251225618
314756707
1540330116
698960153
420675389
-2082600965
1913593527
-666349444
381136529
-1788327042
1006109157
519654643
-1933825550
-1044818294
-918215500
-1130059775
2145248596
506660569
1009528986
1901277304
-1491896378
-1712458499
1103701631
75798099
-787493710
2005435980
509229983
-1655615549
1693492579
-1115641320
-1486741323
-602063993
1318399686
-1437616605
-1903880363
-870214528
-1415467148
-1862068655
-1906869863
-932574588
1795265007
126075807
-1801807872
1833571441
-2046210261
1550431827
1171198354
-1844654203
208534864
-1369979019
-355333562
-1879900179
1935705790
1034925437
1689052072
548931227
1081527633
573915213
1796561846
1225777244
-1829945883
473075809
-1986644469
-803372503
1299159068
-484483772
-734604481
84027068
-801116578
-303069371
-1728423284
748380518
-1417731551
38082666
-1107994187
479136287
1405771882
-619913051
2118319906
-752789794
1419076242
1540104517
-1324264881
1715648043
1675720525
794360751
932056679
1695039217
107845608
1981716301
-17562837
-962934376
-1837363759
-1800850747
-1114431463
500565587
-2045875108
105223278
581668297
-225303370
-1941904701
-1002271233
731281817
-1641553782
-1334171025
-1072003191
725448588
-1318582300
498439541
-1196014170
1703648879
-331559308
679543138
1750687474
-309214659
-339967462
195080763
1826362554
1556705476
2145023166
-1108911681
366838515
-2106026873
-1084477600
737201902
1607752557
-34479642
1820738157
1045576142
781426760
-477334916
-1605023915
-994396308
1765544358
-990956856
1649207129
1017887264
-202751326
1341326862
1227881385
-1759466987
-469988992
-299318145
1251089069
2146535944
1640709924
-2143389801
-580639070
607429712
-647953976
1045526726
-1146965655
916423709
-1167593751
-1762568622
711346587
-1440235772
-1587804030
1685168763
1526924512
-1071099206
1482832252
694620383
1692785537
274242335
1613147492
202278431
-1951160006
-634510210
1209823070
-1289552445
420931413
2031279635
-459045799
-812553638
1927705587
1131245773
-1204161405
1137177573
1176566444
2014428756
-1372620801
1565538422
1927139930
1921764428
-2003125547
1044017939
-972200910
-48783397
1271557162
1272556767
-1192202221
-750989975
509316272
-1917887365
885965346
-634601306
-641617825
1281824681
1626025366
409927888
715466596
-878101710
-2110005040
1834415413
507920985
-1533694710
-45390162
-1770852873
1096033719
1881545905
1008199967
1574728975
-1466376056
449406427
151750906
1145973651
-205276576
1266678098
1719787275
-1922844869
1639312525
-891588581
-453248401
-139688927
-1555744115
935439575
1785032737
1434607303
816520640
-1426706580
-2015211564
-1423889826
1712224350
628260580
986124802
-359844027
-1342110806
-490680940
-170339516
581565903
682159463
1712995200
1392865508
1153122633
1960990859
2033998590
-391619920
245817146
-1389644494
1560271768
-1721094640
1089326828
334177237
1207205686
-803836325
-508095189
684349371
-1931166340
-2103185819
-1028673460
-490099538
-1805272719
1986117468
-366034832
125985778
1337879904
201570516
-2126680054
1897610355
716910850
577170975
-468295522
-856565188
1672543709
1134011618
-777478198
-701583056
1464210918
103260388
619079818
547383027
-557059987
511498537
812135606
1016520744
-1504669383
632154687
-1234115888
-750424863
155954674
1325586903
-2065173508
-2018064301
-466729537
-1484390506
850077263
299163593
341937967
-1518721235
434696011
-1968073509
1907122268
-1387774042
-162948438
173862623
-1580960435
1204300801
231018842
191393694
-1555875684
1743620351
1281330377
-33652918
-1769213352
-1256555460
-1914193310
-1217387601
-1951694548
417849475
-1988816042
445281961
-1038614080
475226973
-1995608929
1143508949
1152976991
372860907
-1463483583
2106447243
2013745369
84525813
-1541633838
778037515
-2086860630
-1258052542
-493554627
1909891573
1518212955
-1405730519
631839426
-248787714
133302568
860427368
-556182208
1337696737
943685602
-1092106445
1014347190
383919250
1060326934
1457198992
-1684565753
1739646393
274440303
1318670305
2105762044
979097182
1216469336
2091787202
-625458545
99820256
57934565
-201128427
-1232956314
-370456277
1591278323
1091456090
-281314915
-313270743
953728397
377533251
968312008
1622193784
-1844153967
-1100081017
234950455
-1636800930
-2080367726
929529334
-1734213509
909528313
-1586881792
-1647728179
-627635671
1608359610
-451226234
-236652469
1526733789
2004755220
-1137101645
-656919933
-994045054
1125292399
-708388389
423722611
-1611338289
401340770
-397333441
461749334
-274466028
1360790050
-1323129493
10478902
-1083302858
1270140212
-820903969
661601988
-941863945
-1587390358
1824730097
-2137753493
-233506694
683555596
-1123537167
2036008354
567210246
1544354388
1179537550
-1070773887
-1101075447
-568872673
-1310311817
-1243125865
-1240929952
-1865679134
-4460987
541445626
1770976469
-310939174
2029893015
266980510
361434344
1511186567
-1031835522
-381694486
-205901358
358966874
-459676133
-264764280
-1136992058
-66193492
-937690233
-2072272260
908164985
100516082
1893594354
-1546261128
-1142326300
-1914911441
1961174286
472499309
-1821236152
-1921683543
-989286739
-1161729435
-1767736462
1121651935
-1477559128
1968155279
1237290304
-1530241351
-1002449917
248949147
1127548771
-1727873023
-1586879410
-1189480376
-565699994
-1471575278
558168653
528923450
53012206
-2001684530
117291227
-1412039664
1263991618
315942100
-1296696309
-1940228170
-1517181683
1364606962
1002883727
-2127790601
-1865082013
1175650777
398129501
-42224043
242337025
-1511952113
2014946703
376954396
140189400
1156751401
-1757157238
-1229007948
1587545804
-890873032
-885577118
-581991625
1708551864
-919865213
-2043169155
1726384195
-463422539
-1345126282
2004711029
698521872
-1642900068
-945168165
-348719294
-2112090428
287648456
733486919
-405463912
-402907387
79572000
1258602198
-1999362418
-1680500016
220398932
1299238170
-748884608
-104184184
-743598747
-2038871473
-245139403
-1046143150
632679275
506650836
43405379
-1765596769
-175649902
654647254
-909887311
-844536567
1069351013
1288842574
-1886115106
465609059
1578433614
865280812
-356139614
77295882
-1419341987
-146764844
1760451250
-1599216511
1926280520
1080144329
-1559632311
414333757
857456562
789886631
1434172675
-2006985284
109863088
1426892118
-175690741
-673794853
58612104
-450759812
-1256929416
-26011031
859099579
-1478154701
1393312500
1625431798
380279365
-1620406788
-1059016546
8999153
-317923038
1015107058
-144225743
-1193234191
556734740
-1141431742
468658277
562011986
-2098259549
-2035443238
-988640107
-23949564
-1687372955
173848416
455123105
-1367830113
1600681087
1848257893
881381653
1202000057
1716566379
888908250
1235166602
1054034043
1186866682
1927144642
-1365034164
1751013234
-1231375716
-901683672
1432995388
23721890
-30377505
1013528404
1940044792
-2085276448
1713426997
-1250495687
-1112240840
1253160033
-1056129030
-1824331216
46600571
1192190349
-2033974348
-1645851413
1394542818
9802777
677398683
-1664576861
-795518886
572523348
386283356
-228553068
-670866431
-2111366464
845050137
921495722
-63951934
-1600093213
74757812
1584328060
-715125183
-1837237921
-422854579
2070800761
-1637657090
1222489920
1012435208
95978336
119403700
-1621025643
-1375726829
-977483275
1061490946
122901057
1734272999
694610161
-1732949427
1972570898
-799942451
302102841
-108079389
1020244242
288080803
-896294829
-915218332
366711837
-1141088289
786789141
-720387491
-103158349
1762154452
1946701727
1977618229
-416756209
-1613549004
118137482
-338002100
-816560520
2099236821
-1797534879
1913597536
-211721002
-1588297289
979440719
1100595
-510339961
-839124154
-1128926950
-1764844182
901920883
1961665755
1522317647
1114539448
-1737584035
1546916488
-1715187265
-503030725
1122061180
1736221460
1650096425
737562917
1541714506
-562066620
-810963912
280245151
-1146093157
-126496420
1715262639
2002895593
1250051312
-1566638876
-1645070366
-1485673019
236367372
-65241425
428496999
2033656853
-1148178488
-1211296487
-740901106
1950686915
-16551389
-574377841
1918361357
1336328672
-1398574179
1705614419
-1101493889
859176207
1527147460
34860928
-1551326193
-1517171164
-281165042
-1630500276
-1795156240
622250503
-204131351
2041521037
-1431427568
240963550
142240016
311372414
1757981068
372918891
-1034965728
751009986
-468592283
1383048113
973176682
-1117171544
-1073569676
-1994141987
-1646255606
1751090095
1918020251
1585777764
414938424
1549835597
-650730947
2003782760
2068886493
1050213867
-901754641
-366226592
1795089769
-214969804
106141551
1634993398
-1905256221
2061054607
1591636180
1411086643
-986530495
-1444137239
-1330547449
862175193
-81810695
65012407
1018793585
-1522633201
-2128694569
-1564537541
1572001525
-588737981
-73087471
1699752453
1593298976
630458955
962857880
212407740
2064607903
1451440077
-2091419984
-489256162
-1412460303
1884004065
-405228862
-1534974908
-787404452
908851956
1846048881
-415331286
-783432923
2126231023
582918122
161924206
944661242
-487051881
1035502720
-637172904
-1365892429
-1273599178
-1173254793
-939135462
-1750427591
-305778309
1098575903
1715417944
-1861797946
-1912765282
593821476
-1115633175
1051206990
322048199
-1046635740
98392031
1340877116
1079513776
-1207134078
-1932622396
1733606497
-246110584
1987063417
883704359
1017536297
755736858
-964115597
609630550
173715471
-1978706130
541371035
110527852
-260508334
-629475537
-579754319
-72295795
922815976
1088837901
-1870445028
-50220176
1012923827
-974362524
-2091226043
-1899675107
-802912014
564890845
-722756574
-548001545
-492989703
825865428
-999892976
-911196163
-428657628
-478419397
2136812261
184805964
1290189577
-714376771
-1685246395
-1930772505
-411759380
1238459430
901849652
664178619
626661751
908210689
1119775213
761265628
-2144643670
1001101698
-823164431
1806320148
-1817546224
737068710
-496057502
-664417633
1632682035
655410584
1118406800
-1479293137
-483984559
503099223
-298285356
264822837
176449614
225016980
-1677495908
483237474
-2121563923
1303356128
-1181533497
106907243
1625923130
-478617594
-287865805
-1166267124
-1715317174
-1994991691
1960384147
-2116892848
486965543
-973904030
169636229
-979698930
151132420
-1822960532
-803944221
177566646
183200184
-503957376
1111032664
170196813
267469673
-1804414914
-162427338
-1624098891
-1360190329
-689893348
934222471
-1328939982
-323383556
-335371382
1902614369
-731152599
544996513
-984303017
-273154690
-2046628823
2117412595
-723892141
-880885748
1205463599
-740190714
894966580
-307497280
26705445
731884217
1638001341
1891734832
-1896017492
-1695573974
2078656284
1028604770
-1515806181
-1888157588
2094369171
1761258399
1492147142
1542006903
1315187547
-2023861875
1552164226
-815270048
-1060690236
-32094596
1295376488
-583977783
-1060485472
1525894911
1425891289
513456794
780568546
1237470655
1313430979
-1954050576
24310145
-811661429
2094460705
-1568468139
80774817
-240741198
720190664
1340002866
-1008683275
-2058415212
563446879
-702252159
979890526
250572918
1969464750
1628776390
1911831768
-799320426
1877196828
-1836449729
1769601942
1529126527
738567282
2098841433
-380158870
-1856713314
-2111365403
380236902
1274035818
1099332372
451566930
474568333
-1054995760
-781210164
1863710155
-1004702975
1121077538
1634437072
1653625169
17502838
-773738094
-1113402664
1365278435
-917130801
-988233306
1666728484
1538962103
-50804197
13932315
64388491
-1849756218
-1657199678
-57404153
-1077196334
620022158
-467949317
479442749
-423861695
-722025453
55733120
1237891060
1006098291
-2106759130
1846006149
-256480342
-1775564946
-811024919
1257971173
-505219259
1843954419
1562144657
870369182
-1822505860
2065069078
-369463699
-1624484737
1009014900
-1899734512
442786856
294693663
1447850157
796929618
225211466
-2015424495
-1905489377
1060128478
966922756
-272874923
-1288423776
-872904238
795864620
824601361
717218952
-1492728251
559694213
1664996480
22936727
227231318
730658628
-1485988823
703429141
-2032144767
-905610289
-1640967084
-1060413126
-1741586892
1210856391
-75249479
1907800016
1730397602
8511304
-438805894
-848763882
1126360278
1364553071
744466259
-820341273
228648970
1323500572
535457808
-619995621
-308259528
-1930084360
-943394242
-1884923859
-941523215
906752185
285878565
826116638
-737038226
-327428700
1849010677
-1091707240
-440891676
1194270291
-1787130050
-1139122859
-1097790436
-941182024
-908515419
-275937855
-188651966
-665285279
1951685588
767487966
-1422053124
512202493
323157938
1096259431
-355740738
-2089424354
1825080020
437073208
-940742308
-770023360
-230443982
680479468
1919814880
1536082185
-1002861283
-1396259641
-1474256995
-1862528814
1680684912
1414747606
-97035132
-937507995
-348798203
-666897836
-1522414411
747951880
1412775531
-191230897
-63114919
1120148410
-962844971
-1590856053
1083946670
-381211972
-1109433516
-1973349978
821757026
-944516526
-914997432
2051975036
798359333
-311035446
-2070341612
1592957132
96751481
-1515830851
1397797392
2029404443
1947566540
1433658516
-1494128445
-1184746280
-1137060921
2116918093
-1239634351
-1984709184
-2078670104
-1704097153
387354162
-341624444
226816078
-1280803941
-572250332
-1298186584
217263571
-358553996
1300451426
1524280237
156092511
910331648
-740631018
-552991630
1336337275
-915162273
-1643759349
-1194409514
765983268
-1649064419
1033256358
-1500153950
1835194593
-834989900
1921816086
-1097468762
1651483927
-1044735404
-2005531702
-868063
1007912348
-1597653275
-765768669
-622354587
-1747926903
-1889279412
-1467499413
-707988805
1685742163
1660685293
127891716
1890594947
1156760092
-1379486096
829361124
44023711
-1671596218
-1893312568
-931076544
1959455250
-385706935
-1598954127
387762567
1316799715
-928367930
-223553288
69225361
1946366535
-32187172
2086435008
-1822496232
-1476304386
-1264205895
-714970878
1462460774
1287615485
-2103798926
-381630187
-2070726064
-134274740
-729533417
-1918082833
921748322
838307633
1533143042
731226859
419883355
-1650937714
989966191
-1172732468
354263771
-547825273
1432189265
504855297
-1043537062
-690656921
-2099883677
423232810
428820828
1085910724
2074860412
-1810648358
924122082
401435104
-299913177
-2134212194
-1830655197
826184017
-879137166
1659366718
-816977796
-1714406172
1729730310
-981192894
-374715996
1624431295
227968120
1734832823
-1986262237
916984517
1589646557
2099511346
-1250318844
-522781635
-1084499805
936945173
-210826039
22776245
-1087055202
1685774608
-1910013026
1395019556
-2001250975
-679704342
-2143270958
-481294770
1224862159
-610728575
1459206786
953578860
-1447351567
-1395503089
29622934
-236020725
-1147956472
1516651694
211769841
1750223412
776549862
805898269
-1374193181
464356812
444843129
-130447932
-1843078430
1152541246
2016720296
1129400821
-2001355910
1117793878
982558817
557923444
-1806949759
-361423760
-562801934
-352256199
306008206
-657471279
-2108124264
1557067124
1576162474
670581332
-1256294827
666580688
-632244152
-1730250424
1949647878
-1747455237
1668118130
-1034536808
254406324
151914854
-300174779
62328108
667971369
-1086531255
1577836703
965263247
-265492538
-1422357015
625432854
-498383918
1397465236
-1783993571
203391531
-118275153
1905537176
-1224024563
-26800962
681748208
-451581846
-1725606339
222229189
-1548304879
-1811099128
655502025
321400120
1035727652
2026232295
2090012658
-576301745
-160357132
320468299
-1987911464
734962927
-637333395
580671959
835830153
-1495135647
-1974834117
-1777264025
-1298997958
-1597488316
1683856048
645446941
-1053735725
1999450821
-1619978774
116825786
-684346960
140568332
-200279500
812234542
861876389
1949172217
-144158036
-1393257615
1416427843
635533583
-469955546
-1909811053
-1558710951
-923148112
-1312181680
-446307310
-73483075
-1365002614
839015190
-1171628693
607062348
1653301073
274490440
-72364813
-1734088914
-1058747474
-1150097544
1106643942
-1916787362
152303734
27527208
-1385979456
-1971271063
-681525729
-973963227
-1289723189
1570476405
131310447
1397296685
1566761977
-1275481212
-1677678731
708029143
-1023354893
-616595206
1616918205
2013046708
-704665231
-1116369060
992329662
-463856464
1457776331
1492156250
2038864535
-558217282
-1085058352
-1646223602
-1067763718
-1006386508
1803988694
-238883706
1429195624
-209144974
-1673162222
-1535034241
-1804016482
1949981258
469230121
1806141811
-1678529458
68985499
905822470
-906973482
1820375058
433035711
825754606
-187886437
943958429
1828646950
-625440815
-492171524
-675214029
1424353475
-1254951199
1273558651
-833148070
-1508353370
-1170484376
1776368675
587579857
-2002278167
-51586090
-2093416941
423876545
-3877680
-144499687
-7086020
1977753906
-361820629
2130460721
-162517655
418096576
600860159
-1149371389
1627817087
-430072178
-2062491
-1800692628
989894150
128630649
-1207985487
-1250224743
-1759529497
-1098031216
-507922731
-178511211
-839629449
1106195652
-771390201
-199669214
1381185971
1457821403
-816383326
1426316493
-70827571
-1524335190
1191791945
-140951492
-267431449
-1220170109
1563526482
266410954
263493149
1855769835
1125995104
749288021
1910378953
-1474411888
-824703407
918369622
556297985
1315058297
-11937189
-1081787087
-1028865436
-65541249
-81534351
-1604807987
-238467306
890867195
-552774933
-612006297
48977672
-1574446912
1873607781
-572911709
768222076
1600213323
-1200348698
-124431644
947253704
2131180345
1723731268
291219420
144171097
1146491640
-1943403065
-850659994
-1418037254
610172865
-1991537395
-1360103790
-1607234218
1478947013
2099709484
-643678975
1842099899
992827814
1689201437
565183603
-909387232
115589672
1775891543
1132342174
106403689
-566649560
-232139078
667608641
-362310936
-420537652
586316718
-342950793
-22551513
814672379
-1938925684
2038213456
1186147556
-440525553
-567492036
909343389
481369180
861480393
901150238
-126149622
-985439540
483400837
767596845
23373682
1733286196
1034143406
522499170
911394926
1994318173
268963955
2002140502
-1512132305
-1338949091
2143808954
-126577110
-1718032755
1486947290
1372706389
-1616730198
-1358808737
1108676940
-1416408717
-1388611152
-888504051
-1408786298
-323140520
1645047238
707259234
2124130358
829552720
-616824817
1559426470
-247601877
2105084896
-1778240922
190866155
-1424870377
-2111519937
2072905159
-797719641
137773974
-1688769532
1976542701
718955139
-403774866
1808713760
-291689667
898083441
1030057496
147239949
-717875486
-882288124
1391404415
-127697849
-650121928
-1545922565
254829574
677877243
403149421
1877359902
-1609955120
717205246
124341605
-1277958323
1230999098
1588283648
-1552182050
40151509
162043308
-1762176000
-684258603
-261984507
-1406604399
1529052162
1998080551
-176791807
1423329187
430054912
-2057409926
-210378795
-1264366229
-1074915299
-1806475683
351732428
-899968760
-516888288
305762221
-2144472318
1152689198
1088869151
-565420486
823802168
1911844721
-1818888838
1559717035
1998842087
-657630269
529043979
625125278
-1414133097
-1860890565
-1714818661
-2135944429
-228272272
-1308440552
-609707113
598272522
889428497
1794016516
-2114464510
1969228905
804735136
-614817380
209033901
1291335459
-1303368671
-2086303697
-128349530
1963696791
856041739
962171333
-1738247955
1889837877
1582857496
887968099
235891565
-1416810393
755697244
-483995763
-302720726
1574270381
-1337432167
913865228
1685883062
1171247626
-778986031
-589902863
1920457193
-423433826
2073615131
-655232551
1525794512
192458132
-1334920518
-357634447
390203365
-589595075
138814059
376439612
-1951283328
1279314813
-1820039939
-1653317228
-386688882
-518858907
-1743226329
1200842733
-1130912641
276922145
-1502781547
-401084575
2009089156
771501588
-352782525
1086614888
-420840966
716529473
-542509298
-2024739354
719387169
-745385748
-645087864
-683660950
556253457
-34615680
-1138221045
1140407220
-325492755
919549107
177243664
1374142072
80640600
-1953688600
-549395007
-1589883807
528164647
158667987
481195468
369340504
-1586157480
-1600322718
-1836767111
-672447227
2026974787
1487610843
1539851262
-194164587
766810639
-909494719
1911794705
411576509
794588006
-1018180612
1039118527
-674231553
1840350572
180343736
-898468228
-304474836
-389228820
1663205260
1904692090
955595305
911143380
877652319
1369800253
1109167861
-207639069
1982273927
994412911
-1437897750
-1957465440
450646962
-411260688
-115614142
-1504828275
1608830473
1075063857
1846748
-1777651299
-591120750
51583426
1238399808
804614370
744663765
-1677330392
388086240
422627722
-556268094
1169805300
38505120
-1042098932
1493411793
1423751952
-9520488
371650717
588651883
1883739484
-1459197416
-1129483799
1235502984
-874929544
1574576108
248312575
607251096
-1610072861
-18395936
1992812940
2057029542
-808328636
711000966
-1367868085
1856480187
1239757064
-1114838986
1169412539
847438208
1438755628
-1909416619
-1411696877
-966880986
-475966885
-1917636646
-1371474317
820124298
-1420332741
-2008397810
1692970331
-971250285
-1941821949
432218770
58879072
-1725324066
741442128
737383846
217386268
-1941428579
1308644409
-790649176
1197699942
596955068
533195936
-1067158567
1151872450
919151940
-983992629
1728149095
-754570981
1876625412
1799140658
-983211865
-1702597713
-1510832531
303904666
1593056417
676727626
802187454
797728354
-456151343
-1039215946
1020189536
-124797156
-213515988
1366837873
-1034429550
1104723550
622975584
1189222560
457394760
33256154
-2088925856
1577315395
-1052194480
-1463278164
1167715615
540436394
-1664104777
1028391923
1126510747
-517226968
-148219286
-281881182
143127324
-794298107
-1125262817
-108212840
1216408765
-817621064
736511861
697878253
1422556971
-1387888811
1615854681
1969521550
1090409132
-1135710908
970275244
18464779
-2086191261
2117558579
1753447458
132657327
28444369
1215607373
-423183507
-202785840
-462315105
-361446485
-440993895
-1201699479
-495704678
2057210890
250001593
1081843685
2075232254
125002943
-1331206973
-1814792643
1382924278
-460696601
-912093256
-1646509244
1203506531
-189184542
888515080
1351100993
1562994652
-1357649407
1391440179
-117979970
-521119243
-1565579651
979814067
-123258465
-411513660
412309418
-1382690536
-339529355
537560992
-1019818387
164662133
1725381652
1136748588
-2105720341
626960122
-2004583582
-1858169197
1775249539
1622467298
1484236657
1568815636
-424727555
307052175
1622327248
-552767040
274148611
1154329074
-1162871266
606377346
1880197583
-2143365072
1680399839
201720672
-1935369179
-284485502
-1599779438
225049855
-42360188
-1466476196
1386503426
1189370220
43747480
-1278821935
40959196
-2146889959
-1997192462
2111524149
-20274303
1623251493
91075066
70055171
-38606051
-1219788065
-924172253
-480676607
-1892778760
1900120204
-366956703
1662985633
-774316533
952054888
-474756649
-1924798294
1058009302
16734442
-996283947
1846559767
997539952
1162625356
-1180201727
-269957313
-573544225
647075146
-1479055661
-392290763
591343785
-951962327
481076806
381843313
1901406123
1592873466
-1999936820
266936239
-829038808
523126303
1204708481
-1228441577
-321777884
-1910050290
-1821328477
1491905181
-526304013
-645095083
208984898
1360380074
-491342068
-2123121699
-673830093
593100796
-2073429470
-945371278
1982678346
-976899639
1974981493
-2140570238
-184659513
-659048406
159568996
774961444
422328080
1220056503
-1842418873
-157138596
-834498400
1707592558
371012987
-1132940387
-621567681
1149677784
-1505075523
67768974
1732686963
-92919186
1386422715
-952746736
-943283402
1508827704
-1530413592
-840117888
-1178112024
-2100173130
472938127
-766295751
1926573446
1416221700
456290091
-1086711716
-1211259364
1506995000
1552251125
-851935790
1917416568
-1631405042
-1981766211
-2102317166
-1273985760
1290683591
525120509
-2055962849
-1012845947
2094509133
-114776022
1709642324
428896375
633010842
-573692083
-1144165277
1207745243
300118875
-58169646
5800730
-1296778340
-1792444720
-1016478304
-133176216
323869663
83037429
-239508887
1845112864
-1082772358
-1978695962
1584612162
-1339233796
-57634395
1734910591
1324016245
687400931
-1050640910
-1291142078
1246311574
-1753685906
-1200125830
1538136957
1083997140
-1835278936
863255128
704369836
1623293072
-216164331
-885624997
-596034021
-1395464397
-2021982731
1530136054
228332239
-364573892
-1592694071
-917235077
-280797274
-291428457
-277130474
-10075768
468688573
355789877
388327528
-1297189439
2127996177
1111490776
373520793
408267967
915818088
-1234000594
-224429
-1374009529
353555313
-416432607
-1122360110
2090520766
406640170
-165288851
1140731118
256426460
-1387548543
1930446962
1130410840
616053408
1756430654
353992523
1016402467
1541203843
-488443105
-1387033314
-149171322
-552368656
-883303868
-397819723
-2008143904
-136659982
-771767347
-1866582963
-1690552325
890582831
2048318401
25036718
1990711188
1020938004
444976433
-1116297349
1972984858
-780573103
2093449372
-1123568181
1252301750
44590984
-1750213483
-1154324489
-1026533237
-283428544
-1812108125
-1778356811
-1552769986
188708127
-1998450072
-393628315
1115211704
918892120
2073765124
866230699
851073834
1463923553
448766651
-643201987
-1436435887
-103794967
1080121556
-1685097987
-2006552325
593466377
2036344260
903726153
868793289
-426008135
28096908
-701441134
603347253
844351877
-682854306
-659687637
566027990
724030847
-1629068410
460273251
732843746
308226423
515583111
411440853
337644021
2036194153
2120799876
1333199869
573978896
1080975158
1425836514
-1708798961
922213347
-2016560745
-774144470
810814979
-1283872946
1716743758
305536563
89126132
-503234523
2028838301
2051459711
377672874
970645043
1958544636
-774906395
1148484469
146250625
170120965
-194848656
-1814999748
-318049320
81108658
1244976263
-1236370476
-280872829
-1960468021
-2082297267
-1926696810
-1004995496
1085568665
1825137994
-575620309
-184960007
1702150367
717090890
-1524885079
-192264617
-1928705526
691608453
-1459982877
-378033801
1795549351
-675585792
-296700932
-1601329288
1370745620
-1854010574
1609453117
1298266068
978975098
-1648516631
-433964504
-1231300378
-1977834758
-2042379922
-1545207091
342144427
-980153818
-1282097177
-1458240421
1024910284
966419634
-1517828868
-1281633031
-99893797
1901478506
1918252989
737470166
1153080797
2066599782
-812013885
1359263614
1064205320
1332708733
-2038591852
96018543
-2064632371
-1487929097
953983564
1022663916
-1277181672
-1331434363
240614008
-7890672
894881749
-172476299
-1460875707
965156389
1058252726
-1474686687
1853463257
829517878
269693491
339953832
973724928
-377065246
-1083340590
574040032
994623755
-339551374
-2001174104
1734793867
-1511428876
-1337283026
-211288034
-537662776
-1261451066
234902763
735841784
198868939
-279779013
-355768088
1363738771
-17542192
-127336282
-1242883621
-878301587
1012962636
36108819
2011010118
613677290
-1242814619
972825260
1646721294
-1779290539
1910044068
-1246460579
-1965573555
82577444
-1810215191
215145659
-1118080666
1892632959
1862761374
2004696865
823558746
-1101512189
-505085137
38136092
1206526041
41203906
1824019641
-959723000
-937719908
253494158
-1210005759
-1429948678
-7045007
-1711616393
-970185817
-1816303648
-549421161
865425297
13382042
1408869095
-173344821
-966057222
-654970162
-2036254180
-1523011422
349399834
-498431700
-1257455787
2107586201
-906374868
1186264778
785322578
249215082
316084733
-144233124
407317790
1058268576
1064944372
1783898345
441963195
1508680301
-810591406
1596707265
2006516733
-3955525
945687993
-1648787027
-500080970
1810648704
350500338
-523007896
1875102483
1792629078
-774218006
-535856306
1220549445
-770824374
-387898115
1315216467
-466910877
1955843315
-1074497418
-2012101578
-1562378354
-722720570
777126998
-574931979
-1416612267
978230185
-1785152172
-251119229
-439405221
664745669
-1281106651
1733227448
-1540214217
1749709471
-1593586179
2086240648
-560182885
926729066
1830537812
1497167991
472034999
1070505622
202585325
-723550644
1241115871
83019180
-1338643181
-1268694524
-1866260630
1367206493
-1873861851
476549129
-1113963555
-1036255273
-1421971115
-1735887453
1723140681
-520565414
1992244396
-1895258194
-1770797071
468096523
5677648
-1140547443
1639739439
-1339627000
-874744567
859384158
1771157399
1038546107
1599606529
-1439776145
1381418332
-1581130637
-1473119285
1624153839
-950921486
523306800
910671526
