-24222781
205870804
698004948
350664771
1252164263
-1025672334
2043298599
367068178
-1950096306
629768040
-1158020419
419898394
659254434
-1224385694
-678287389
-821138178
-1414611491
1025550747
-76815546
-119481450
2090404339
40766522
1034802052
-401736719
1648035663
1595414009
-609850624
2092219549
1951988930
160012552
965107445
-1289702875
1721309368
1913749552
-2123729971
1576636122
-721188948
-1266117062
4537011
-762588458
-1463222819
-360587376
1882100838
1872623677
-847534015
905210405
1906838864
-457859130
825342138
836220818
381839063
-1679523463
-574094969
1914316161
-1258167822
1265444282
32396284
-521471922
715398910
1795926661
353277557
2059922410
1791207121
-2102454022
750437768
-1218941181
-687705841
976490268
-597863303
-1054938015
-1641677892
-210124331
61513970
195741331
-895170542
104241981
755592691
1434184138
-1144106859
1870788891
638818823
1249056772
-1657549724
-1302540373
1622115512
-877112468
-745974832
-1965345631
777377603
-55375104
-644072910
-13822355
-1071733617
541453684
1416933624
-656104511
-261352357
-1204124075
948307969
-105044145
-1783099977
1223100786
1144135467
-1441965097
-1938975563
1322971255
991550761
-2009301920
-821178529
-234533159
-1426210919
1212257477
325838315
-1953366023
1670305877
-592914829
684339757
1206457219
-1883124728
-669846161
542536268
-821158888
-1103452668
48157086
1999237816
-1856814036
1753322835
-185733056
-1848777893
-416395984
1260250891
1937279421
-594326514
-818160398
1421201894
-689033308
-2062461874
-1889551036
489088785
-1859367184
-1491873233
-1950944804
-797688764
1361318540
-848341872
570083450
-1314610414
983394840
483335311
-2143140017
-797146750
1063074029
1726265919
620862877
396632029
651227486
-1230487400
-1040352614
1619296201
180494401
-841792337
-2031980902
-63827818
-1766282067
665852966
-1332823444
-295840553
-992292860
-1191571739
-1843449597
-1782919884
42338867
388132873
-88731816
1708047486
-120809928
1847185948
-654512497
-1241343740
-843635996
-1577334138
-1445907368
574111524
-1159539742
-856754108
-1667455592
-9422556
-1190146313
-1871560233
1272053575
-2073841598
-1363879542
929791614
2099231131
1470356233
-1108293017
-1428488538
23681382
-1408140058
-1267018817
-1319458911
-1833307205
915688186
985590131
-1060727146
1818806232
1847806512
-1369192559
-321356104
1775440703
1588361874
-598975202
-1000458566
949781541
561734616
1459527445
2085038466
-1097208304
-542943422
2088109999
-750019044
1067459771
1173060263
1913144805
229378801
1051402556
50852044
1114038578
632678456
376427880
1506587385
-1187981923
1721677227
162353526
-423890999
-1389138954
-1558370434
699932641
1813709634
-961949089
-751587700
604306323
383147044
-708888306
1277087699
1814447167
439214725
-410028208
-577962206
-1862150898
1839772573
555646160
-1083379440
3875197
-1318566178
813634329
1861916720
1411890309
-572501944
-790252712
-545111678
895659515
511308794
1726772326
-288062421
729102905
-1879171317
1528386822
98367592
-1504575490
755767706
1376282218
-1904678464
1858703506
-375478749
934255356
1070233721
1156441645
1542668820
-833995430
-1256726964
583818393
-1437836385
-573156447
-938620325
-1506013162
859869394
-1896975635
1765214306
-134691203
1188449252
-9517280
1340794669
-283064665
-1697886000
-788770077
-1458105783
-1599192561
291835943
-1385059350
-1319054594
1491809461
689165090
1671739259
-563811204
-1553408187
-1983376138
-198366416
1402767187
1660043128
-1014719124
1376507386
-52371416
-1870452038
1723150512
-1433471639
-504451675
1824780045
848226408
718281515
1726312881
1294179884
-2047571448
-1544788270
-187815455
-1565956365
2098818660
1507858394
1710756653
-147349251
-156053882
804961257
-206474010
-595497330
-131036735
1232174424
-523393305
-1063380813
-1099712250
-655796750
-976697590
1295223208
-116743307
120269306
-76754466
31689081
-832640970
-1680863374
-555543914
-1489133333
12317066
-86751846
2035818051
-1355692388
-606010084
1810079926
-720908731
-1457636760
171148701
-736465388
216657407
1280652046
1960524175
-1390275507
-225472567
-627228141
1549511519
893449162
978074922
1996067301
-1260718407
2003389322
667252294
-1573559740
-478701800
-926210527
397816981
545285853
1981025179
-550923517
1448830165
-1071649737
-1642568673
1618194434
-2519999
-1693260078
-1240003703
891701013
809176323
-1429909363
457401187
1946354778
1051311590
-1345226680
729679018
720799837
-897726129
1049896905
1621342693
-690562406
-605616275
239256547
-1224112519
238551104
-1802156113
-1316959532
-790540485
-1020478665
-367575690
-2023467793
1877473351
-660228764
-1695611893
-1062241414
-747172849
1786879019
735473107
-1325479463
-2011086922
-1484459979
-610495807
-1660216085
279079070
311987570
1957253643
-1071672141
727758655
1226452833
-87377120
835353659
222710586
1727690126
-440692264
-1545974860
-946375507
-216519588
-737058323
-31053599
-740608311
251715076
171169193
-1414297162
-466559072
-516231203
1021723617
-507454148
549898563
-927084579
-502814431
1331125943
-908879860
-1887373729
-876838872
-377194743
968133175
1095942182
494480790
-8564648
-1041716041
2142528673
-1634012445
1626701806
818547015
-1551332240
648584339
1109125729
-1570561602
-29995994
-348954713
708789747
-707769177
1572505424
434346582
-1102192837
-1350449392
641597366
-1715180548
-1518697468
11308962
-261712672
2023512147
1183496308
-1702535439
2046719963
1263561184
1039178352
834818325
-1359718595
909281199
1645549375
-1986718599
-1083979931
-218959295
173889389
-1105677838
1015376647
-1191699515
1354794225
-1572126189
1985650663
-1721806970
-881766511
-564321345
920695780
-1927553883
108057477
-2052814850
701752887
-120473593
-99170726
18704148
-238372612
-765212272
636816921
-1991560497
284579570
1593661584
-2059721048
-1311581663
1566380414
-522105987
-1793066641
1064890861
-231720203
-1446957341
1428097854
1066997541
841933082
1007237015
-566221715
199810580
-31773723
1118680114
-1469130940
262791928
1180722310
-1361468995
895060125
429117395
1684269225
-1264232535
-442114360
821586818
2128317946
1459060481
-1581073746
36767246
-1188546070
-702428958
-1988223176
1468388929
677097907
2012092458
2131208945
-575333252
-579017062
-1981279634
1903069161
-548856120
-1542569357
721046578
1110701532
1028215338
34453610
-952794029
-545664364
-675003078
1004445183
1661706952
853984395
-898293770
-2029416366
-240161143
986704851
1654705363
-1564546656
1206202062
-1848492742
-529260779
-255030515
-2002801796
-1090262103
-521303457
494927523
-1635237668
2022212556
2062696333
-453364326
-599262579
30973431
-2083011903
-1861589287
-799872581
-1732752825
1118326459
670683580
-950654319
1977981704
-688285330
-1156945640
628903148
-482676394
1435684303
-553211269
1640174672
-694751226
-1013461265
-1436473929
-220675297
160839878
-1514334132
-280594271
1101423879
-1203153022
1567149923
619496214
-837825348
-1093435383
1859836553
781702974
633944295
1300562416
-2101407494
142191124
1454232669
-1764845898
1344919602
1057671205
-721320556
-795283928
-80690565
-588328297
-977551022
1700666630
223740615
1513441389
-1801431898
-417803801
1226230207
-1106829304
1086741019
150434905
-698752997
97907952
-679686613
-1023438260
-746778061
2066337236
-528517390
-1632616529
999637206
-1485390129
-1369042141
-1149744037
1734224730
1278471148
1986200639
935294000
-1600895244
822194156
302376963
-1785729667
1346647881
-1035670714
1611257121
1256192421
356564036
-1401307282
1434332979
-1152295938
1906911530
-1411368359
571753964
1178000124
-92817174
1095349825
-263507056
772681614
-609201223
2079715749
399945381
-660666681
-1136813602
1775969171
1429521130
383121857
1326663626
1671729193
1076995464
-1015242819
956974955
1952932184
-1151854457
1985879695
89916097
-1228552213
322965891
1215946040
585616304
372549831
-1785423970
-1680065324
-607752936
1670929012
1472531640
-1865450570
-1000523486
-860801316
-203074083
-1198184751
-1335678755
1041827153
579049215
-1107640999
408936712
69107924
829519332
472017577
1515565105
-1612939629
-2065033119
-1375536537
298113534
2143189171
559763912
1672506085
659014602
1702658384
-205802594
-542064182
1139594867
1270145473
1671853457
750192369
829172081
-1561728480
430008488
1297648016
-609989845
-1794198264
-1433114180
-1443966052
850049669
-2143951968
-1664284890
-2028277908
-59644483
547460568
-2138550855
-813374564
-1295007113
-1868291342
1511518450
-809727693
600658709
-1112189372
-1925889426
-1446043640
-1881625268
-1642580933
-1152930661
-2122889887
687363572
-39220317
1888199858
-670879524
-390592994
1395644196
425871332
-1972937838
-848024213
-1375128817
148969427
313652600
1680524699
1721527130
-1891857853
1651887369
-1756542108
247358953
1629446161
470388001
-1502023548
-359830257
1001125731
1994552620
-608740583
-2108154285
-1828451040
1981804415
-1975810512
725483894
-1241079390
-1446008315
1974704027
-2104226892
-1598360406
-1043852002
1501675270
402101066
1658506388
779185347
-1581551028
-140609736
-1470268213
-1229738003
-705717498
-1977909432
1778933630
-1128125897
-592869019
-1397082034
-618613101
1004762049
1471135809
-570044240
1252403164
-773911720
1901784689
-2126333656
1362905224
1168633555
-1403868836
970657224
1818029019
1953355199
-1782399792
557452094
718547233
-994774466
-1477106670
-1902963623
-1725805345
-1095869397
-1788215243
-2066412597
1836001612
537496194
-1941430353
-674036176
-42108417
1108967167
-1936331991
850892879
-1262203160
1773045764
-2108437611
1600669086
683651716
850377919
-1534173819
1154667275
485031756
-1131571317
1695548859
-780762631
-1982162834
710496919
-1765885188
2081912712
-1020659265
-136123707
69998889
-1096100839
280908527
1056566484
2041254287
1131298576
-635887107
1527476416
-677393283
-1039799589
-278298387
404350824
2146668566
1588090163
-1801839944
1521589873
-706756503
-535869534
-250283132
-1421402518
1591758014
643423300
452440085
1721419568
-1076945358
-578581807
-2128254846
1217351316
-2026939514
-1647279654
1414271531
1033307450
-1094150605
1003475026
1187814634
-1430911549
941569217
1687692112
-1916412024
-615140818
-1571246504
1105992722
763678578
-787995781
-1175491689
-2126544316
-258736213
35680145
1686331555
-127478142
-842032380
-2098271903
-1169050493
1196362011
1182944651
-524370102
-592508501
1202936088
1826804032
2141494207
-628802602
648257404
-997125618
1527000102
-1299273960
2014153420
892148985
-2035502589
-65647565
111120081
1913736851
164299349
-1281006040
713329819
-589531980
-1745774784
-1099152111
-337414455
1242552169
492673003
-1489141202
-2097252856
-1429185236
78248619
-317726404
193024473
1679375957
-342874784
-1645448435
-1555619434
-1381893168
744992799
1377029461
450595254
1218481424
420294161
-2097255487
-948172465
61602115
200417434
-2134274483
-1616765988
345165767
-74024772
1734551766
1281831744
1178350556
365841086
-1379092498
1067437578
920743833
154966024
-1762259217
-1466225158
-2057747932
647385937
-1708231854
-1807125820
1645042973
-422640901
171678017
-379445997
-993671846
-914184771
-351578775
-767476272
-1023604007
-301548158
804132885
-1798187613
-1775531022
1808180368
76907896
-1455413063
-1381550132
-768765716
1525923657
-359200056
1066959889
-1885148675
-1530055787
488073039
-1218672155
1615058031
1519912144
1565100578
-659063277
-1974527910
123821868
-1128535003
-1514538871
904316322
-467513555
-967079849
-328286458
-635618656
1366486397
-2003960558
-1332869359
-1334218495
2116285436
1190526352
2010014508
-1401375506
1630801947
223270833
1413140297
1146235501
-1894283670
5509626
-1837592451
-1113406202
-492962962
-1250531871
1499388915
-504457815
170620344
-831546809
-1477609182
1447989967
-1212748494
383451717
-976301246
225459934
-162399301
-133127126
-328913413
-847327023
1478656758
249384132
573174111
-756825320
-1259316385
1469190879
-1558101734
-1622741828
-923377506
-745926902
-560770328
-803960634
2126999327
-672314464
-547342266
-615395359
856499938
-1134284538
-1470492820
586090558
116361103
1105130033
-1537421447
1750085559
-346965555
1774763370
832185328
699638838
-1795057197
1026995541
-1409086621
1538289240
-172173506
505345582
1126182253
-1468263860
818396709
446966614
-1488643100
1866599169
-1459683990
-1874429682
-266734769
366302080
-1425080750
1922219649
2117734038
1889968789
504406360
989164551
1784529400
-2039464779
1752462397
-437868121
-244297408
1622310939
-2078100125
821619166
1163040059
-299200717
-733497253
1437402270
18744420
-618742468
1185513404
-896989543
-322759967
854761768
1255972918
-1223630658
-1441194574
1227813574
813416678
337871875
-1272621785
-599288286
468077803
1093104997
-608085357
1412200747
1547708984
-1013047764
706839870
5777302
-21657173
308632691
88474271
114899202
-811391905
-1671227417
1264666058
1845624157
-210470339
-1815159089
1005681191
255593349
336520665
-1744187573
-957223580
-114059726
364484987
-801812256
-949705556
-1670862062
-52438662
-591568333
-977039080
1030930485
1443629008
-1374453996
-739502235
1713714091
273634539
-2027724098
-1911628057
545890667
1764960705
2061183580
643374014
-2037435531
-1248944346
-1850434609
-357840826
-576958405
2104202849
2126877870
-267877933
-266187971
1607223036
-1346771570
1973615774
1730739186
1859868123
1618550146
1291928313
1958895342
1797114255
-966850075
-997968950
2092213568
1172271083
-132780458
-1990921162
-2069146084
1166510296
-896681725
-62175076
-416913735
-1022571931
-780421334
103549124
107506812
-878898654
780307933
-2116148392
-317502122
-1644275795
98204421
2049434770
-348843415
1970517133
-1236393304
1399682102
914145521
-448096962
1155558510
1409597123
1835621729
232875916
2125739360
373439972
96697548
-1623565788
-568927757
967136300
953419910
859963751
1041947717
197275651
-506390517
1679488385
1530931878
-118330918
388236574
-834880070
1266403929
-273362523
-1950736843
742759691
-993465702
-1019732086
482581268
4461556
-1014389789
957578198
1616558007
-180999284
-107092118
921375280
-1127802508
-926294567
947610350
1441670160
347071073
843788129
-1678156621
-1895870863
-1664018702
-983446015
-1255158837
1110374084
300890598
923355388
-184995690
1245385512
2081309284
-28559786
-2137329269
1212596696
-1801498527
-369370781
-653246409
-1070636060
44745540
-1507647846
-89142651
-770953436
405968587
411893934
128236608
1690332009
-647812561
279161567
540529878
-279458060
-2031692410
-1251021684
-1200777890
-295195093
-82644632
-372387315
-1085617444
-1624837495
468399317
611350207
157350083
781847766
-865956523
-472619937
710436794
-145795432
-468789919
2010583963
-934945629
788240072
670502145
-1483251226
1140210648
-32662071
1333393590
748163211
-1556439881
290139285
935676569
-794648315
300126560
1744345913
1429453251
-2079645044
599959229
1127215747
-1502958609
585811187
-1577754430
1948478712
1064719710
317736113
-131254539
-766340341
1840083706
-171801540
-270772944
-814193012
1444151998
2128799389
-144235354
275534174
1233559124
79839040
-1493769949
-1080636563
1114528767
-1399559412
-74858857
1110830046
-1588110917
1956374195
262234836
-725788281
918705825
-764938678
666417046
-949989728
-1960051056
-552259045
867588292
160146363
-1731539959
-62288710
1847665397
83957233
1731109979
-1499322795
1244702261
-2036056995
771461631
-1898282672
858489095
1595728078
1940603205
-1487279087
-970856530
930721719
-1915280593
1095578647
-1154294872
-1187417238
-1538827620
-1740638639
-110176390
-53457275
-316614744
-695590739
-1470958925
1226942892
-112245422
354121966
402899498
-1866545032
720219488
-1753727806
773814409
38091182
-1908738433
1448554259
-1938617585
523736755
1725276333
830645917
-917086576
-2090973633
-1731435557
295924160
-80756543
761607761
1304925389
632660887
970928562
994492770
-1670810555
-615211448
97927578
-1453116707
-1186870177
1712123549
900302554
1831313101
663978046
-1514681133
-600510404
-484572968
854651368
399333042
-885229701
-680798613
-1952554386
-1462249763
-318310393
-1100765130
1828171856
-1291604629
-1291244024
69285595
554244126
309112245
-1802296925
-1519436063
-983508126
-528284303
-556629379
-1263466514
-719720003
1525612799
2074130301
-1569115339
2038310991
-1996734206
1857791701
1847229740
-274705572
34223411
1970567745
-1911134590
1144354348
-2130120591
-741350511
-434571184
972948785
-1041847781
264742245
1869617038
-1065441681
524517538
1343579191
-186639416
-220589032
-33140391
-1276443745
43949328
261358966
-758728305
880612305
-1168659146
1142899213
1336775903
747115369
-659492810
-258522368
-2119267131
893487466
-654227471
1126696627
-1760391820
-1615709308
-1406466272
-1381172559
276050919
-309918571
66183045
-583393328
-439580362
-1858465935
1409613666
13683859
-197157078
860781030
-1601629650
1957933519
-331488749
1299489786
913643654
1491338640
461911000
755871606
-405779615
1569454140
1358046286
820573095
1007582856
-1246177287
-912336179
847145315
-961825212
-636910004
2116715777
-1651158198
184476760
-1474550782
989552381
1651942989
-1220083663
-1294985390
-15554411
314504820
-1049301413
-518008765
157752300
2145119195
-244847817
128446283
2069346635
-931298307
2105109739
573026872
1348402228
402891572
-1701793639
-2136945837
-1122251338
1685371520
-1077582126
1299908290
-2092513277
756188551
303838029
-1720557010
-226517185
-647093028
509539283
-849577307
-1069038694
-1624434557
280887933
1530688704
-1992519520
1204084404
-888740062
-2048212216
737451471
1468742367
370158602
2064150165
-1744239511
-1059755792
683756006
206292472
-1962103156
-926891821
-1978081532
2108593754
-960429185
602115642
184722878
-337358108
-520583858
-1345511267
200400435
872468065
193803160
-416786558
1078730553
1486777122
1390004134
566505214
-1577336175
-1671633630
1619140032
-2080763781
-1186963364
-880797079
-263692357
-635311174
-481882674
-116886092
-898513706
1765825563
-193244383
-1391141035
1276574407
1847287324
-1122169653
-1258792872
-1494643697
-878290657
1454812146
1600889831
12113814
-2122415761
718440991
-2098879761
1016491379
1732040324
-1106951118
-1347729918
1428350218
1509114246
290345109
-53331585
-158760869
1249810447
-298892108
-176181265
943861913
900695861
1928166828
-329322830
-2011770886
250129095
1803100226
-320765734
-1302223667
-1695525675
1538237462
1318401110
1950908880
2006501749
-127967721
-1527102126
-1122428989
1841951428
953466425
403069918
421547064
1252249899
839988325
-1255718963
731883949
-98489373
-900271951
-1201510689
1814117596
1578517946
-1229720879
1197261090
-291802288
1205836310
2146049228
1592289172
182177595
1037100602
-675726094
1835798797
-2016902010
-4914488
-563395828
189952347
527848234
-2085400186
433198293
-1527912786
-216976706
-554187932
2112468393
-1994450634
-563371184
-137971011
-1421298308
1674801418
-1544439945
964054493
1270094605
-1923447221
268053416
-765809213
-1999946406
98561929
2000756424
1347138855
-15515562
1363743332
754794499
105243581
1072769240
2039274102
-1564899877
1426672059
446479319
781548144
338346627
1304242073
503684308
-1726309502
-1126586002
-926464489
1732730775
-203120896
1106188834
-797816188
551584029
852481602
-252066735
-2031187140
-1851032624
-487533365
-1033799383
-1645401999
785935096
1638482092
1420672490
869100846
1964568945
-1953577686
-905284679
-481248103
-233351266
-33813602
483305652
-146174088
-1418914659
20831900
-8985019
-1208072715
853292731
-1681073321
566595771
1681969573
735207210
992367940
80817174
-1731691578
-1284291343
-1025683460
-1141794271
762006472
500429603
-928599194
-1107647034
766038542
1609512531
-894296555
-2109509731
-791651595
-1989219002
1725102574
618631109
-1037513196
451752170
185841421
-563609353
-1289699899
940279687
1837584616
989800664
-319722780
-1880254668
-540311115
-1155755635
1015529686
-309851253
2096121865
-865982316
1060277709
990618272
1419748033
-897181998
1757772617
465540398
1319806757
1165592039
2027195105
1159581203
751785289
61204169
-459007165
1446421758
266129078
-761295472
-1431979656
-360116122
1603392330
-12208498
1125794412
383222461
871082076
1563773090
-470411091
-498014491
291098147
-839587635
212628083
-672632862
1101866839
-1080675579
-2058157089
-1574031407
-2015398120
-1175376823
1809811847
581282329
-1220912881
-1235467787
374667058
1807144159
-1791813677
689203799
30297823
-181846593
-1027406451
-1431422335
-2001640436
-975157832
2086288094
2082604384
-30142668
-846550937
956620799
1855084557
654480792
1701233271
1614373930
1510827875
-293713598
-1151317161
-465025224
1769947856
167224646
-1914472914
-473146998
1326702704
-675845557
336375307
17077805
-2136648105
-757170359
-1533320863
-1058079943
147051822
391944851
-914255695
2140013689
1001011200
-1766197480
89199752
-1053250480
-1052033706
930126309
-295514452
1819219674
1137753472
1498803181
681786002
-1297331375
-1649970635
1516088332
-1514991342
-1286627407
1623663454
873168201
-759041187
-1472284001
-611300050
595105115
-1753984722
1250643846
-2087349387
1210535790
1350893119
343275779
-1388800458
154576678
115747582
-1210460798
1164376950
-383524893
-1070812032
312658473
-1975664042
-831988665
-766771275
-928346124
2099655524
-14030348
39310301
-2122911968
-1906245075
2014184858
-144381893
1259719885
875131926
2122898224
922228999
1744432862
937664619
1972242048
-1291880536
-1903846877
1332092344
-182888471
-1722832350
2082369210
2023796823
-646962848
-179089972
1970808498
-1209610678
-1698967625
625037639
-2005263632
-1774318518
1893618721
-1341490773
-335695274
-1434597344
107291125
-1350727934
-589160671
-955341774
1082639538
1982114809
-1462497646
468559968
-1519693245
22432980
-336711984
-763356144
1840528771
18758050
960605964
-872256121
1459899650
407099314
-1247535642
1026407034
-493176311
1912925765
2048018958
-1219179036
438877147
-530314620
-1513223890
-1309497574
223150909
-1872449869
-900265721
347201052
-1874007495
-1602305881
448597722
1788180781
-255173602
-600446091
1993099528
-262076508
866236874
-715593620
-545614084
1407653380
1611349546
53994308
386329416
-993898678
-2083543294
1767927190
-2102776818
-1972445306
-1558698519
761312655
-674548319
620686253
408804759
217773024
-1717705877
-1778502996
-159551645
-1622326024
-131120368
-1413076032
2084003078
-218013323
-1386261037
2076521988
1303265956
1692068311
292226104
-447697589
-234869491
1546795382
-978376725
1472395312
-2128048065
290780341
460836832
-651959446
-986930641
732219000
1144857274
-1347756444
-1720967736
635437267
-2099149968
760212748
-1743998413
898045187
144366638
446259947
941007449
1510807201
241906552
-1709065355
859658405
414236180
-1549078635
707928993
951513870
-708927929
-982946774
-1971091268
-1221457068
987005339
-1215379932
-1157545862
-2094448759
1724457503
-2114715173
1384488526
-1261945134
-296046338
2136272756
-214300165
-1316069778
-537272008
1548841350
1523149673
-1642661129
-533829227
-538310145
1076690876
-1674565144
443363797
-1489120951
-53941342
887914335
-1425563861
1376664488
-1810948372
367324195
-2057391124
-957394715
-1858839200
413923303
-721684861
1800485424
-18054964
600038351
-874687576
-956675518
1591756894
1501380916
-1956614191
-900275262
2128628019
-1019434844
-619897880
896983529
-1375874003
50380076
675668285
-1327077528
-1930697464
-505145384
2128664765
1946826632
1083666095
-453429382
-333823644
-1534722669
2097649868
-2105036630
-562722320
1639261810
-695483747
2090719758
1564000726
77934743
1095130894
727349467
1551476089
-91580900
813760003
-981061221
1853012377
-1550338772
-2128144652
-1588805328
-1018549751
1286560417
982149311
-446545384
-455385180
367186670
1064108728
-1528757774
800031105
-330980033
-1535489275
435202880
1952470373
-1717609250
2048497193
-586168467
-530304135
-500824872
857351133
216325394
-1309081284
770849248
1231131942
1561112180
-338729030
-343411086
-2101137501
-1246798767
1232517374
-1327661765
62358055
972976347
-526567228
-1023670857
-921616761
1029314308
-599802765
-1611919588
-700097356
1979449852
-2128685495
358186358
1621744395
-320157449
-1921056809
1719264531
309309419
501267251
480016304
-1216239584
-1890467704
184381497
-2020424099
-90518893
708571390
-674654110
-2063393133
-1407541172
63611305
-1316433508
-1245442905
-404637322
-155963981
1213039726
1117268289
-1968983757
-30195987
285150521
-2070887601
-846544264
1822558946
-1530743361
1922872637
-477804748
-219951831
1245463273
-1173169822
-1010203209
1429934843
-2128405820
-1324691011
1325297745
-1124029436
83183308
1598953184
306068282
-107457411
1751242349
-1999207893
-284037967
591228026
748185030
1114556221
533941094
-250392448
373542063
