693932200
1322569500
-2037766310
-908969475
-784124957
-1970964598
1809987884
973946628
-1964429180
-1279218302
262480840
-1020752035
-361107794
-472346027
1686995008
-2120845080
-1082101561
669737332
-1781871173
1801279508
-881922962
-1527068582
471381388
1285131357
-397246804
-1102686039
-973210496
680243478
1871802217
-1948747629
637056375
-800383384
730183712
-733514373
-945649355
724629146
-1918058026
-1197302565
305211257
-1550826607
289443399
1587380072
-1201392305
546564250
-560086942
-1853242765
1966296226
-1536988057
-501401608
-1596841071
-559685355
138141527
-2143341393
-1464888706
-1504174574
-415604230
-59689924
167478590
1592070690
-664137772
378994641
-1634669948
252689279
-377531809
-1726833453
1390370391
-1779054105
1774641238
-997321521
1097499891
1310730674
-1871778512
595937454
1680453613
-154489818
917851370
884818728
-128306791
-1014144758
-1779593207
481934966
-40303953
1883862392
-687973409
-1306996405
-549544404
1392815095
-450526452
2059925252
-1857931403
-327433784
-993615289
-1081809123
-694702398
1273320832
285230430
-1689260057
1213065145
1877222102
-469772165
-1264793481
820602457
1866508222
2127358376
694816225
-1328458215
-1125153098
2043182740
-1523130458
-1788649648
-43304354
396722839
-883863702
648343255
616361550
-1117024013
1081055210
634311660
-1913024221
1399168860
120672044
-1554360231
1538618331
-252556103
1665468407
-200984876
910297698
943970348
-1849551227
1135874985
-1112628884
-75889585
-770872202
1500601238
733879685
2053139137
614187016
2067836149
1787893606
-742390816
-346918267
-782422240
-1595610743
1054533335
225176060
-1594131440
163414782
-1516927526
769348147
-1928462265
341382015
641788592
-495519525
974451952
-810949438
-2127710351
451918085
384915523
-1417415410
711454609
739191253
709134382
-1770969327
-1887974116
1427997812
6054705
2063080175
-1945885118
1575712075
-1153035383
2001667230
989275926
-620016531
-1012930416
-801827984
-2071043182
780681556
1063576163
1480736497
2026603998
-450773553
-1166879803
-1448702734
-1320477487
905700411
-315212222
1313809637
1641762487
1008059632
1190481047
-1963408277
881095765
-1058474242
1961201488
-1977849557
-1739464663
-711096295
332292019
-988003355
1514755573
-277317679
-1179382564
-1042003770
-1981548930
601502213
-1641662679
445837565
641966993
-1954169703
210632151
-1326186098
2072780870
-884962202
310305517
1642097509
-1871220344
2087073138
1054312792
1379113133
1873887956
1644849760
-475156137
1765260130
1593660224
1643577130
-422373607
-261099228
1676226238
1937433356
1769412515
-406826930
2064234401
-1411758653
960708599
73478727
399066208
1082088439
1116678770
-1173598441
1473467802
1963882228
-299217291
497516093
-1971902374
-1636342880
738240071
10105023
-2111133541
-2025241431
-1060548806
-1053296511
-1595176946
-466789379
2117896203
-126111526
-1210811110
750811007
1027649934
1022631012
-216469981
206173431
-2041301622
-1887695853
-168194802
-498429623
-1200326687
-312122488
-1838635259
332166889
-2145372684
-966816089
-969069449
-1895743602
-2129266619
1473723494
-1203784350
575790373
206928477
-317295896
-1303575084
-1580229112
-1829425937
-934719287
-1350707538
959758447
-1681181124
-1510142021
771483307
1486244134
1476105401
-671867823
-131557472
-36695680
1869826032
1719883546
2017041412
2144288907
1282581411
1582945010
-1733003085
-1301372028
2059874614
-589978477
-344334610
752589197
-1367882930
-736258190
-862051674
-1733196132
-1398038604
996203464
-161722119
1348796854
-1161829505
471532014
-1002067204
-948489635
-519273102
-330574099
2108131515
-2122510009
1527552674
-59247019
-163714947
-175275952
62112092
-1740626611
-1192677812
224685488
-1795893691
1319815915
-1769875533
-642222480
-1155770431
-1122231866
-1286789175
723762201
2044926872
313441992
608309102
-2015895121
1212431063
1248340296
2055067092
761291741
-747939852
518045783
-1556331199
-1573535631
650027828
-626419367
-1382064110
-1340661495
1230651729
457081815
30335490
1296530702
1586034774
703364756
-1900539476
187066082
1226852046
-738072099
1631233614
-1821640620
1734625565
1528761125
-250100273
-976055716
-2005266131
-1261259312
1908694786
1299211268
-206220212
1998073167
1603298348
1655565475
-1753705645
1795724396
-660035133
-1276777135
-148037365
1365474790
-1651413640
-1634828906
-1739937075
1119318592
-1575761545
1955739492
-1011079320
-1473478955
913872877
679194183
-580235194
-813686224
361728714
-2038127142
630327505
-438097510
648641479
-339887236
-519088110
-681618445
-543606614
-23431356
-47458149
1685310917
-901886007
1081669681
-1022770521
1123342998
1733402828
-713314394
-189598593
1932279677
627291573
-1166090220
1013292318
201147127
1400449061
-413478152
-1808896745
-1448585734
1253152471
-650184184
-1032162890
-1074283958
-1238765711
1963028392
642317926
1130347020
471011451
-1895724382
1699235922
842155160
318900143
351500566
-1783785395
1487864979
-485527438
1893078703
-817613066
1706443579
2008004258
1387491863
-1455655145
-881447676
1166426514
1675605420
-1359576499
-1932571804
722586450
829515635
-879047698
-1499052053
-332371917
-941018035
-1123267034
958811285
190710409
1722727015
-656476829
-2124901021
-931639630
1919616759
-2084643342
2091583271
-1879082153
1755364132
1130055658
793304991
1199251953
1215106117
112354632
-926559546
-2011219057
1532760910
1053386331
-1446172315
-398123563
-387047546
1823369314
-829704977
453559367
2131951741
-2024265101
-1515934578
-1684346425
-1531217091
-690901859
2146355065
1138538076
15752895
-933356207
-1153947512
199361844
-203297888
-1557939971
-1759187191
-29128981
-145128684
-1666023431
1613070548
1811563533
-1272786662
1923475110
-1229004388
-1642970151
-509549071
-1594956844
842050440
-1273341112
-1089015094
1833304420
1244232961
1477666893
980655550
370889518
1022619597
1140948317
-773250814
1750366244
-879530660
-697974479
-1953781416
562497975
-186026910
-1173354807
1406314440
-966779527
-110025819
-819764812
-126809457
-858800893
-1683481065
1863924366
1136890200
563705880
-753329113
-129849398
1699983529
-2024180470
-1569866157
1862274737
2027993247
337617756
-382569215
1608732842
910701278
280556712
1766887823
-160364357
1824631746
-1143423037
-1410345816
611949903
577854170
1641198110
1790053849
1984637497
-107454827
-373820562
-430923677
-997619975
-1109360835
1622171535
2077032786
-578163396
-777212635
1184037541
-2099084594
-1042021463
741781022
-380697724
1282998448
1925337306
-120213969
434718801
196952664
546855592
-447699068
-68705943
-1182980675
-695929429
869979558
-918636927
347269061
1577814272
-1803048980
-1351323123
-703849002
-533247412
887547697
-1729378586
-470928212
-655903231
-498007354
-579556314
-901543828
-415905824
1198962858
-1316654250
981035513
1188411326
1732676856
1513151691
-976706170
-1303298422
1634583712
-281113012
325541485
-1053644915
518117209
-217985032
1323062334
-1208405516
-902132522
-1964723354
-1919359719
640910987
1869887799
1515981069
662724928
-1851439669
-63648574
1046136806
-111639577
136901142
1143319250
-1616786609
-611834546
-2058372544
-6325233
548604722
809925137
685041745
-989564962
-822234522
-877759554
-804063096
1106813211
407549781
-212920664
-1962632029
-261123579
-607659298
856348922
-314822819
-679414919
1804153211
128278286
2027969592
-1201263773
104307366
897591551
1835335548
673533553
-1423652232
821822844
2040758911
1300594952
-2090612333
2130599391
291911717
1144255355
-351334590
-193548419
363756970
-255857286
1288935902
1555154495
-986340450
-2138596152
23767411
1158515825
1948574513
-65627344
-1558052702
-2105965607
-956243024
-2062393415
1294782408
-681755637
1367970895
-773845224
-42619297
-532719109
-1088987608
-1410179227
1481393828
-534969133
-1962216829
157647634
-707815558
67816455
-847955624
1786400536
-2086670194
1840601765
2121344017
2128679026
7474362
-2031514639
-1711183725
-2133343026
-858853714
1655747889
-891262849
-467228030
48391117
-335071036
1154533556
-666805316
-1460383404
1409332857
-1830716136
243394813
759640001
713977117
-1409266536
1255581384
-522692494
860987733
1013059948
-2053987690
254085515
-735240786
-587712097
194769676
1440826397
-1159323662
-811643954
-969779345
1052502148
1800816573
-1356172241
138140247
-1726106353
95771215
-2111021611
1135373218
1351027430
94039970
1990057009
1769514411
1208655144
-1681564482
-1350096677
1892889020
1252093523
-944476340
1960360338
1249345472
888586217
2147208809
2095903361
29082940
-703539121
572134589
788281539
-632326272
2066072311
2044655563
-1436473047
640333081
-298225983
-163835767
404944698
1585861257
-1055600994
-352249549
-1625802629
-1275363783
-721690506
-172116901
257204207
-127586386
360889931
-49278651
-1816629791
403494395
-1606410850
-1639382671
144742368
-1571882634
102621457
-624733320
-652022518
1803273390
-873553843
768968475
-651052403
-1786599268
-923186651
-215863656
-1632193430
976719895
-644201221
-864251584
-2039667076
737367693
-1809075870
-69442747
1195356601
1597535728
761049861
-231430440
-1469179466
1562386413
-1992694842
-2068903309
1342432880
-639420829
94852394
-1072801677
1752227400
672519954
-332479501
1930415081
161520719
-1486655853
-1576345074
-1647550800
1677641412
-1744533881
-1199383889
-1432853310
-425088550
2047263507
1798796474
-302970681
1173174973
-1810709621
137721700
2079096302
-264452393
-1612522900
884421914
328923904
914477902
1448661136
733569185
823382706
83554513
-1991235684
2133168253
1456160058
1548584852
959287228
-1013508969
864200484
-484843624
654541970
-135986663
1827576165
-2020546257
-2060499605
-1494836836
-716534096
-1568699969
-959406925
1368746885
-1933293048
-902074171
229780139
-469573972
-1137868138
806992157
761210712
-154337987
-33818436
785898112
-1266757698
-1290228765
1250773097
-1880903859
1784476238
114667298
103091374
-117992821
1628065436
-999087356
661727377
659282477
1274461268
-2106504969
-305575647
-638635624
-1835905682
-290992139
874247370
367761507
1705107360
-1931085083
-1714635798
1291192669
2009518356
-486258367
-756261213
-1362948653
1434504283
735413752
-563282958
-570769134
1642848160
954163348
1619107328
2020280362
1391219488
-23006049
1115273144
1992229365
2090660569
-760224957
626943897
-1225854121
401325953
-61152464
1654690764
-301190202
-291751239
1510664898
-746310791
1715527180
-425344382
1703565409
-2048501419
-49067701
-346574865
1374403883
-658451585
-1199993279
-1022087908
-1119867440
1034384524
1867095245
-938609058
149372350
1806195168
-1621711438
-125535557
-884930435
481936191
-648749927
-625143908
-2027098789
1047875491
-1532438948
-1448137791
1598415179
-1433816241
1675102081
-1002119820
1853324041
810105635
1503930116
2037379073
-879420030
-1202933454
1060338008
-899189660
-1538333581
713520785
-247183440
1365811524
-747227312
664987249
629802874
294731296
-1992415642
-1790683536
775353899
-350679609
406976067
54675499
-392352447
-644682739
1910406485
1929551895
-1459719547
120951483
-435079216
-2088438383
1767000209
1538734535
282736085
1094275123
-1757543535
776373956
-1622390832
972351080
2129847885
-1948352613
-2092364511
811315522
-1453159578
1826255995
-325269250
674163082
1148853983
-913697522
-1157095017
593347096
1209609183
-1126882068
1157901690
-139005083
-92208460
-2130607276
351236920
737078366
2001074971
-1264223719
1478016841
-510149510
748426942
-671381543
50787372
-437974258
-395524099
-1536419467
1655388370
367505375
289136880
-998971716
-719509188
697417976
1388179116
-2141395351
2086071650
-1668470338
727876806
1470041423
-731817386
167518017
-80134892
-689615662
2059305385
-1176762924
230715322
-1710193511
417551117
-113730593
1939400548
-1738450047
494351419
-622428685
-1089858096
295777236
-1172655337
978933790
-84505457
-1519800646
-739985903
-291809152
-1483162101
-325291281
1037553357
2108733214
-1755559221
-268162379
-1803054331
-636786955
547905269
-650973940
1933582254
-1587526574
-206314476
2067891745
-343922087
1735414880
-1245410533
-1017752829
968377564
359524866
1237709482
-1408129892
-1672988879
-1462844446
-382308977
241753566
232625053
1339652042
607858062
760791356
-253433580
1213054770
-729426331
1667932507
-1729021989
309098777
-1865302774
546269449
387157103
-1449298664
1314871094
-678515091
-380181339
20863923
1865981734
1937196416
-1171078382
285689842
1467051936
39978427
1829311660
774301232
-448586701
-89213166
1592413361
1040264242
1880279491
-1779541472
1092934343
-895943046
-1520022716
1613578146
-472686748
140400349
549684933
780313385
-336641425
648003667
-1598904656
200457483
-257716185
-1737016307
1876663119
1527480218
553009219
-2131237939
-239357806
-327978088
194792283
-1008542351
922237967
1378183145
-1053871482
-243305521
1243588425
1804265610
-2092901053
-241473336
1257921076
1666363586
-483069540
-462039913
-257865224
-335573866
1486162568
-1448597910
833105909
-151036543
1376219281
843455027
1778756871
-488556956
-597280586
-1650018369
-1337729782
-616774981
-1695617647
-589975802
992485024
-11768559
-1067374916
-1999788603
-693562575
-1369507659
1969533553
-527349174
-822731981
-631471442
-218745488
-1086177394
1254347435
1944460779
170091813
1420965512
1866813938
1482063550
-1152499703
-1512322881
-2139998532
-1017288309
1623255112
1266018337
1807071574
995547324
819070115
-1800538093
975393326
-1944449545
91474839
-2143165495
-32394344
1728840339
1476795582
-671824426
650451918
470018887
-890876810
-420612858
937313081
-62405852
-457341504
-1673819541
-1311544594
-221113915
1715005033
-1666272075
1225609082
-1032757052
-538658450
-1814467385
580518882
-295365521
-2053737572
-1873125498
-1140590364
1277336506
895964791
220012787
-134499197
-2010567816
-335815332
1963064443
-681116222
-478578491
2096257257
29488781
105939119
782902983
253058204
924373869
845098658
-1847010411
647291578
1636316999
1026350790
1103310966
-1370273167
967062407
-1404570920
-2037255858
-1837001664
2064307559
589562927
-619421868
-593985386
372083145
1694096635
-1250923768
-2123205447
-282301882
97993169
1470634340
2378217
2003879814
119754598
-924612527
-1183749436
213222609
-1796968294
-1963833764
1587143404
-335472410
-1302253384
1717432745
-1324923674
-889305077
512060924
-1634512345
-448296379
996010853
386510933
1447453444
-1861004793
-608347767
-319641493
-444006557
991550
-583908270
-505734430
1448289868
-473069070
1968578548
1406843872
1421281764
2073189445
-1346869423
1778433740
1021992413
-709540392
-2009050741
-712958375
-437151441
-1585151123
-277099302
-1340088126
-1689182457
57575630
191025822
1733680214
-437026048
-129776916
-1074566985
559857719
1001610384
1842337866
-327425004
1176003934
283794884
1360792475
1236156554
1033350113
-1353801425
1403167914
-84893210
-103323528
1820484383
450200441
-1878240699
875177533
-1605789166
1591230893
-727854686
576700594
27009640
1081116200
-1514288465
-954459640
-1040027303
-919245065
1971585257
1693217182
-216661208
909194607
-729642010
1216159431
165542040
-625577838
-1939278863
1546236880
-229402721
962369974
-1578892328
1379781952
1373741913
1781380968
533226499
-1143139999
-1116946625
826888845
1474515656
-320003073
-1516088936
-690021942
1605242366
-238775697
640588079
312858405
-573193777
906886098
1095887429
1209637868
-1168961326
1837037979
475547337
538330837
988383577
989236302
-1175075386
-569259930
1788386310
1636765833
1488813596
-443823722
286058404
-1452539833
-586160014
-444688204
-1061556685
1070335075
-1841763222
1442283656
-1137604796
728504923
-1790636777
230354359
1456448391
1808847447
-1734842197
87754347
-2027539038
-1076434583
-2000060556
393058355
1006523459
-1640184812
1290597897
309887015
-1803490952
636128530
899598016
1878651215
-496336067
1003945041
837326434
-115065532
-1353508522
2109934143
116138017
-1271201000
1162599519
1944523591
976481482
695855219
883057185
-1806684262
1039911222
592134397
1304019750
1364509490
-1914327034
-80263165
-1411416689
-311195117
-1868096882
-1604661164
-167038684
174105811
998632721
1203670636
1909819564
-2093455012
238776879
14049492
216261758
-1022886927
742857114
-1157481784
248224343
1566045294
857861648
174101785
-1035411858
-1503292461
1046410885
-1260615339
1842522565
-1736749566
315881118
-1302332636
1515598274
-1281250361
464077414
1723102196
813286654
820889881
652646715
-417098536
2054168923
-616369249
1040071689
-1282260307
-949840037
-391041675
-1590250822
1759506558
-2029416785
301111343
-1780026131
990227497
-848281586
-316273635
377481701
-16330430
1901705288
-838508592
1939436483
-511736266
1619687578
1958355933
-169313801
-1531222093
630933571
-44312864
-1519999244
453051975
-668005545
1766774211
-1991520989
493165127
-2085702958
-513045440
973350681
927109618
1196136944
1481222564
692971275
-1063068203
1832510650
1736662484
-128202367
-256630928
-1407601692
1300292245
-410935479
857808409
-39894570
-2086873849
1774912174
-1980160480
-1913176824
-227138702
808168425
806630963
1902506898
-867396796
1190926552
-675143932
242557955
1200694106
-865305619
2103015720
-1678932112
379833982
851650152
-1356491454
538339536
-1857261008
1020977608
-1568617888
193387911
420797865
-240587650
1390069412
-1434881216
-1618588388
-1680241180
21022246
625764095
749524286
-1207077524
-1544039399
-521815691
1768391432
372332828
2081913387
-1823230826
473183163
-1140029639
219513394
-176703896
345139492
-1883611326
-300306940
1494373662
-1861706207
-208804320
1492814245
-1603981211
-494149789
958261658
1429388199
-1022360580
365014133
-903125234
-399476786
-1475096694
730883324
-1292162723
-1235814414
809510827
-688732609
-1512648153
52698921
-1275329461
-2109260567
-638008776
1902816036
1687986231
1117523725
1147770177
1488164825
965885425
1476764267
2123179210
-253781662
-1378097725
1729913585
1468548711
323735588
1068527894
-40628860
445102377
1598757684
-1537444093
2058773247
1199830615
1358408949
171568682
-1465415813
228907358
1400292869
-1147168830
1157272017
-1323085051
889371225
2096334834
981536604
162962404
833463462
653090654
1000898563
92117526
1007774722
701106691
-530248074
506228269
1464336331
-805562553
81332406
-1370399898
-170857017
-1946091701
1255988443
1107525405
62371468
1052043652
-1199333871
1015090050
-912227294
-419182455
619992547
1382676877
1486300902
1517281069
-1414486597
1906271791
-170492752
-1663892784
-1461355351
1000279753
-1199790536
-566153486
-940907165
1756733665
-1954369867
-1790427640
-1411108724
1759105298
1117030854
858905490
1908539193
-1112707772
-1026520170
2091516781
1056698800
-1488921059
658751290
612213349
-915407246
1443417015
-1502953636
894053390
254915963
1597823379
408220958
-1959773741
-1594625081
1490136524
-1098751688
-718764209
56347416
1722791823
628249443
-1615077413
-617373194
-152344374
375108601
-304885401
845271031
-1243949277
-336739364
425932941
133577280
-533727189
-1316850025
-1442645533
819377227
-134353709
521784004
-1534034800
-120968983
-1526525922
1208468652
-2120173023
-518074486
1207483672
347402036
-2106329187
-1155010116
-817561594
-345274634
-498893866
1704199409
1752803038
791262126
1434703618
-597418876
818898169
135492567
793481097
-1873152002
1854078470
-1247469931
934758431
474100116
-1058689983
292659157
-366890219
819220724
609301989
-398077262
949413612
-1153776064
1698915807
154967578
-1471158229
-353300134
1642847171
-454707279
1249672306
1640405346
783443715
-61132556
-1167156530
-658966404
938172765
1061171873
2006715725
910213078
-464339819
-2107274666
203429845
316143593
272480100
91680376
-256886735
389144830
872312240
1188961366
-762031252
1628420083
-671893508
1211577485
677635170
404128574
-2123166175
-1518077523
340721555
-1077531598
-597597890
604099868
-1210892230
1324509313
422256876
1835058746
-232131939
472004609
1159389110
-1218994234
968757159
-1186792782
2131839687
-260819073
-556933709
-1536662785
-73897755
1741450254
-1555739990
2132985924
-1401465698
-1608571614
-1625599153
1317641616
1619715520
1447211485
-498201639
598741163
1408957965
-1733285522
54402497
-1021962918
1714122031
-388910594
-1293693219
1107845345
-1388142615
-1464610352
-983243346
-1358554680
-2045800817
-552063325
-1372324107
1315651554
-574906696
-1830133926
-531158901
-1693773686
-1874039759
2080224222
-1896032910
1935010608
-825971404
-2080041149
-43811034
-883262957
-2131581480
-299601879
-2004252615
178922319
619568843
-141745308
1314927646
1462044186
1613566783
1183685855
1452656708
1664223306
389581346
-1852439875
1169697382
-1691633638
-1332982127
-80578880
1571983393
2064844332
411106190
-987919890
599659462
1730485202
373886703
697550449
-855227791
402772360
-1602488423
2033939390
1035990874
-907769403
-1316531474
-1954416391
864163946
776565746
-453898877
1099071896
949291025
745896890
484727574
1453312070
1676075094
-671651708
-14501442
674573321
765446959
-2137198275
551122020
224490406
-734852078
901695578
-864462735
2066735939
-696348981
-1552751587
-205679928
-1635088306
-564916336
1935968022
-721557513
-2035621986
1759785042
-1190802196
1299168168
241973719
1765085013
-775504035
-1523868835
-1422556655
-1051512062
842676098
-1393278884
1264995003
-1971003653
147918679
1410809063
-963820355
-659216784
1649960826
-309409616
-1116961571
-1563603024
-1947204301
1645174923
2033335139
1174953219
100273332
-1339871899
-1768766978
1320537782
1003854753
-1222613388
1826300904
-1164053898
-515242031
753345199
-387873719
1233867745
-660552106
1277578624
1646986968
-56483238
-1480048966
-1196510536
200613576
107454492
398069387
-195668541
1984587745
-521605487
-1274838758
-1470265316
-349606420
1452395492
-1728626817
-798330110
-1018821037
708384212
-1308918561
1145505900
1800675337
-319674933
383263473
802721593
945106343
26171950
1125958333
747060907
894406103
-273456906
367938982
129998102
1231656437
-267118721
-821503317
-425814572
-656923918
309007264
130153449
-1300989317
-542452612
-524473861
681338979
1272603473
1769887323
-463239787
1304821253
1574478591
-960537570
-1261034328
1793417190
928268677
1840198390
400608952
-919817011
1776595566
-1392177695
1676204003
1979402742
563231300
907374602
-2005187203
-1397744106
-66013371
-1357162129
1958750172
-1075079013
1326563670
2044008900
-1343668881
362737975
931419447
1365306775
-629198059
-1037300833
-699957513
1650706868
164763051
-1983853681
-583485526
-1136199478
-435762969
675620114
148761178
134180685
-1601923228
-672961281
-1837738949
177994142
153300988
145141190
-1153649631
-1106925463
-1649761187
19072108
-1353155274
2066751311
-1640219434
-589805101
2091057383
1957538244
1129592178
-1052799937
1111540766
1635072569
-998131641
-1569186539
291402678
-471419012
586393871
76625636
-396088277
-1023656865
-1513220617
-1967554647
1743325329
693972376
-1054514761
443411278
920399047
-1443739161
683244258
-497696140
-789070100
31987837
375174270
-1156460174
-1293581296
1459575196
647435223
1746994076
2042893358
-857645702
-2049955952
140308167
-1019815590
-1490524821
-1168720902
481628940
119164470
371880766
-180420440
-1997024564
-1751568470
882322150
579138370
-1310431499
-1225353773
2044701276
-1452661863
-1112452222
-1087625157
-211190844
-35445508
619126856
-1648697013
1392248270
1817854153
1495751150
151000317
1307188831
1599225414
-1166794948
1799859925
-865098897
1271747505
1376566937
1441782545
232078900
1393136789
-2009585714
-1551790305
-1704283008
-278564514
10368528
904176974
-1299551129
-195814353
-212003268
1561165768
-673249756
527623923
941116771
-2048039232
776876092
541978290
269689737
1749947879
1115298275
-1770805211
-717195606
-942396125
1727866783
660349323
-1706149379
938178690
1436143147
-1599992387
-1957485189
-1759820948
1087551389
-1671893888
1411996066
57682712
-1828874550
1580000282
-790037642
1921786945
1814383849
-2052186073
-224260920
1673832472
-1640610442
-1242379860
-1364917062
214056060
-1455805352
-1042813844
1704848513
412339047
-1374264763
668654970
-641858452
2036039083
-1215114395
1711929103
879506726
-1126036257
1034228789
-1222328931
-189476553
-675757933
-1336547154
988856868
-600479024
-262042934
-732587611
373937603
147440071
-1887963223
498449524
1086939793
-1710551585
-498277269
864375002
390725037
1258498381
-837668457
-1149871841
1363773075
-829857929
970122357
897732731
612198321
131523582
-1203278915
1861559224
-1961767879
893203966
257751954
815566870
793108280
550040468
-1388170066
-1353446290
799303655
2118115744
154831581
-1090281319
322524993
-544134197
211623599
1219120914
35265237
1958420683
-1250230680
1651700953
-442513187
43642597
733217339
526173082
34568590
-1052302157
-369051721
-1729185266
173957553
-823526873
-1981083519
1526709921
-1820032398
-2091604529
1259784259
-1642905515
816448119
-1546960294
-556419612
711229925
-1045920716
1897203802
403930105
1119417133
-1961161347
79749195
1348947066
615791816
1338791004
-376270637
80851896
-85007877
-1342405340
1318980939
-90726770
632986833
-1191914043
1760209021
906694615
-2138187642
-1880065438
1422929839
-182109921
1707208232
331861792
450638304
1843194524
786827131
-633091263
-198314159
794791518
2007157789
231543152
-602149562
352461509
-1974911766
-141872803
1088260621
-853350348
-907451999
-700584308
-685707969
344700419
1014213831
2086903914
1428406341
728771258
1110587851
-572719199
224074525
1663183739
756369770
-1754270548
-282168994
1447716542
-1944018860
-963626067
-1979331719
-1072050620
1140698127
-2031226498
-64237503
-2067514299
-1081044453
-1162387963
-1341627732
1440987115
-793997993
-1820553268
-415180838
593956099
333856163
-1451713328
278333783
-458904847
-1991717435
1726848152
53528476
274595557
1889342352
-1837256823
2089119963
