-1546659825
-1434528511
347686026
-166437267
-1452820738
-1464646586
1722476913
-2075028480
1259251850
-417739175
772806417
-2071451626
2089117985
-177381171
-817509728
-1638346584
-1565301835
-1075987380
638574412
-1025132981
-1630221581
272951227
-335713136
-1078061575
685019578
2124296603
109327816
1530641175
-764873014
1268868018
-559218937
-1146120782
-2101307460
-1721037590
-1992041688
1019932940
-1795604687
1363477880
-852179166
1636240983
-1854348722
1093701952
1046357665
-1935333440
-19627673
-1174027145
-996936239
587014062
964157433
1041370762
672646268
-1049534389
217860062
-900067522
491703894
415412034
-833893445
-2143217129
-649018217
-1545143862
-2054046532
614140926
1570839754
-432907036
-640661629
575887133
1546516709
-841880096
-1593938851
-1138857715
583859352
-1593047260
1712375478
2019086131
1210033129
-374203088
-981280817
-695616154
-1873940736
-831758372
136169645
758438613
2006939455
1699195876
-300624044
1929476392
552092053
-1166896986
-1453399243
1576770020
-1086332396
-2120323543
-927478556
18179603
2060371136
-330961055
1949015309
425065507
-521752663
-1419090768
867739304
-343099378
358142523
1013826224
1471486059
-1490134597
-1219693101
-825800401
-2072530560
494120355
335717270
531437178
1317703032
-2094556233
1058952062
-374527266
-307610754
1376567425
-1213073227
215261291
-230517553
44102793
-1269727451
2024545019
1849558633
-1299749383
746131023
-2143505294
-300727806
893921412
1939088732
2042685766
-314013125
-23175294
1196549233
64571713
-1855779307
-1384356257
-1327229113
-1454051195
-1968437341
1065327414
-57944838
-820376367
446468609
-2080133192
1571801376
1304097537
-1218680188
-828398510
-186287588
101222619
1372524850
416600463
-904388428
1572538120
1533934708
1281008570
-1400052511
1532385119
-1310338038
-923276089
-1506962458
251630441
727181118
-58396558
-192928860
-582129887
-1367322020
264212136
155359019
-512402437
1360299872
-515035098
-2079844204
30691367
-1682625039
1339840864
246242317
217095702
-1190556018
-686684253
-2058903500
-1711753156
1548352774
-821216131
1754455977
-827769576
-1511918035
-435332260
-1390868514
833734513
1110041804
1164852596
43338032
1952448225
-1446788647
-118022170
2075382843
-2066961257
2082800615
-1079521250
1870633065
725538903
-963931681
704756348
-1194010676
506802629
54701296
2038480693
1716036654
-2000270877
1106773444
-506334853
459446629
-351510312
959475955
-996891428
67594474
2086259699
-1376850244
374631655
1372064428
-2025900050
1352137202
87094036
-508385502
-667071626
-1069133261
294831845
1300205215
1301245418
660976992
1301974088
1304809961
-384453021
-658817976
1256860735
-913813493
-1052752140
1917472422
641592258
589647209
-1556178894
2130731597
121998563
-2134906859
-1143375626
-134153823
-1618223565
-941884063
-981023135
-1240558263
-1489150876
1851413685
-441311201
572820770
-528168401
-678681694
-249160464
-1121909642
-1002511753
-1074643146
1681245028
1486712173
53774510
-559051119
519981797
-1173925949
-2145576072
-705981768
1427466490
1945257658
916508045
1425217449
175681225
-742954414
-1263720221
-870161746
-1579762978
302356408
-873717749
-1234079242
580076330
2001292539
55595483
-1977605791
-210551987
-1073083387
179266380
878790810
1374591767
-590972728
512594854
1196500586
301566284
-1145592137
1724640986
-141120181
1995370151
1685539191
169656878
-990608068
-933055199
-2062828330
-130533601
1476908755
-1253951630
278403067
2013608066
1019229080
2030937303
-1726103585
-477559317
-1107480689
-497197802
849358075
-609085101
678658070
-342718273
1976752195
-1204206860
449098737
784495027
1585742674
1176379255
-1814964061
-2132779030
1970950117
-1477292975
134390015
-702415248
-643802483
-1602683286
-1614814979
-422146897
681364640
-531177729
-1510378799
279535604
103651696
1692947144
981260601
-1731430101
-1819780417
1058180956
1113797398
-1206897939
-1082720143
-2025446700
-701344706
-155628612
476268419
238014895
-1430906992
322359437
908995644
-637604107
341065288
-2131907706
97504161
1962316446
-840011629
57137927
-1617991635
-579775949
-242535579
-762211090
157976001
-808099915
-80222326
1586420247
-180530983
-1838075202
-81582597
1230519841
78497024
806821862
-1676669582
-1711937673
385762949
-1697611160
2084066624
-451146866
-1308384401
-630760444
-1044629154
157051755
-624578643
-1391489242
1578931137
-833317784
386986129
-1184426169
1059895025
-562501322
-88929409
580314002
-1397826084
513324837
-1467814943
1607743435
1369916647
-986195038
1542509661
840742764
1285505093
-90259967
585748298
1678081808
198370188
1900650877
-593677729
974647316
1993936517
-915631236
-1083561555
-1799548293
-805375165
-1311671786
-1306100273
1499640082
-108172938
1487537880
-1169225377
-980184108
666870528
-1471704636
1690669483
1986952335
345511368
172433564
415692456
-1216493113
809086670
-1881137569
-1610617306
-1079254055
70820480
-1142388973
978697796
-265365405
-1548259765
453610437
1666951975
-1576548381
-228991116
-187960626
163908582
693701021
1113666343
-858539945
-1716569400
748693954
333554640
186037022
-1868704591
1594828238
-46991447
-598589063
-1061749800
-619541711
750970003
1572881051
1198821821
1791515697
-813081302
541843477
366648410
-905584882
-1832117485
1955261344
-1131263336
-2033665178
-1528825193
969463065
-1337177084
1808927195
208403317
-742622004
298086338
200292850
26934003
-1269668364
199999169
-312020418
-1780057290
-1786180222
1633518895
976375485
1727400915
452290845
-879296721
-1646976639
750004133
1734464106
1370528969
-499639918
-1821205536
291103372
-455929566
-719719406
1040567398
1570374126
-40787732
1424956322
-765499048
1484894271
-101293025
152132100
983984624
739494078
-542871832
335970305
-2041356146
1191200439
1665078754
-105961587
531987472
-1226355124
-1652244093
1553789992
-71972250
-1531085448
1249838296
534902150
2029228132
-1707751087
1729162100
-878636943
1504561882
177564556
1212658341
-725511698
2124098785
1016767558
492921321
161894559
957558647
-563653631
616560288
-118816665
1979713102
1005367788
-1674111230
-1573872557
37391840
-999972250
-1181908910
1043073719
1768851142
-2008976956
1340777555
-390570088
-1279872438
-424085678
1971071483
-1746902711
-1593465798
1298424984
-1188674202
334050136
493444607
-993508131
-1379067123
-1063105622
59049709
-550211344
-1628134857
-2049108508
-327330341
1404566309
-1135101265
909175052
-1421246474
966350750
1995336118
-1906953360
505659602
435307723
-454659525
-2035416890
-1997418559
1224947763
-91177911
-768000364
-1875978648
-1748348045
528039872
1284858577
-496649074
480650631
-133798329
-372614964
1877204279
-1081295800
811079808
-1055926195
-633767695
1474546229
737012350
-1251046663
949909869
2005853301
-367060109
1585685498
-257467824
-1265296100
1491492013
1593036255
-853587125
554663341
288265155
-1484483904
-1667637399
740697567
-521335797
-73293147
-140517977
-419818844
455658318
-930767833
-1333786935
1773523302
-606732866
1234451287
1174791275
668967827
-261640920
1961759455
1004926293
2074859099
90781541
287585127
-925906157
-1498000712
-392939498
309617978
781509
1467394478
-454108785
1230821416
-1265331405
1311908052
1992933651
-2069075
1526043172
-1503427822
1060375106
1019412818
1194394351
986233259
1559168463
-2036903085
-1045724078
2126672253
995274613
-1846642303
-1694751870
1873956999
-919662805
-795674007
2141799042
550010796
-1580861035
1236793014
1134366648
326732982
1941693374
245826771
1991336636
-1964906340
1150664196
2063442644
-1453583757
1357678087
-1371207085
-717921642
125966428
-1117365230
-291331691
-767544284
420025641
25219409
1506532457
-1749781924
556010129
-773762283
794628882
-1583704622
1741774436
377265389
-490755919
363377139
-1311933729
-1637845906
-143583818
-1680465811
-610361279
1316412727
-1232362092
2113142478
1502854045
2038040879
1110498228
731734635
-1042721038
620792080
553694123
127690370
1281685112
-671252183
-154652498
-1240500062
-1079478468
310961759
591720517
-1049852085
-972799250
-377485452
-1014844354
-30017840
1879600377
583984779
-1590487068
1678737540
1342311636
221718251
-189864848
1293901845
1431529880
-1603169533
894679232
76182322
1592445649
-187466067
803731526
-123719820
2098528920
342985142
383399234
-1623879046
2032534753
-1890744674
-1949267405
1627156566
1984110608
548768155
-1068525942
-1785281497
792701650
1641440227
-1282927967
-2080643322
1664498474
-857469141
1893019370
1673515301
-1433027894
-916533910
-1536871829
-768947915
33221796
-1255931678
891882601
68298248
2091136959
-1150943136
465489251
155780728
2128005966
714501057
-522831038
-1299569786
-1503039491
16958648
-103942963
1965695173
-971335026
-1113894961
1127929954
49544953
-2070113372
-1822916181
-1242390046
512201978
-744765217
-634159981
-280103955
-2018757922
1789958952
-1259707853
2145730639
495440726
795819597
387022236
542065593
-1731362984
1004371407
-1619097202
-794883917
2080098302
1623161594
-1741973767
-1597332015
636385965
1051310134
579033025
-50123996
-778767495
-1596455523
1843450305
479818483
-556748344
-1129438515
1512619539
-745354837
177607477
-2118112770
704845965
-238313197
1772312758
-1114761130
-1147165811
1840628419
-1749001728
-1929443461
-61316103
1738716630
-809792727
1365109866
254892417
610421726
-1669384049
409137031
-2006649049
772311320
-1008460552
1811001844
-1792991232
120413152
-1902856710
-1343876059
1318104123
724293478
-408487267
1204703668
2122955362
1275979170
550000702
2097841777
-218541856
-399727483
-1087235659
-1531514691
396956610
-312679824
1079680186
88573207
-461106495
1627549161
-1782974076
-82794761
2102129536
316419212
1665073330
1919032026
-419431407
-1761202882
779858798
-359234146
2068562365
-238147159
1667144143
1489702159
-882147324
147466979
-1061119105
-1072173631
1045453794
-2023209616
-1452982627
-1722017249
833558355
489267306
1736798436
-348440892
-683149031
-265667586
2010857228
-1928427511
-2023822148
-1564857574
-542695824
-1568758562
726081234
635712612
-1114788624
579142365
-1755997824
