-1073148307
699861784
-1057902692
-826104512
-1653232858
-192465791
-159200446
-432410140
340674194
1725495927
509646940
2002111450
-1802556227
958104796
-1180027663
-935206480
1400859372
307002699
1072451795
596008410
-553590763
-221820800
1729918263
-1799071565
1542217873
-1954287114
1145614727
-734468415
-1436557041
518434257
-388710025
-1670625475
-1630544693
-1091889922
1545273430
-1211697455
-32740608
-1954250856
-942096986
-1893815645
-1199720549
-1648418419
-197998866
-219580527
-1260203216
381930881
1872247501
-823809602
1075383857
-6651407
-191432366
-941027251
1294029661
1436951707
1561740683
-982335124
704394613
2056654877
480341083
-1194943852
843883573
-617588772
1270187152
-1307967218
-1824752510
-1188960729
-1851614155
1699587768
337471455
-1221601125
314697507
-1914153207
1878245157
-688406840
717734622
1380126801
1958765683
-1440571628
1880204189
-1787368123
1631176802
1489561055
-499302742
2065801915
-671904131
-100424984
1834452460
-1126328911
-352877328
1686747374
415713473
-1944662637
-473308290
-906108006
1728089617
-691648836
1560151480
-92489829
105577376
-432969411
1394611307
1430782226
-55124318
2086905822
101405273
291447857
-956192364
469011297
-787742676
1940546590
1558444873
-703812083
-1297675353
-1571212260
-229604542
1757440874
-1278149090
1550972652
1842108227
1006585928
218160680
-476852111
-1921085918
-1044162810
354613394
-1294897774
1344156641
1193024528
775603350
714466915
2042817279
-2090551639
-188590260
-2064441721
-1743925494
1370313194
-1798759841
835405775
845507704
1784422921
-373638652
222128934
1666769335
-1735757346
-1093501400
-958981199
-856982141
2078704803
1708032744
-1282688974
600534646
623595515
-625376186
965992109
-1299490843
-1127525835
-1244057320
39712333
-1893736471
1769736401
1530542403
1038283655
2002750138
455330626
-1187869911
37796479
-1504413884
-24900107
-1077578657
1420673963
-1995124493
-1156165231
-1050895965
-1276123466
802163409
1194476160
-1929119220
985296806
738998227
-352858962
713453955
804643392
1357911151
-790616176
1152085617
1312165802
1663800690
1602559592
78499514
1221157458
752488463
727587014
655300585
1444316174
-338276550
-47798447
-1805025621
1789641349
-1884673482
-1701144377
-1407815295
-1732913716
1825075309
1601166146
-1985570127
-624300717
-1235665281
1949740476
-326922883
-1186388222
1406013596
-2075335212
-1981640041
1700910238
888415766
865684945
-1481422893
1712665457
-1550775759
2089836263
313263902
15628842
-704752067
1330895801
759253166
2072142081
536281319
-942469345
-931892102
-358840290
253349579
-1561742552
892983020
-495820741
-590759860
232244322
-50549547
1183414663
1347311783
-800275112
-1664910687
444161229
799259206
1004877403
-1746525493
1552896725
76158034
1419855237
275410834
316456458
1801145739
-1463289094
-1825373203
547285597
-1825220517
739927409
-394795077
-1350994072
-1738163161
-965833998
-323017922
-739589931
334749672
-922607135
-553706038
418638080
-1829967366
340874810
1157346233
845441498
-1360180941
-767680739
-762693727
-1043116015
-1802421449
2048452749
1652019912
-833715091
-717822965
-1780247180
2073098456
-596981891
890358503
-298574358
2030035662
-236633230
-1774661553
1554795958
-702331592
-676210614
1515516260
1347446548
1650308511
-1654684112
1479044215
-748769864
74543937
1533975074
1703615198
-1410982382
-301758717
-37060396
586290187
-1887775532
-1709412699
642999251
677768665
-1421153616
204195639
125957357
2116824617
1287571558
-1820874037
586288080
-761413203
-537118979
-533219989
-1253639695
-1678930941
-514609072
-1222187699
44480687
356476165
-1458326581
-1252603324
-885566025
731977567
246817654
-1010714502
-1344519767
779891809
-317199053
1740698204
-483957509
-1187983083
1168868419
-1771635244
-213115106
1844871316
-1868894450
336435389
-165637154
-299753579
735472931
1785331859
-1172575474
113526086
-1889994372
-982417046
-1928960413
1669164382
834415879
1837334561
-2063961696
-1314771085
-506903199
1793946583
1084494067
-191162488
-800238620
657490588
-1432464993
-1223625751
-447555357
-1833454229
933535962
-1406161861
356732723
-1658259624
1112026359
1985410510
-778605586
1248482309
-549997368
1982953782
-35318157
-1307039398
-1121294019
1671445785
-511288144
163594356
828687696
-1166972343
-1073420381
-150928930
1876459557
-994657004
992588829
-1125435138
2051997036
-452904997
-1991699512
184031953
-1893736439
688712417
1298086508
-624131110
-1276402953
-1430198940
1829886829
-1340235433
1844206697
-1223384079
1324325783
-224757322
1038946097
-1985114124
831413022
-268367802
471477861
-300129138
-961176609
1136451633
-303810753
-1647604565
1825736684
81300138
-531135163
1764544082
-2000200633
-1041623966
836420777
1690687295
-352306196
1077313087
1769449202
-2069856594
1624485652
1590625615
1172815323
1939656825
-1495969096
-752454150
-36069254
-2056243867
-1239057325
-1848902025
1266728612
1929268407
-1238313492
786183297
1640269455
107825934
-771803565
-577748407
1737081017
-266276244
1818311082
-1335988562
-1478801911
-52136043
356539943
-2103544661
-362449869
-1321408356
-1672632041
1826053648
-1593179040
-1688016710
1451694117
-1526475404
-343398387
1174132065
1422680795
1064641385
730796082
-1231574896
-700460951
-355710223
-1336982873
2105158760
-1447549531
-1392248527
855728579
361452543
-1303056557
-181148
-1407235514
1152634228
479636645
-861129199
-847860872
1135092036
-2022662652
2082552960
-435520111
829813466
-1950704
679354218
-2077558181
273430124
-100492570
1554940911
377617429
-1489997820
-1069007456
1941277644
-2142509413
-455061540
897326625
-1496171572
-573342013
339754991
1466887441
132076927
113857544
2142025420
208916006
-898983895
175480941
1066230700
1276384421
1430953213
1749926555
1860601799
1218692136
255443594
73709132
-6942494
-1953048159
-697312395
1287663340
-592492244
-437018466
-1399090072
420624509
-46059446
423532750
-1590180534
200377018
-637480528
1744875459
726147504
-1851213185
1444031538
131126009
1682701458
-1755867801
1539276506
903224854
1475154753
866546614
177737467
1917331827
2044433304
1391967353
-1972585594
-339264294
1554502002
168843244
657584539
817785489
-1132634277
501410843
-634136989
-543304041
-1901429111
465551307
2122496540
-690246099
-166061555
-1260034151
-1639241611
-1483828329
479576389
25993572
-1641141733
559710755
336090516
-1941175832
1877183379
1353018986
290545493
626415786
1605975370
1484859093
-960217588
937487899
-836755222
362559587
242067422
-785580040
413652974
1433918376
-689099710
2055348207
-774871176
-749916648
-1202213383
471685255
-164510367
-921420923
1148389435
552811584
-1394171247
741579749
233460530
811680505
-2111240559
442870105
941456299
-573761134
-219901858
1219269226
-869916150
1559676881
-1477742465
-1275147115
-355011457
1991037065
1421373529
1709812489
-1910900618
-488656904
-780559678
-553640530
-379226284
-1258005391
-1882957357
-238560151
-1874427297
1955310906
-569565694
1530364574
-2038742531
-1221669961
-854990225
-973316362
-569998304
-332459321
-993516931
-1142490271
-532070912
1890189421
-1833691996
826909022
918942987
-737665614
-1353171323
822369913
-1711455463
1654128842
-1216760258
-508670699
672262628
-103494283
967222527
-855366293
1289103799
-672540760
2089934557
1858099922
-1328853148
1828408428
1290773477
-2021570240
-1078481542
987104516
271900276
933639952
1090942135
-181999531
-1109691707
894709509
661135291
1803320962
1071870923
-2074085746
291595775
1163631318
1852985665
1860871243
216132100
1507475431
250499838
1582471887
-1680140593
-306044425
906360205
-437064793
-94183277
-2022806627
989330429
1615292059
2004180144
1420732580
980044532
-72623821
-1155308324
2134047538
1969938698
-766426500
-148129377
-844890324
-1223196588
-2123628788
-857778172
-993329191
1042144573
-1035325118
-1274481011
995451845
1745839773
1831987666
-1650795161
906523367
-660538621
1843057792
-1721397794
-2014782715
-274718891
-196121301
1397550354
1546360407
-890467685
1061028108
563668459
-1526982550
-1755440361
-293470145
643413577
-1266817721
-1318287208
-768449661
816274304
-1288833324
-1108383729
-1677055427
-888745469
-1976920967
-106802078
-221498174
1639390302
1731100934
478302336
-376176939
22234473
-1787387181
1104590516
1276706414
-1420439110
-1063810520
-804697794
352496317
635262043
918190559
-1315555297
-2000195731
-170321220
-1391471033
-1147785164
644943917
-1983896598
-843112884
-1678653562
-62570389
-1637624063
1081791188
1785649888
150565730
1788030175
1616965739
566079649
-2029705129
-396738278
-1053368543
297071826
789985054
-1628078541
2107243698
1464394362
1289674979
240048395
-441703192
-1296355791
-1767003866
1867435925
206953533
-1505327630
12270343
-88990004
1185808579
-1469990347
-1323639101
-1649384473
2142315848
-1042029507
-50445442
-1345381173
946928308
454303150
734372162
1392491457
-1132041290
-2008769182
476149575
232702569
-233353569
-264090244
-702846348
-2099963923
-697642611
-1713426756
1261439013
-180613512
706086091
-881910508
-369397458
1521994729
-1401149576
1148438907
353841440
-1174206012
334797414
-1607598846
-874002998
2091016296
1487052099
-1667794652
133995266
2107937159
-97961474
631900513
-259162459
402163153
1445462627
1175296525
-1601384229
1245245938
-2062318584
898656356
-176819041
1868093119
1053202028
2020188130
-1720466306
-1164226389
509077340
-1049102127
586354590
-51090817
-7247464
1119038499
-495885567
-1852315831
-971142729
-1826598783
2107155211
844511125
1901612359
-301566813
951859521
-508097062
502317111
2099383010
1171577427
-1010547145
1382634617
-1536493045
1449404508
1315902815
1665931235
-85301387
1148826983
-1968917808
-1177426858
777686612
-223925707
2126967370
-1844842975
-2145634224
-1958111940
1301315711
1048663207
-1364022447
1500128755
280213254
-314533570
-525328228
1624823884
670972821
921641050
-1039525597
877122690
1002102383
-1152704278
1282286360
-413759724
-558994405
-1473862143
1269097666
1005040912
-660380074
402687673
1369079956
-1374809964
692312137
-1252362157
-2021611909
-326168175
-1287669250
1583062691
1005577847
-978053422
-592341232
-1553908054
-1372383123
85857084
-493196126
-787122300
-297734854
533744471
-311889262
-843176572
-1802175221
-1947539700
1661977581
-671853667
106620651
-103392336
1936792228
1024909059
913528221
1361900097
1428034176
1573990673
-1274806869
-725619218
902997843
-382127251
146860222
1793726172
318169711
-1718230423
758030896
37334311
-973018276
319955372
1157765343
-224917466
-971313212
-759843055
314329668
548759027
-550824270
-1925673010
485296835
1625534249
1166734075
2145563608
1785298756
-135056657
-1868617477
1005423494
-361227263
1079025461
-866698364
1963023220
196951201
131316029
-1247235052
-1884022103
-36656762
-1818060195
-2020074939
-1281554692
2132123234
-1014663934
1620405897
1071815603
-1611389424
960701944
303635477
-681652628
1462493089
-480307737
701077021
349156928
1038450868
-921358560
-1287580606
105447716
-22435574
1878584217
-955375032
595385235
1975049048
-429342922
-1644103924
-1028051351
-861294753
693592650
-360528204
1994413842
-336621255
-1006583716
2077459496
-76366365
-197287434
-1254584531
